73412961428918803351274331619577435336450153365900754320475775223931797554052
8193087827809516387103976394045311663782030830918581945559385402744298054635
26821789294299112074103861608553308854434317178585133200270408564827315987286
100615493822676425412582710176216314179241653935307139992276820849439254585972
34596114798573399540968559462024341769364180293872840472094400395981272845522
11673369290124164903643631230383329530672759584313035476389559227000848453103
276449194405279675924505469416667175047193835931112894972609989042255246424
78370596614785101490029718471709241179863577561463357446204062121055066726511
8422720676136917676529870839076463762659877098466528080776630672551590986174
50392840580549179442426858529874515521597553070005118797426006498704951881294
16001082283684925136246839064530100337308627199079755022318095537813836044547
79094437104721726670314730852132566762731264859007468921807010676568547586750
21903562752752215931723054003767602155514771916344287293830816292008800734375
106763701683191315334829253840611933621981463651792873473108349565556371212018
96481240527314711906247109337357277260761616800747791003596578874355954893281
2371986031101267551887644554056744889990759343064070940017173647761616499641
84063075577967018323867891682396203546579401507936417856886416109475775694098
44330299954694011762751949583425130053944649240690972985784359653609197496470
