53171847031911311491423400370519788571324983084481367015499863141079347607579
68207501687516998402517535784011399350992082611915103788009369088216422627900
99067262122503793324878716238064814265989846053187776314744224601105202913826
69444438016066464203337074390395713655062238122581810139751106223070640902785
28488242410540800667791003289297753718716773247621146371515164752458601101136
66865759306941831719693430070512130031177987919186229662964116372741519307757
104995532565079126145908103047371926363115990618519104529422411503890847099972
67425815871690253799042898991012921370869368401077675957736804954590318376171
84157470744334160094394904754424740649691879745373997388148192818346171189115
87835098282593107434628221591073868981254784558991055167039134114586500738797
85487042087414587150917747612439208769622023570825703562727571993485825491630
95441337192412709384997063590867031343069787527603402186753019091734586595116
6932891641097004614423738160905606152797166054097152953233183693749361223930
91758135114015420581672868276770738849219400046092463551022175506198977867669
84130286969742115322592494613474047253995963046678940760638701310206326044592
35772280074680090811915005550944544622810997521674713002802983117141399415647
77063791743791996048248353256604002434555489320404336907753483415395124649462
69440268693333510799649819400671916728388522029150848160253595623734818847060
59252204036067192605016842764071066047236261409475296915954497783737206315907
47894418945511070756050160634803889792918678465637422593443933898861206513420
107423388828594775275342789599860604850317979915387365448088179596963464898251
34242787300754658977710781522132187193597644809485439923471303299977114392039
69345608077225010828150682017538569087417419724585343980794821234560100464785
25947465729026215668890927025432250666529721715127585215614444013549209184035
67340000805988343792863392373231849856562923494106718197959214137581307222492
32973897580123898859251521238432336152978058353381356192037200769871095942555
112355834318127604576909369323892663049622587353395404705868347818993426731955
10058878363801459441673746650552932992234754584436892770106578207578278441683
109151040525218958013577734114238361738902498546500441721436908353630933241428
89765355637298622716975939889837666115944236744798201566366647569438050882914
11382905334022719221212706546151034326159612645518591295147796054582001191824
30417556142087679264070532656996645041915840988647272207174123730619782769522
48295227653006413213430124852531388680232992815698585999366479774287799536459
106201511707789181399395006923433995752322933352766825866849012882896942054699
93719692585463438422274516914228427908159481712682220729599938932766411368731
16320239372806206162584472408835315679213860497927808770246043235560922807308
28479948703317680358479598546390029900059566052355809297337827828314126382132
70393200132068368279855584194767884595813826575153419925699694730825143226456
67009553106693518187396994743376127172779123563590193889743722063285293198033
90148821812689134600407413670405110393262309412234146669609706025246427639820
23007641544694265071823610368679027126611810058756085605608070192457268768653
39879153589444206450184651763114401665849383977806745887730449820901432943192
79861264146569942293139435765377595822082814299555585225184939756800682262421
38218863165861308992338348846324265871879650528698189437057052900194503798909
24313286546113427913524702934650207115161254682129381592140985769825992774524
80637458427133157601904731712172048665576972333291928975544178311349110411360
19761303020435027275962214607489914674519206105929869943173294982771567717654
53853694354027630825092539395756486815197731682872113071145094487067433471379
27410550579171959972045676708678869485599160230410919418342607636561761066739
60598926082312093415965099884146728297185432197775712424110223600607006219185
41828978326399515705879125497616450887957253522863450497275753294779996343829
111202827673259820489586142402187890144822535920173311643605364358200340697277
16731219739159980678259459147220907358618774108117516414161058389183582180109
44128881704348414770535073356300289844151941170999037353231851417195275842669
35464920494580822400943452666929743639397953597492597334250559518499637198375
110628300398178836166951247481488268205104713249038266904293097004308315193962
59857973087591382891974128413282830917930223201224882344031535562279930006545
68688356531478866571616214705757321090276469919613064534602468794313746461339
77561293253702321866423454827377288966839197822398200783970252647187835606818
55821342979922027793565095664023984748392899210747045883711140221502046511756
22578489583233325599213943646647169946507289447921581224914366081929236054075
59893505590801610355229489389947631870520943850716381359204615090716642480297
89569047799943963094864578238394154576044886189099410567196230014237848129728
36805312797142348615096142191395945302109658149254246351386648741058595121847
109909399442225210522658026088149833233779009383385088636831985720648951629928
83154380675545014648937550481251948201146075445623539076762900636492032573489
88913060310240112752800005643551979764398646355098155095810727474347430068221
88941237381861350092574685298429131199340256718030477372896969094154515977903
97270202292100567690038711570799835421063266563738920355902401055139873919514
93052101332205503662454340203329964761876073082172168337513333114258173484372
92474737662190868294415387321485687539274697951533847935954621934016365600119
30343508965955518088292617091063550930908301202582367433372792218136514131971
28238642954223040124219827513239706395560023648061040527634257027971722205395
114182096749942228646872701377660465674077432602672408381657260113106376591877
69673478540701373976457320817387278951357134365954389550417985944846346538769
2958910644599003048113357344568600031726464649705972902954839440250998713505
99288880872327220536343789612030177696610948119771049376495613034727268976828
104971946654737617999873677549676947664957144222756675390274398377710189193671
12105771056449319267348856892000037406169964623832244138644698060336467247689
57414592204145775023855301135295864784053254684812310521221149292809126124833
17928769240962720638558933909176091260101410433714063418727063258456405748736
114987499585727204275439458019026407290351389506810327713653290806122172971302
5975536591781830429422997814938942224711064727638488081373912930080077514707
29196661969383859223665146390564065234424975527190756330602962933093337658473
26426974114410766360691718573529982079518363846172761960518331848543975944058
90421585135052932442203196997441234557027257579143392296296215171778901535270
22393823801329628766579696888773849242514724532964913714421081718624678807875
83228199689925973688470670394606954057966350693815890848650285081974515815093
22636555537988749764073869189709696601594144684134590898030355513731542740027
64893119775277837222228605907972810680722415497700705997962235067928988333191
54270335599711900372466179221484030318726416945233574887536793181930432760129
5544678356963775131203108362889662293196828335991029402426538836327560934063
61283099625369075239654654716256746048249716876833202754309193330840868948845
54251595804012274793305596246683031908048293127646868125017617639298702304836
103766675807093420484004639671141073290083148301251027966462809373764711011503
18184801204744922744297876965208090446522643760419241109591581420499461101088
45446039719760137432232462011175018856104746085460927690752796240306541591976
48522697178155521462076359484441963090486073625622051379855168675954829357877
74280169431935108564096105832543721651721508288636275213153749476040320483021
114883578422143449222916064823340234387659835444840393675663158190980596434795
109779777589075549691169170700461305912608509422711828266419697848536301266052
28238105703975074562598354451156043552415445227995542665486308712220777528092
41100827723516965979093249828480938607986641532361106284476302086733331618847
102813644175271836103485707930865607818411430707921024249566703900021054093832
29163462837064384334785203506250036745057181065714716728223034295790799695268
48839265897062254936618422920913628098089840959232282036478170193926592604872
34058147768878269387846011480489665033008193086638564467255128057996066376518
65322629364350022611990756015992725370457116671826727017399496727772961985884
83007498825023925323863686329140944986169009751666706575431562927009663560491
73656185288231840926410921489218567390053413926290595255025472279609575096561
88638931284288577909266484394272693432714841843148769199986992939551138341619
101672752360865939832012786139179800639324369465338083963996916757540149411319
19504844892335731378042472015831449185944904376101279404989512993794319903894
72069252761567777586405766064140326594747867225501035750515180799477138066966
10552943450974410261526312548761576139681327127206120379957754207142260944070
37521179444479485734583025934913165324690967131342866123327954392880019199277
39536388981024033484065113813003129152144694884783090683893856961980361079566
13084916364407219244598349305232940019231215469565696184857352058278432553278
29976973248626640850985884029301411657275041156300750785251271551394490388847
53213316149927731748613402759605902809127014648233895755150298612428486461677
108284921355981125536742844319101687964025218058375180648970028238434995316449
53779638559369480946681872108855103382929679112508674739691673113256099736489
28301285935526122021190359028877116103975291884951335120125041795190040892523
51290839491595088867009168028423172769218808935747561747034016703793919364722
92682366246418660710838614392880393157168757852952165560795461250861038117699
106979051461068032028800754439152588196099443825071859494365042787738395641913
104168194158589157570329566992228604903480012286943114150412859945777977962295
108247699767036388992374707228097672524136564566662308790366674957350166640993
32093567452346676949974671167978007130643614375005170922353508753717790671031
102215837602962207219364007400833007810494881366210338960941371813232452109248
87163498595825777565143672837783295330770949330845552106016922683482203917323
10356577473297485846786511693091745002808434289512369523724341206269366235614
84328840804622961903654426647609170005327921392895292134336199338930308754970
28403652932771096019477229757527089888787468838474314448177796726432150319996
86828301223671364446256770662802322486647316501324810890164016928393850686223
90142071615002662738825632190685471754771965557311838789317400514087083307631
76776910181712627621924745298676952544390280157267021597789184020911361392908
45760538555519927210300332419882739574721814545051618643049025687658747056782
94263303559031447158883538982485396357129967232635473699885842006009102786375
65539601227555546366948645183057307505573601210840397805015794063434440194963
89312959551357686998705229271214793147381130563653922196782207889783864174971
97645895054148237865887620934433119637532852969919772719155369196782436644658
90560980838965779938127542350921640578961789999019861108614448443170407948262
14918138434647045961275367424555744526696519381244093387580656528658239804963
102282435551244637438434888505662386834062576816354014905883012934722282237580
86620315240340722383068435779440289826287247066026577208019997240554148025363
4715960342138041582772858105423078439001530795604866146683820308782474449786
38136966093322067704034505931743464993066450578426515898502414620109245634765
34830701831258514036227144747992369051292585276568010394380639714887321182076
112818132096433997893752307528225741966867062577800804790936413505890090169384
63609068766750815603450322326719316089067818031552876431831423001057186984183
103574938342375331003709052391818279685736650798793472412397604382529082758609
106194139584053146432905075594346920013937572034945656116564720566032254738941
7372485872674560188075272840046155392294716402333696068308528265819499099952
22830866209600200809203632498181439482469966278662729508815599766121019740107
72356901244960336828801887617319849095326431897664596673859976164268076759495
72828190199904946398480106648650817821309393820662978903237948645363226318229
88036424578479975330597920317429657922305319485872212615504191079741011607383
73222934389041967613881402284614909484865176542724766588572157518554297785406
15584178182944805852826879446665617526890647150133078305081507385094179734807
1649679514951577484049387463849676873136819798723518083822945799942030134731
18182570111083829451857969599024618713424237167848891835875183793217990265481
100325187566618138699396227892790125404586876291640211258690832538390224502319
67616657349746776699395269087734874544116121139112365553263903044435911445
39014704339962312833698509104124431453243589257239432496428253491323273411192
88106591440082778647665668687161656928640089777235760838319036952390938702103
41943063603379974706835881627445345523938517465337868141655236047706149876122
77426945891784743061228641241855057071654707465879973717447207005863283727937
26388409881916494634983561623009392173004527353718786352980653672897025037317
58476201673044690243278964870264881559830670764970989210805107211037394005975
70957637209697283484106556121510185484039431578050916751224367658751598121969
95134402511811975137240373945085007311246818272152296672896068155385708596944
43296998334093646570013627069167652453169279652554132159886397990430599040924
5036536866264114015644007476784730628805804264857357532140919099911186887062
24239686610968271514714152446470047855257709515783137084261157478675964468945
94582928742205365714781409666633970958106741189783027871042791007694504864666
74850076329670653616754611527996155532613709934930974443018947765780154425464
43242916475670387357443210883866472335674603008055602028825219384059436558994
50874457275674029307773429827380215033958676022518742233289849342893191764960
7101706978718297455313774194071116893730216095869255217712725939549469516246
46364052324406374861068468816779959828413841768086885498629457146672881603301
10908448901568123018956469768220260135722833520614082222280436146340332358650
89673829317551962435687655471187787034543227875894055847580694575742063140925
69583820491229039600160178914393588504517826830895215402248952290038014643353
19815621811081702574657307016724344209551907439787473722498575574393145453580
89718426757025582607234553398941072686286266749332842503115966862148812072030
5450082064310361681383551751576363615008210212880452590268221269395021328938
17842774876961517487725133027550537012618562411454430277120352607477418305776
2903744252602273792468649895298335881960859687905571419961089198397385868105
102940363583135144923544908077064201609973252990405065289771688164301104064490
19318311637264767030499335142052388092682114606839220816791899016685348668509
20902307021122697826023880415811839330988486435524193134111020261073747348234
58240739239605475351801109245777281389253885810580762332089228131128227466021
70448645196855604749818204826965763318016278742867491508531203401457296949659
30634309190959846927154215115768328550062298383747167115946593461550519282902
90384092713751786180546586205224614164008571243189341402382382248828861554044
63955125719990891992545625534389236347104449150431670302946895513546498953282
99536449307183335268873842093583750058946028762284471334314314493041492625254
114362952114503100621356359300483208588107098672541652237486301717869731821316
101996684640483741995738178752982413327981466468103722417128549193749088343552
290149535953962233480501050516821805960799150803559656722173589117269924513
41789015360574963788584190742827446831012530283425028949483571817196604984384
26711159625056965054569318300571822952435163714239619663436962876199067527054
60668197407230889056731389072317645875900823193716453203835043449697875578881
81136355344849339472927812549453704854582016170049203158623461778423588726345
20626711405698969218543469270601292019015119041886348012920551557582190567527
69637265731012061948764894080216716255448469236973207065763145048210388546107
66418112518107041395797409573464806317173069028413680114353252273794884043484
23664710410012632539546766496402237057112618009637790965151043485982762173218
96245275722581655778052150828324504098481623517906453492670738285291515405124
30833710031524842871222460765074632523878910567633809778784994595536227590617
11769407032361912873448285337128694279597363710000725172454522366730691892215
93302188967818817971426379413107942217870279061326210178274802622937254503926
66724537963848884503048159678709080912238976836776475614643836318010707572139
4235621583473693308352978633659016234964983378723253444326410628888804908107
11584305006835788898624693472551122197648639877883624258553073357716422619502
89468040526267919310539276690656719822605187193846724475906596940914946198700
67781335093350236151574267720369884758681778775201049167217381466555097694665
107489059261932257029990603776991968614880150136384431381689511994431582605364
60459494449898989974002576904154616462223912092265108769577719445869275849417
104178473512179979780637804820277278713303742187717702045583029847020980585850
8355019766883268681932189279999875830432473978741496657114718376182564400300
53077939617767613704581771482335980154406717186017773538636387201070761591479
111377282587945556963147139513983784262070302495598734462494905047635895164718
44090296125696912438317954324380225683554056942652748139060736724829794308204
45089259229210372987479917522357761465858898412079951878670462666219324340097
71407270957015990565734304250408792259798602158994641600124108539076441006126
49171736927639110094857009394447986516664482853041057247255273679932529883496
10159345810162462815310494345498822870208469706952258335274799972141603480088
2028674028885593148391596689075112245494879662782448139870817424375301923820
80244474645211735420777761528245515987665829407667226827008724638562583920286
96341401203623955736723767642082107746638600995177706024427424463106061721302
10049643115024974056221828579941198353538564329495398010733758514822075387813
43433257438718514233047607122170259393776608314339950106518648660238341710354
6172902317758410590104176315240990382326037066959956491149121910186836121428
47038308341362898731464063499165086161456498817447878406514136411191178804701
63968694109088611614281383194305167454495292600051304292615543157965914154311
19307391154485866507925458987809831464818065844219037738460723899255791602877
28059717509691069882029116008767538024067954735972987789234551666126480091330
63087912995501064815096709329165148541232788692304261745103865268660251943681
48667244261628358989537265345551222716006300864592377564122807019861910268934
92978816890917570222642264873872729480684372249835287953745333182672146096183
65196867340139626465608740989063915840730357270618129657895215505885204438904
32962438731821298648654716344977376517651482536812769814816982265342901303321
42538418392710963339187319377096300349233200868101312852328501518066327536396
64244467007961580027811648059346263105051522963386263287078081037607164796853
58364626470127009592881793656331436870881688045023068954078822835758727571014
58868473387649586237557188835395690916460364227254744628919294293342536945870
23039471604465684566425660357716920894599860305484183550796296926470007602932
106363270736616160340453189383021125620948425215639942883935419517945967708430
46186559928975770563814981866147216956948682535352316494407333139435504417650
112169948777012036837022385164451425809436725746441891590579482633934090436970
111305674782571621029914927500761716277294685532252513243052768129592108359713
34997552984086487597745498901664379691081631690006799278789681413334384689331
30811690954011380465070218249638245843906014784244932840032268034463460720164
73819834604395704257001797416255065782882807106435060218595790081975362701860
65673678933619347904610507689348354203868124469728252784255497970042895815954
115340102435120183571280788060862496422054983843553397375793436924551836644748
100181054002481880016218367999163342381373785375591988029947494917242411657196
57559785363740552397341947889353807472663402105958717539773023397621886575441
68932009067788342006447371438505282930840741662299288965862880407116548885402
73674637478059181827899082393471316043926906817828958954586374444893192158660
76901132337099239195808083991217222472699328531533758155609101799702205330597
73764081152832115890435520534680631003142752235546632784579726041251970128223
41577357985639959701037100930233139005010307933507901612496156789902580037836
64660778358882751339607114121542607143227653953427924676619386672769003839239
71493527507602720112422220795021904009700553100225098522212616680207114951086
14593881586098199931284320895593772673583470336895561984138845678408623473716
81028050683612268864372580897181978083854477530092511198906513804400012985057
32913172145954815419709763524693617531076315931564119270583591538543677506671
67743007138595760409287028862640469340806983261985753965058479759539354388627
38264778974682503155084314829848573222832274173316839827501698777164039179931
112895037175054183848827536016478826383584089726089108198639650227114862814642
104658698225555112304710722897400888888786690076416575368905352444278245731845
94158315735420008234315392160106332397630311985774074375950285730853582607407
92824647264281755242957396998452247605319786861984567577555224718211502910463
98078318389668858478321326116611516806609957614631835211773177972072325711572
8952677546855259959047558842918582624224888684297141798594832550201223540208
100329318282405896522418959181561019803682913682128597446890125382228275039248
80502932699680156369652671297138856035807683976326872866761201796537724780588
25734456329249151775558569190972551452028221607361626361273643422448240050681
101293097594965941716795494712045689793457544633522197084516435555583472808793
52936572300991560268959876056617162963360903198216948803826977615826036492898
10912761348589422526481046420542897343586828251547199430665132063792344643442
34710451278374044602558013014975945145953437645989399032805086701866314075475
61080327073564361633518849953132608582809189891237063138080687201538740576746
31639734197976951998070189096285110473961416329972964629591957762272142464814
49810867498423612811457757698934448273492373390057172293254933010890969740476
10411561994304929518640406551237727541309725265671516442714013962520154413368
36575224146835857032554089047187267424558576630073422963116700652356529287300
102728452444842989297884554705679665758955830166588786817498563982126324917237
103320617672197842428318995114593561392535484082525364143354963866392596772452
87504407058045082605940140281702853902662549456246635746546068455776611897848
8634616975674790619940836239274447854521807316524235578713835244438560925632
94435535241114841657173880422051558486341141777824428148287350048142171686945
91374482560966662680117266732695236916042225242396458449037588446197488983970
87813051508033321291079743955922207063495587453432948056015482654361738316806
27315211200404051549154532979873353396176782854816947243774164002675700313661
107504128331422325203285589474928123394845138999279759461787707194534990278255
88381917370100881439019371362692828509244305887755021772237205996518776434941
43330784147982299224880062338374485357027915434056389011617631189550550810142
18514698573413243673868580860881443578020190570233260942054198667900527075799
7712459109705250924507429988181613742282665869452048834585481907977912983259
110573904842967543937598643219080846075764972393109800611689016393124791558023
63581433979338294330994486650375890207517989046765053460774833978441922139562
104622265423689166623513337340304546777044785138770033450016543665296364988142
78186612881530740055231016464425188980569451729585380569543732878856218054794
39170366933343160387452612138518705445927914945969067450820520074173089275267
75715417507466476701356242525735713752152223428884386633879272663494592831839
74124265130271093195483199213151894401796311211995685341685460068272984505042
33077219340604623326640642528070620563820543742335929462083528507680365402629
84627397704928244978083612199890182539741145838779450530813712992739521451740
991094138796747788934342445027016355766900027438521281943021805598350564393
69071481071119266472474989859788632417358346411760036801273217135008406752637
4217721565663376989727229906564053068238521399155502140227097313899555274071
108044362730442997573170019058837905153663320961727776194277271577669491157657
65849176669296059961062962171754933631153098755406734693180323327636007853604
2573876864971875619852284233866789430877283350468182284972152790284065555050
4440473515324115279425059828854163157171107616804329043429490255256598256126
58138261812071481012655345181300948629881347615317652814473898526066518936751
8267439611383280132436867715716107303377048165360799958306766948967267047560
23502755024798055462312335019804412895728464161269115621463634699301664191376
104649849841228519280784403138526055059811423638589619354313950753515375727155
56183110513614875488507856291857223237699338893640256575710398658363188605209
19819328531864916077262500361671498283805674014950584367696887619250102960754
22761363983041917874533041919282286198433135883413273146923047545531035993533
92449895076567255433066076144721629765020289470348125482668717187332371191059
96273007322455612389571012940891007435229573521798000034609521886627532481209
86954843171547457267187669041923051196971395640353440001876386783483751902164
21153467615383067188531041676059235527452688872057184814078444189636520725383
16372097256302210949357497351312567183968164900354447638012986781390954095414
33512286608567168827039774014855828133356157691422215318962174055323098056564
54475989025965856669380496097169122977449789286716826726905656153673569725591
83109994770624804769096117947080092139297560680658288036650241315006844287196
88639432720751283284989767763755867606388188978790390769196739115713684755083
69766827680448696989669620436488479985273695985926844106739610156909018443017
104203967513802379810341015552672772258703406265689705735740509201657339229761
71469486660451862916962935774051574339363893158356060058402091749486068146068
22213883101204485389320113128829805051182399627767575637406403622561533000873
113882770121036526796008079962618317544948982474641582451633014886375192507983
1019418241398631734687934906314802173098144571028220208220819107626195491907
115181936811975965035502111262440131013724090968533029368361454095333659473969
86577415141022651241895827335759860134192343240581391992501294532116184493282
60476649816192676011657235581142032834431028755693021111268986272414864850417
70074971319769402120031880098405195776327714254251917247263872551484012142200
17746412080216951712692458650242126641537903416379651014235544388916314445074
33423170184588049856895082274653623202281461980691154858727509750188876052625
110478380633799167957003434336229024523800235567482291870505985505636468570855
30369853073984295128133369950438831219346774420870775885684431403279698405377
59484259561796819872345748466263769655623598401826474027350712296246648042673
61569230189812904278476924363532671098366978947515008045786799016204004265835
83782412296605144719603431009735894491117020083850197120289055973747434100268
35779643018513250124685796055335291305494512931333176985408660721285640237565
43204519562102169376117189391460093000264596675797695402232128611660361807584
108950986277764201127488134572313443387748123107979112649286225034371192426478
61225374908846119568822603019107937033745818037039895434266982331858773772939
9488559929063974247860525904745790242830167052829374556017907123102724202333
64113176325537029857599174163252063160975239741025385759943829283683425890248
97447100198805988792875814096506179904344905451399819705399597445927805100365
108211288427404248814557672770323436558244888296348684427950876743529790685862
98957340843625985472948204975678298148801540547930339941321939508251191336566
109906813632260534751762472322550331777626248652158839493232809215092664350315
107828916942164236553465880332643485995759041126587435213486058125219833878052
57255841420891259198268282642474035850847127367465112054377247626544398624634
54255501205319942489176205860984419893923060489165747016574173068226034434284
19604894012110190795975509459793221907880582409284647300669153713822996928426
103704405118811303594680757841000330407357005935177282028502856437428103935387
115531557223230885390609048635876403020240521430934566122180435347355658960757
89110222058991037697493733789626920267928650190831229787777243493045187442233
84404218749054399386481757421019865313045803991424401110037555937218485184934
17201254661103026685887187162133603856198506665520587533573962111352974792014
70140617842037688764988387497632903477439823787063251246309586415680858716041
10853283428984520455430433558611738204671285238033247383902815925847386912812
6578780124289782031446320888738223479246643109437695101243870279662992399053
90503027396339187474325876338631225563316230744987498000991839913885082492650
21962645563813723868407435400225277041187012765077099935107905943565621653319
12488271969794737175716145460009066734724041532935831092208956096015144806958
18048319829921788326461688332561977225232816888177437817658010523877271207616
5006630563651437922521846540031251623249276633486640605305391367722390239554
32482096860004161982200525679598966410412168745684576192530483574981146132380
45265397867231344052253921740561609437377578224624463560459334783660217727358
72208975316773039869030128614752420330133460787814376768519287205948938832249
79114132557766767415696732038351862856844241925706806295735742901836243877736
21384309711590307011824985978853851689519292566389796621903332121117647422554
75597277133032719938024466481128394804361659208646153304019445739643132224428
276673472469589921732993967409697167965227730499990515373859148513906933803
62147258633283008928236592756070417420617067699456341647161538280501983512548
26663760217423574585163581602917860482605049434220703355638525563276808241624
34810299178040401777240571157405313911759793447888914793782074166407631884281
75689133727251373035362672161181827271922950471664966087084769526909753289424
112190689110564373273766731854943559524624789851329043205631000606357290868848
6343132595652169080512650206851359925862108998441289697969710452713186199299
32521842807140451212737896899832242875503393632452971938585121184040665059978
43181742341179598294630396219157602734846943033562979605346161051082026171552
24061463597658796761379968194633637277255506065203850323693903903106327173763
68141786559319495147138189374294089354872407665470239430923331742001516597457
101357831370584835475316873159701956692795915535425257172435039298984614069276
72577339316279955373882719935914479416703742412622584815013868927166695643946
99854910776712599583499605771989277978454294445250444414797782036943306855547
35575023399554402971326747487858514294984878355353457263913750171558294524551
4922240392579494697176471851662797979571088519660616572592582990445786237563
87929268609012096591366670060184690002817252452838257375923401563558205160397
76734761086300376357660639802485618616292854269567440863880768980025031650337
107351640671758491309723226730095469490188571870196901166019143043637972676257
50309716933131911496739553137035681034396038596354356851977238894102747946052
101657205824135423998868027526618584328724083478806043238117012884422607760536
97493022203067589573918128146929661267909559295654506064468169949643047186029
94400550356424054976422158716641396449490851396579850516494870453524540725389
105946128877561900366810845677632462932160628945414066430752837161410378655889
6773840327199937272467868067025254198853904952530118971881896956460041481415
98739786987505265311136776200568795088357442761765617431632504701648537586466
23735938875916951617417524174387558562126438829238808317367916253608781109500
9007267633897405368503814156738471062558630838414972994107592299682121216857
100595804548767738679423622901467049071896235152288624930277441824343438730799
44977939660332492763467701980878597365945362681688626504371104050868132545831
112209732201243550908122772551244313561905325696126239865166339866518741523126
15493409136368004288938282448520589353018644903543577678918397426532056176292
115267842991957588264671245933343661438910025773870108012304936693747539921632
114344797290336433061224567577254621485865999747076259763378446718655963847095
83448127769850502264862755816898071479387590350437860410117559594473515686233
59391474083761915949320767882822423704239735463669034546057572884928213063596
80152647524601707272059553877116672763923446743535074250864046270981842909983
86792020838666617119435570655649151225017506581356484616674855545842040482700
91363292180330032273848822187798792725848649596906036370622915587479207360025
9804416472405981812937721643217944281500959005998720928278628189893218659143
81231226179721005937338273987969408269102866588205859853681148279043340342222
53508545691750679006953392346860217497061396494340641165686268745293119730676
50478167798170060957856741244488013437527073106142614446362598652140560739052
23924711031504483775384695968587261311839803320772080637800246136688397560828
73133582639724035366677846223951914262715002510865582389790013016982218599507
3761858660452799530959570346030726865114087140318351050455007243769731593628
78532175722865333769358334331289905663689028521107272578843624295516289271856
112687590453102402209999501092251190231750683719312482431335690324123418840096
17386817359364818713249846740763474716901067081114109805939345087490709171404
19688770409247132360023496604888469142193557317348913277661081726911943116432
22639567505025960812704190269680888021208317528700870529434404462559906041912
43660635098920550034337403339841491826237863791136071670465276123023097656489
32077239028505265387448412691447546894757014641517754502457901024679556955353
2190106067633397151170420073960403681022856923716527309434638933422424107728
76006599928228738976473506797468568359124227094160197073057563861547173073209
58738649246341591197921712236528010816942093029161742053494743924910922286280
82053474414935428421680575980374844838022326515180254809927983523558908607090
44355548617062528742275493487512705366417540195852559377857668003927764575759
18110396980720331524671766093489003686093567790916946178751377352111407123389
76035359723676642494726444649794024169027360394961621460689347202060826951459
58841207347734232168839676987147433914357802387508066729120940002794611714117
7023579673798367057583614228432066515121972907851191046651714409103579715005
15416026025720798820130304990895981215057280371125035415723457746591918419605
54594122853126568580064363438374774273699194941894528881034341925484816218547
37609436428918012074672227419438643541588997711941216898584857503779608172338
27100634368810866178011066621227239212943021822434021717001813048965585718367
14735022397198776303015129973263441453624250532842604815448919752661403364081
103695094609414131484353855600787776623032470739973289363179948394235386940551
72025220718528752690614488748410459765399079442325108828620195460544180218651
72855459116490216265463907922085699848616247113529750635239567366081606236990
4750070915857831598348955142173109681463398742212731030407234991907599437661
32866877123752598097847716949260070384807110967821084101049353516700472484871
103192803705421744091521236274651901975201345573744304290195727632140575475051
43760353460091499965277343416615811679652088691996212755455998659781270007001
67677367941079812452046781760060188772261133801843656289555526512260012929059
58123982307182378441616582497411308184854836086591317717945528901728941048837
104675625075294080225275357021114292237210157117445256017232362145319528417109
93977415656274738932825622077196479075209135266362476948514897757241226605045
65125880853417243249632875886436698871363339951258635914731415846423662966438
86818051948893979421109978119704813038294086193467733518553547857558977564609
73111171401982570694053073502855057686760742187379494878077101538670413714340
99153804232305934312800676183513712971144808831281788206642745788186808792088
112499045977080096170242018688419252337023522260150188382846321750634425736808
14127004662867007910730042069387685965373716491456715747189132702477081758226
92089465783131821444230610536508207530261321583313519815270031335714777398118
112871420985202980234969788635547773662218295658463313229057614734214134482303
4107890696084929847677835699261098939416828493965171642542001660143906232806
68527199108505950333116289959603436730747094679066271312057160343140952981555
3476336457827681257873155866918616432394117624837564867969959699017061731644
97484729672945637069973239560685539930540050904227341666140429478898580138832
102751680644839922257985156088396692277407844974049245155572089926055133422966
83983115394870870884740503359103272397635157221978494917416158870600235973052
98418754844277386655981810782160696451199373792107660531538244059053542597326
67398703103941259644540946643135039141878401166741638321055325023998512835730
49464127947091014773421006530291322683637206295012221182634944654671089506064
8748804950830186149760155828360969828538294277777337300075491608639423732133
24956939648761465706570907140163095382636862059243023515563022823808400998707
79683904806399173633456057794778209533726975264789912695508285257784638234787
54049926990268163005212838347278026625919470487902216607012351463685044303795
15206112762382057409545409729132354140350861427030256241933262816367468413901
13176485971960837201645072229974033197264002511228222619529704683039967028910
89765983776219171081263506315063405695200113336495588639312309775284909746838
103747052279296483493535678906363322908482020338970609096486105340532376883871
64289479362221399259378269106393148883261993428689988034965411323819394155118
98129799107111314450131111367304416274360038895572674016204896929529166666676
2612695112688470065357592123132517773186253698636701658093514794360888492666
61388973344514062493916100774487614067898394453762601308361344832407279555066
55746384856029340027904105121548885297300199776786877874858332613420256879176
15686999552547204034576704271691965083291713129411238493484330043110869296548
2489464789437160141766000720606044596918561998178407068107533839881472342331
5705187095419753348980110076597495442828067261696964932807758855288274838011
89944150814722082304123031295524564537930793269933604161332242731895643810526
10534306857121327021301198185465452388399953711003235267464643968565205772264
44051783959516228602065747746380779501547548661110344435724944074403509255874
104614488028312970373031124139761748906663388416991610997698436956881792781482
7722545356950794045675912878659999185631637137126206148293415554674243017476
77650910070970342409555890965151587796753216266801345737566297739924484468962
114622433738332986495622191313343071893170504622821670941186614607140756649978
66378813195003646045419503826928805301943635479514507068027721824682504181458
114064627419503593574092680647254163752619503872001130852447794999493404102610
43421406777559910424873151590874435708937817915595054132426543628692296529342
66735440637593687257008461000867398462241998648241685366664063984927988325322
80677677465786251001070382943011646344287634109978843959642609164300912597641
35508519561181421990477236011447724118550736350446002121168738533968021369686
89330135506473720580470355612402822073676095948100668990698381155393494523120
99029365310906989043898969584525383814359883785722608855920328445225183479719
19850109209419155048510930740542274640246262667427546823446678936576373872061
92136863749120086057424250936074438668396473147645561364121097512559475536501
7324551117368862546954686580671540868911287691590163977984471364253979085877
88278136378430605542204710997497574241101527107912404542252687323498925803193
100833471828364114648550829889654081612660445164858929714096712192972139063788
21232059164506770758915834023473636589443860445915027554302374255539002711542
88135274183299497199628726140449125375926768435310401377208077578382911372685
18176164127981825343687853445246395841576982165238112633722290582672879149411
49988751755990656312452770019683328771567617634059879402482297373440573162013
15045246904456029821659187931253155128820928575517585639412552191984518085480
66516242090699386228867912853946732198547021279945399935129180563121239310382
105021176855499271871709879074769565469806353043395337272162464632843131727935
72737218717402575989139662653477149012136667430510808434738692709703057046917
28503700754282641923510964004896943700060004063403155611522504146429458737397
27205047513604945940080961352690316735704438756060656537335322428264410384200
81276926237555657232580940227596551018929998580554858206955577828887429645140
19878462981504566810197501696834935178726172683690776719850685282749245089211
1920528031511720600926783101133432641716977217301776715432573269772994085845
54277678556685727369537178968410818292911154956508593893304934949794604387820
81610117502381523828156426991440029855856259130995995725860401124781071806594
91165263054750534684806027866661428596223718316965346659430155719587220274794
107213385017820810141386820010361399169027114324286046390382773404600319054034
44737127324449939171544368439135168625650566882105738532073984459838389618446
55553180830987387879314939464991130335465021368398512794673401333396553342758
72305412167458514243743923582792850918947205956057531160548087055432746988392
22725794350681608469896473847237315772192842750696450919948199103717917756518
112387708229026943004384953128023021614066617755688999425676942188617588649058
21106057310325817990327721603749407630565511552175069062235274978362550624469
5737870466161661004208415643394664131460590475250037632545516635951108049435
31851956297055316199542848793184330415429738913151643334398559084029385717494
104685112139871246215465190831292628348852017853717324406254619213275742060371
43613725938355894605175724176346653069039328113327038729115889824783101959286
33225184456142107522197068327948313274590877678831802333412701325478680965415
52645969498557483440409779559805104150461265871970594265741372473582762368664
82015872746124009451497062204502423517290116329527176729546255143494179053476
73578895372617224077408946610098144250750637969022800133751911202357755205786
101896499286975087942532698032805519826414150745935365035664566971606417447647
52284520892792963513718814702432869730285251022772378314186510249276337591521
115285414081559056214141024361731528176694301547684215796993930758862193641553
4713280245190194548366633958977415127236169516482816349565169268248913927326
106695139103668766061826613918926840862605931231236481894026089531095305404038
28067943113035842083208120358427953024144755531945252722065587482518594828934
35482726511225180236481494419331760816249193671315447280752829547219871125426
62086855186320387152944365610205320226569273197922688597542786939616998448824
32768854959058828277530749514616855641277931976162791410235423601174366649764
87233337794012269614876684592135933687890111040880779031966946428733537756234
108791938419638107673701787056361035494761892068259748912221429281678340190701
64051755101040090089826291593751070895135972214538847659376124650442075908637
4825355695640595562409660112334399210778983862192784306009807036919850215957
97310948286985265876552519084011154888417997462520091312150693859768454987710
19093005796232780898880153158561552839276959744186032479947848361630635016602
102737490611732233681383006707494392000530016004040187379279273454778052123397
106012406516413665752225865375410096984130049823629239816712700344595099644992
54237232559354780019737703078679033551574406062146356850641775997205500882874
104452024190101690893391851043678556749727994989004472176687756483256408783022
15047509567124231557229374523282103274885142476192517749760132663754195771972
101010334173639484677015766287874187565173890836713587253566200355103288283807
91013727769402056751743922385415562675185000998316148917731621292489446933997
65614410344861532661524162485914376881945630609576598409118242891377489264169
67950159183567249232898466659989840894727273463560650500392415789886214633447
41902380232161152832657019274359526479872052330246860468126575942548141492049
43639114522527565601593807318397587982043759771230812953635333535368745601446
27754174011773803107758873181208480417474068275398209346808619542709229767284
77366661495084933294680205217029022679848311961556979959557265544756221747654
98322843284192235991490382133108297607599477324023533482430109769319656468244
43146090050715949700241357258400770478011045619942052418252583208456404190076
36028403778967888277246745306901263019776859632754689532558340759136451221491
97650470122776353480893213526578164366969401589520472550232516382354716060805
94925715190232353243057124842129643376191696808717331370845247325207029299810
18614997230145625015965114588093078154124740288091935190322312715904090669424
105739058238391264318809393953058131092647978584874605701250954688697135367852
24475141340771799489485371716032200549802150921719895591018243056578640461709
35072484937200794180865343560223780434333501551321289022120366471383422473699
94289832261324749919062867084501150207238102535315512789795576635668360214205
13891553890547111344715614362667814544051444302225428163527651643365692411910
17156656075558196482897256035968460016639539086148384844884901808051713239233
95896426770866801408372850807460512062951792006379075000226543611408077655291
67460940876826162567910526410192815626578362093391055635148135122571810002225
66728733964762644021870970354145434074716211119239522269129753749259842710208
86690951564817201692864664223446167878768326399128163412433642274880247487496
98390255800820697330946703349099535122773285012016035801284603334552589115170
45124155821375177351144679235469822743520604636905907307862095813995160053035
953873360790441558339725914593859032124863198996492999134136642581335712007
82443978182774313736443255767926664985467196043202683094163810366310648691045
101820307714686957823687221085584572655008387166018396330306194170757392023303
78625824415046477035702201637174985471901066029208946543644959722173636624670
68894068875364363360774088243076285097576113471135220032169288147074760403432
6274855815584291539535219496311357183450423141823465609952847600759255649762
63604046276258410456843287139927354788651760922385895048738178113347386972681
49427723179294204735060285751482383456522009818784959171055839282836614496892
24539850713617147450402004261416844596655253930186513700205509506179169891297
72661195049200653621094484395147055284861971290182488439500989821809846650783
105489843350405355775489079158087755717223666556882370694282613713887122192938
6846623652345508099396750356300531223261705036564176489111365260997951338227
77145832878913594732221150720546313429844326328221971051715770304046617886038
32098388124328067029741836416339908999392881598747368700244452596074352279566
38682453846081562772695323001782195280122754818053798213823009005834965142719
31576070870364674953056595224202956415669831496486971284867955098762830966963
55368373671202699308022925385830992276086077106721443199915461388869258704446
10478441675103527250940517679909941082593752278557221252074803339190179000981
25789368647091128395202232552869403750518874548780468305644024858099093905118
16651852753603924901829014823704654005215630253949044447214320753475124044356
19973221073730873582333283884407600604976896824028575787897653600072957069646
38356587481086965714066143898449655455377440087859218575236333053768291581828
55308717092652081045094243396781763336539010812606234304360574166374299557135
98059046082461916817058567759820838816091175207536578114485491375565335352745
105402392465653806526173597402410025501281929973707958031293218422101604278450
94831646475004023868433054169988102050902135485958288390036762995029992204516
73035705487092189268394858977932859802994774240275746706147585126725352937169
4293554157183255142419090721638546709063801736541206361221194905388317456229
7662146940348786585882066573669036679062126610614522363184833921264282071436
37705144761878573479149160991495490667002623214178923531444556563874581623047
81020225330883891416482305689898185510469018965972005858297009090796671539797
87092139106458581367856520247686735482250143166937277328670263028770976045650
113731793728845276180565979582588529726512575393221035563715882882992578114804
108756848435024781229663076963484082193994539082170396009302738377688067493044
1792556596167086558140716386588687603455758092243131142216877818361863667381
56633171201568435703522653766389217089450142600626209935217559602069308708995
49607633712696477453336798687618285519719950186712720452683942817544677716468
57918510398688483862947416579727454769812092810645679798704926245974109163801
22016990510039739277570214879067016138020783629199916845932553653317042839504
79495053985533942578072892420324344727854579303090493720306145915507350758045
62706237388753151960259408299010274234676229886200591422032829754631707940732
5357767627028076300421383157692281609022729370982411074853458309183703929319
40344175885057883926565038002504878213431460568254271930581633760392572657279
9448596292489797064713215697352522854326066248443073440245299820628258392621
566660902040149021637057764737038737173186524736968523526976959297239878007
107735025413055265399239981788911352747251986148697973660330799405648910441680
21089323512425843569930529719797244555011092846061339199575374116453812227302
23201358391472707339182470177201201465393444917477086211001872007456133417610
108413423931863379197918379326600197483503099131398759151213742783067069892023
12826096184332632109777777018976983708936498397696883830219905346100244479866
30617753604121377496756284189432253941369513380998865006678789947922872430079
35165914756103063917693061810493415168847966789531549915969779266807288472662
107455795480560460780867059484399024292962670092546270720099095986961687104581
81804714464157306600214868712995117293303574346857457344094979294685805289069
108376669939909725293291733860353081458401560518148413781532001442985550953447
61648913015575494533637270259805229201190064490445401108056970250854034478379
26726656248665765105291404543516561407875404386426673022855160868625879472576
15884474353432030053166309531963769707106885741158729140988561785990172040035
40827503265154709909751229187518306763108152642722696670011124610140824076462
68574219813926408997104942798000190626445990319215445191028738249988075217966
68785467957322605519304930408651091384371249065778948968286410642518181290385
76696512040801885758977893747810070730088823476720112790442159522545127636507
74199359002043555303590054640505513706943045572441471357091116368892714180847
52661478260474755994118537831963485981452005152792732251871143055630245829445
110470316606130369770263674742623879559168540433918547843858753993944443235041
30491447883643004469376918371631817160478156499494206186670200643643827736020
113916258381077046060248902873026593556813424109601249916785342378464768572191
59925454926903127542272490238947199506264844495622754652405091787582105829705
72203833752571064005400503659291484238933967324687948348383234396541162661815
68323831264078852679516860169007587318793309814989612318971329862900453353758
95868993059438872138317582305257305214753864447350988138188671978250458348511
20853202399746114129576832881562012456595279611747309587094367587245508848779
114722928517212634634624533699185063799659436305617955898988476496196671407230
110312601143489887216372632511586472740137067741586959547361794822618219153591
90887862780007605511667794168358929627944472311553603796280876200972089018190
37076016392092664096011916504833337450939896797321109349520448386152288504069
68013751294839264247505192921807362586610196923491196683480656876233946013163
29466219492982855531245538380205737504481149886841264596266883299305909892765
71750840250644687504740466362548952005316046174907345728457956176546823962973
9529053873613307729987310228626222492587687545497331828568776443749652658621
52492119644767373734607806509209296556645895204477500350337901392186391885551
74616540036418937227400100879690823142670257290032036104178775315345462154308
45225496583583846635114986005530064686085405640095080327266832712739217393455
21592721020732820693044723605825883466011578947114417150562219383846849159004
72586313523784815436464656759850734454777489384413149032133593600816162646785
52943903709329387744618213222613406586482163478421114353038618459966996759780
98573172263596027429586508220145697465037039213094319208186885241914898632457
99195538723508585162775046573962210058257240214457394162716775085593025877690
29959764928573716717114800100012599958127832508665878782365131395814752092396
68798320858668731182076609920698959075012036826032813225186164705662473183105
8418756569883421882666360398281624317171162175634187464195333455296062136847
61127729250480750181152811270073161831220967415927212930679429348162768812010
64134767908375062427859307149354202629211771726090845177574713637983776763727
56821281676351723609724665558868074698470393188269783315294915334080192050727
85937587757732694745553891645657747101230205690347767101825745511124582528610
47128272502975353195052820897291305287717716624918320619409829678437611670687
112978668718976194953344066736202381332240123204159435861461254439267062987700
25852422918294271560911732629376636146714055078492799295232158395728966796850
96480239769838010946798816491422582612698528962944786303931482433673055083591
20858397579203738754162665205010719159969310781831560126016969750738655796507
21618051879843786071972567731016803072582235748202707347962209149012085605509
59607987708901386472609243978558901552376059125841851105326065197580325751993
102422328546876091631547934042432091136416853725759572795188335547569677034925
89197047093360420553289569420592364118296917808682145088024363384355199451383
33890126500239952861243088785662375549317634486530386870311787922337833358651
5664998303154638424426999987289307600189644577637623752035789601418760135834
48762267468663924777131679658295051871886452177311551278170996683212757468997
92697208787521000264780222495861702294559692583087712105040316487955887657261
78443746772123040834204900150402493269480061551256659649751680368165871366465
52872603800172547117407524102695024515538449379869091580699948495336320663239
50345963218786085710706694559158292202872743178699253601680083955765530341808
93442084342744078956402254354548221247414845563352952877804508741299964661728
24977855009618115664607969435443684265647378921430099779589694610676250225956
76698986525835121347778853468454033397902568587097500190824713846792293900057
110234108907353901265720781319479180286831198299389777518720002639695794796232
10086696233941930139627928374947078701441934789623983892715422080654837640323
77544151164050416614755486498532819129993908482344344365501216668600734505596
110974707440612105583270106324185000527029012927893720714682598527399803123314
86817910609462796400908277803012697274081459760579439882337370356968033392038
92429634462168920506607735071284522814977325788512880992689460089667453886371
2510774413355936973457664660561241552209870767779572396900455695896220069719
85426509646744833173620491083468791188783717465511069431709574967057800807238
81946047917778852079462887784566204384419985059146839773161102847565645736609
79437062353447419626274041899944323788665759011961014050987798885875954797799
73803700906700131293218000221105679731380947819929328724151590514593165980723
95451784434972710954888550058480743503244861757218633134129381964864583675180
10733521464914826278370027924232803406682870106292420250116974529290662739464
107692606428829302962929997588617212997693826571156145725651331738835246251162
30498927117710552319455533740958957561174371188743468550300918949634689253369
110029357611967688001598516235098945717281784308529700513550924371043479608326
109889715959880148597581641232039109244919100136882115394637834555117512913397
29272889981443407456412745406845717889890538186352918580233450767381412290566
54147113950765452030201424582919276265534191224198258371773563093514700763315
70790055123613768975109498956737680532673308418282182407363478249459453083881
39402172872460900393952695622757001566362375399638477139757429513837123717055
89427672720439786420930358422939948731513614767527841516053907908380281988183
25649182094156299589023844880284604466546830681030449847025334884002356659514
48225845243010997042844778562229706938456803112553840485601418737378728798277
72441378469134355344705216314088496422086599235109797835553065932254592787366
94615420122162454056500256795727606688355100959768423709443071163270108695993
106993691143486780357014290357850224167928792362005008615783568513010228766938
32855219554745463012152749836911069584663661850181145293408119660147151005692
33208036327336163954490958363075766426805379189018393391223296349251961779747
3269105563585049452840870793698840668680765610634292824245380031358618396831
49340477159160142656462101677592336192556189665246067477320918738187931125695
115134929015491838216742389328693526850699003267823324423330543422077434994647
98321122685482008268737909834312498643753449505590200343353060114002061390923
76428813113986517120243042328104424242347760670980758002083036544793755860292
58824583733133206513109703826157589268351044511186050370766028751729923001468
23821492650961914377423438020955429825997645872268267528728777261693535810750
19007902467660744778977007427748583421594248335085092257765148934961315699954
7738736990915501640701557036577789404807682143246113841942010040199772841048
89424287511372835324518314042428954612320920906708700863426137201638184687160
73133548620271939565867328082771181524922474473046204649574829145464407891106
106331491991491186913609360339425405583144369328244206915005327060413482149721
30828748744333437379657986042343375976750006846387431252522507553716810636486
97251439160278456333746981719243821441636674436365052971030156722054751124115
61528280561941608817566943510422088057929268068906281475644714785970395475237
4634881759111595343389361561464129766017684508345553055109796432943091315454
51746727962902402860926977534886414816383542331660897356403037051407545138739
34100604805991500893224528527513502199070779666163709359860456216713317095335
16184430945480447250676457220926752236005740091931864990483985739579163116811
85220971876535965699386010417528356726226425608566405526529975993149369774213
45947568836008530223811362139124303359968217972474656145097491946028828459675
79746961904340320875382080388509522820437229411128630639630742787360063163428
81756913187888355015614345610157998362798391818962768484538332157119053578723
25849201770555378514703476567191987694761056716970223367588107462078602560561
98026374168254392515881659719325195348199255243116708847656790357785284237270
70054218544008911914047574644822102184571475779001659940245566256164512085705
115481964127482499441361139376095042883484053936458654573010961582907867893683
49969599971022161616774446383651858176451822750567596430282898476889464067822
29132147360721923717232110797090933631298102201077029554550635161103781509025
107079558923801204582002496345165563967639912896340320587912114508113764923139
17561463009176063799683422248740978359566649491041543998581691729823961174159
18090068494837527723962385162954364133848923867006794600100565680424009880480
105672104297672597544639877422738689801594045552911204130787977794136601254856
51884705153556152792052440276041324114529055298504440328544636842870123250984
79291605311331638093347938447517438245618918037685136552807924623501364509867
61878534704057590919580755624684182875251675613723487760503880759398886865648
72835913013698726301001426027884432623222930293573821019070979751708180533123
109325041285739473498263413391273066204863395903859047202707639497920642962661
56466465472333002723090514691507906784914368147859974513198111724937401691420
104924990954048390784793603600828525554671980608099806801795258184613628878328
22771391372356759255229296631286280278271622199052007521448207322341852291976
62210325366643071835803550615751114038616542719259418148952152353289571340202
17747797782237522260931983990624066640763959010299328385461095392889160267379
100478180233501858994374642001947421903616799747093399210950640992185894325859
91330896731478634339229311323665398805652140969415070735067585693646693669160
8556496375637640400564376246226018834911137290541739004588162206549332097897
45939654549092974526495355649569253067346464329881269580094815096636534976163
98421147137429582170536419308306424417871661159197143512158576499267767146681
35868372412241140396212323409278520148295904644740048798541371683966277462533
106565867458729167112613085947644168280417844741005835068880885150301125375484
3124107090095861929628253846670375603928847654677335644520443224892052560483
1512602673417172613990583054270301573356997028200571771286032728227227366013
76833889274428348594001362241575585439035442194295830704689809418927551851718
30020481496591197096305552120328221552871391403788287134607074298389279647804
101106725284818078021551732302646216279863439421256901831470963430438178779460
67888392115789959582481747482798223332160862188066611532220203084723910628043
91199564454664264882933232126121798100932317982514682133374027511972904493740
34987377230657408446398228181399971459528079120936812347340047842928896257310
46016336195307914504092847251644231939905465769519309402781630557476798125546
84900728846200775471121997477018216280748493319032639682364322647608085039941
87586479189914564569300285847955954542140013927961699531743715381223141982552
48659340019583796861939423883578436472088774534629102324898669516233904267150
110565038117131292465622161858327372185295279141086607457876055891114584543749
23862254236878298472323374698903724859521917953125032507823958053873408881962
97975120612683503109917797634306036483832232467413648673148633556751515401370
72633974673494661714242179079124142034712802898437235009431857567543920139213
74797015926770220963382942089513737418647556581358392988950723096163921007905
74948338062921548723449780409516572963239907095118257653302937893860974568481
23153244292899109222866404362166703101209622337449165837630611372007521683197
64400218799075231006122122766616359514235775488849522419841476409759658421570
15672369998944776335301986833123616643303784813430673288152357840025868076310
95227000696720188790497782071919713551615764650595128176710110996303477532592
80188937784984161605311484362176963020963143727515260206316220726486388163320
37264722222702917393612929227008341349889728353475076890220537755936913342422
55773876119356918887926717961359777062301099272434911315543613817916791519623
78223329348034721884540947865428626197102035668927723716722472063777930342854
75112128917107232661790400145554827532119149020689879444998968026609847911316
16824212878361396499740354958486311543021171742309520507043495101907448342457
8275406242354705260217767690249922919012388936886980159392739309744398689528
37509062648370641546083358989449361994658699427133842450113117463016611309540
81734399958289441106959452151995046107875793638177639266718392111526377703987
8093542140947929253072156855049328467524758411123777612732833901379424508594
109122075653670370026332318840146453197786855038893495525267526282532467807903
53666734585737876548770304900484035106482416595207949449552347594203560218326
27100246528201195618079399509175807666831814373152670912242360520494513244448
92416721433939516967801745592407465684962003143232243018141190943203123359647
73425809662636199014552169786238845107102203677481776288404840358310654337263
7981750852479189444555288367235769331772180275276944850796494210581972896084
36777055649722067203554474732941820079623793968309929645100744415020623745683
112956010024536224072945566763920596523325171122120320169540173781637130087513
28175853270610702078185235175521424940896622416225872395337858273686693107918
52052915764755343280512825664608952468022443279641091339573488901768399877149
36001696178165481343734928523595265908007304405249201038930252657479875146854
16926775010663917176754345238353410402628222428976080891910250001173823132255
19022798474118843021804785216945250135844714993562773352062542794125282481030
46088405715997954305335122985642537654561001047871846830762348343256971327050
52122972975220954128592450505251466428171442122809036206206382269343579534944
79094745414272731437098233948648613755277237521019652128512119876719447385891
28653316206473459203610636534582949402824153648649250137388944099971339654164
34720543567517656239672640352597874009395638827912712078311250384970639960820
35696122615000739683065013789202740957502705055813792428812497643356351212428
6985314803125253242623138228803674370797882038796710566858977162192729509631
107763907076657222777350252490868004382858327559472673377611966928893638529223
12184459597405521039651876578698535757493959419008497787340817558223660716409
51893288194247208661753911602097924354284146320583649518572807910376485501563
93678104534680202435179476379331230011128294547812188912417131816146178647439
20774315126901701304344324690630471878435608964576591563664263134678890423940
3371189472967696940067193598166054183948465355775139922051795871953421002007
50237929345406432689244933250473906672962742336498905755027983997381147271033
89356694268316648466112377019973139356239836582254149557723744783381043940946
55937148732200688034089757703831654927437629147718061192491105307754371312242
105443228913646507701542321254723609713902134244182763808916263247755488847115
15562520969577294189423990640302941122307485251144749278012902757859245077892
32133473127102596678274974440937832193877325900315405936149629174039429767233
39587920878833552109909271048477516055772167664702442421299502833188391448138
61992254533493837978081568494516498635375776034610701812643865120040063834236
105118702352763018936851447966902263336804592493656269383340889870035428427862
93212611201970156722120242266688530930672613478831332706463359573388524349449
24990040270048686565197971827145065471057167012185507303647560167254885998597
113943519737423782781933152069174974864466364327645828714781954358567509469225
60633822572246053955761223466473675257298626679009178764525225659828800995798
20280746033251190890656230526182337344882094508026969709764500397378921044419
50981007363958347524326503991399784718201582909052804488269516339304552281382
28204842639655489161669938807409767976197398158803160039422552546034565444182
108119695119383625046230641699323568361975925141612179261509749229988417091178
78970622154156842573483532996974200884901536441034862334704302574713774754952
52222443766838065752040338420733695425641754209623994571941184265798438558674
42406406627025898423690876772353772067380329997450648332326475982375794325983
3820254568972755911026174778830883719499951274719091332989438142778484330763
89955563393735854463464605896098178303553804170340121270387309650287819793222
48371249523632149697397669144288132693546160406298634577228369268011901139798
90535615621672125835962209796701076893315925175665602399112898875530457046191
8923936533473776298258390319518425931109993960936055905138711306443800228547
114203294647432504599620207564449568916790766583316213430254795955713096025645
58238825564677595470328417319427825717144177016926828172155201219971863223925
105891814106655363761563810111232925858005868150138202067962435469541842621940
69130661354947069492548407396746279284024144050373618646763652096683808376654
32204413742282070425781869561803322718271216950417942143775018341658562207081
88698161702747889287516800831119787849089602310810057356866133668680648436599
12892686096886876605187196546644416212367197975939670831705049560351568656902
104819388563415698338549851662161533921848484303474075700160486261169220300445
28249063509956001856688187457880003465400922196727401165454401031344659323926
24671889276469429552531953238129760370874919986455606766254479674713821786153
110025077861018693338363803917936653575359001684217179212508791538999185829057
38181147276919280425697689402218757398023081479724390710119130565230206934599
75087433501728082452209426458642989303971182253420130800326878574837020870502
33854483103778773090851898413316533782716546730026942746352786649447834514099
8860627767491517830262409653698083924351788549480475837556416558495330624643
16093447967738421438764737912258180499940688437080521476859035087567096783098
12391907928753453771242203847464929174071690983846323906023432211254203787546
113399780233508778383040332755350228767618762690956019514631095977345018449578
32055432379484735922559732576631345982842351394413136642451263721181325972258
102885932710949319190931529234908626156565909600997823514314899010605768768483
23272779322132593370854483709106356786486317854513305907566539504324751233792
97593666522113676071393449754101024112858754884494694496426377023640593745218
22755731789751915521476293263076932830396399255088725464199810861301938892284
73806777364449161409685916606642696715673717344214217826036913596239149878484
27935296596373992644652285200285560851224897280719777848332949714232861201435
97076041943474051983917539551349205137311361690256896554503656358661165730791
52686620139263271196387019553435230073892752565577598936548059438585983744669
27329544508041154787804124941441248025864580212556783494217615542198773965980
752303511908016940429368453803203502186007741856179315099880668469127019841
115494853193163647576206980919731750080687025667332462426929367896223294910028
112481782059727983498484611947278358542402142658440415451817991043944091188013
65184930911843957051813695763106956481433320276822573930403915030557203213996
80579936038772658609848944572951942885774396868232047802087621625036916889759
73471746834438219931360057283877403122234552845861648066618486187530318710795
78418226209033591733951223179701737127107759515671107915118783650227362160360
19393850284447474576912621308836741317245112120940509007075925591531160967391
109332554236550660417028360200226895442810758506601502284365530299129880244301
112300429152961973391808077954804798824072227872871931486552004721159761934532
98492277830974097928270395829129170031913453039078963580910447294902176124224
41168518682684137031512310193300756520900246470327376646111016878998518588693
85657755848803074548621371055962126053468307608232125847710680006301373023076
39129434818622862388797244270051982995373206648145464768838518243178225109084
18304466427673100462252102226973391640658240802628794705210250941309853971831
20932295271694390574312311194155433448973747431796214494247184570842490052202
9193433030101453241697293084794492866855182609709763942589798057975324713648
5433070364703957962983652011014502419903878959004136230214744580667449822581
80863158816771078390826485103731561983991238356741097347400983835617991811842
98602273572060492078890905375534269587258583127597493142035073553686616059217
17689478459505630174162382190176858787674693138426269683430505326889923573121
21787735569173124346666097622148910415601836565642374093846793256789600417616
107412152936639972481863298580330188239797125758373013467858797762930340694243
84622125137345056668622168426071367865332529030989360917152572319952877436272
36537215035576039478305403621774842924943334191669085544989157166406074693770
7184778732567029258516977610996019285453212863001099090154703185427330984814
87803155779552998873346021917136573667635831007264339500415956197544277488764
32703219916366872935049576890978948234478350545323288487132899160471887617234
98040151342145745422367869074829517398819027624456775402566155641734958258506
22517702938448900604029958104102763771494383759974755622396309906059845244658
104047770884130849177770756245798707287362585138783546763372942057889136687221
782829638667442634238123790679564028985367792258559451871388933054626670382
111147417901865923096552654814085588337384373415888480386793297581869411788453
98840647929070554445175003507226627573030932822498069034845369365146910203050
57982438645453741673542792425433968907833244476510679952651491625237468446093
8826808056014457975810153613013110343845815087878852755452828413456464570310
104112893385965463494727415113475349827621236454243851370709120153443467819280
53034635966922011083328530364773125133092591005701428933652858799325513825304
84401174715168299083867183131767062555168656373009250634659709553514358813964
10843686199159864433532055133101251693253383711280781954557628719586849022956
1258723731572354687146029156780151672538095181689241077908677534831317073796
53246851020320431348083433838348143983709881850712186185986585140921204327600
114731992012659237664582144932413458135396192530481842732662624164312099611755
5797256717993771819774803057903415634754416153342760302540457826628732642089
87579133214933165045466550779968284757623801597220981047212923558873590933132
20709727075995944866791165389000942049591592321961541565714249364901238548437
77560753588863103912670567823901714962857037998074506876952739833325671632472
75552777358469921860268886635882238267279333447890601523101638228070731226530
38028705861619614060330151844327349218121623282192230244563866714577279886443
66055951473187249174742060066282188674953402251306138436084307584744317545016
43968891752332022446769085619464086975856303101584599193982937134794085784039
24365820147829468753524142213492606566150810211824141448701809088593873625095
92502448796157899005643428206152443842935278086200694944826158547371983511033
21354274811980802238711086963321659286319359709572964761259440352172832419001
112554231281331172796104704279857025749109216119335138139734631466418640961568
83287631067358119151485068809683368570810225031362352029040459267469898910902
62059610403955015910424720606837081316942937809851543391981504499069579961327
76164582607838763918450140556753972989482048007828993619770338800056017479394
84709088592654406410178235965427427355763810583380553481699428092892760777207
10702193504685136420177263077895201128307776754789422379075054783306225030829
43973085146276880541314917669799518240082163153847041195831038613203398295422
73256197972115141989048390071284868841018990595953602765401650822318633544344
101554944548337614730765397776957517836683946999333029582256667666058090906458
32950647433973405374109434010895679346219590193506873298605375320996003861359
