57206705496642290291529362692017685780475020723973156583099472874701478502016
56363344797259681194665312424411702690778486062764929000297342668864436444026
73205255613981450683539946288553655914390232105292016795717879819994141822172
90645066714096645405147770878259177354466746670013257420434098708762786114819
26317981011123569983537495674811119849074122165974952856872680161282775406401
63347536148333720535980534467989167293650848261264844182568951318577243978359
75588120821180001700068138117002680083704276819138111493992283124167535609999
59372301096818199236881273254472912791412862092796893166602222996587543121120
17106013875357799165468178339963300075368572365906942577879836492070820088832
10964589884426124665667924871288120944621582386107666260536448221970597129420
63654427860779370879460036350401726605150181437269290141165581066127441343081
73693329515275007632684172803710653828687348187051522768086085483210472454556
93274005437839470200075284830803543273467023407943253280463340379392632192345
86273611651671538796548713155131351976279119091374962593605697101514845886433
112972958119457994467804218820035744956789995059322042956018404518240860697320
34946364329490487500518210847019008508623352104140207171090983907745620433684
78724295328697954245091501022919440866504198936217196748371402909671525223586
102075047818896368300772822159245779797132067634168749475733837719692807799275
21456879264703527285438288417528834039803942076137589329553727097925565018168
74516693410612452582788802883954362818910957467374593206803628822859782738540
72650601991608508818717160293532110162556135053377822308479278345076212781583
18417184546231031236155281706941092284015109559460971171774418799608990629895
76810665143819255802543767158575545489723892126840817447948724824000338190058
93894056571713911809351628009147257468329158759563590006076626955922747508628
19674195855986499235020022011835824434902677122916695610465792283782575384478
4349326681299949639541691298845166711090516741588543309000883547073216184555
80335693107649509746147986213451934040768542841480809824178606420563804324492
32820531040168731827626959471851600443173541471176939931235446991078857132533
109869326451490712242527216939802240332982572793164377244147678443623303257308
32678745727949758589185151662303035265914620181568827531055905330583899515509
17058390607259356260197462620866714668785912232093406974460384928092579989734
89576332881438814445081360722480533255505141635614852523901040548351493778072
26157991023012077533829662755463932988454595116405751303922296747200706205244
82583785422605838160419648544057909125471351284951753137538363166656335635407
114488735276569760105997731915527681245925124078766634671935673619973236162223
44451540043080896923209366922736648611636850332190050731238545719787304348918
63174371085485880519961219378753843253673887160933554412683230240062926978827
40356202050356816334156161939969693672475029767280098916026391747231565673431
4297182218779844759919577762548666623390486801802186546920628221915653147609
90788715060119180461265005581336836403306488536317570469337845014722215075321
58197082038462717872414077940359255412235633882711082942247180458355744517843
87234978302035586132900348341166128770029732485505884004514828183582862486475
31115308505291521755520969234310051747337789918129112809443246628017751541426
77630050478408752985558864510138057721401086960933733916536836484592219744681
31264615468462319324519806325299339460194138143530304972706830858544811382651
53034971486495798468849652702120625309899881755768291876608154322328589522498
60847499903849859823726809995293789116186431106004171649787751476907390744982
111526037271942569107932684131289903129071413199071754364055639932198961700502
65231102748246841417664417262424875550599450290036297153389016286946424892809
22786139801023929996670574862101317092960295646627605974973674411022279352635
16880167330935878267089428034368856365359274974808036383332035995315176666299
438320028814661693714860225709795939539711954475875198763083824788156199430
74369409069868629032553645186483734102405442074827055828373026376481363958855
30330431943703848359183687618994676534911083022654588541712866803215353570817
74050017953347038826665614456118872367851057176359820271623407793955451204105
77451603844239890342284492354603622380787192509235587799992506943372061954724
18645915326275225962357996072573584868079999470490333515027935164492117780403
78373431230138917824658862414889957579670426691244036077269122939536473076890
39144369235720301269742182178706549785569285307062069795261571815964915109205
18088149420353598501193069184203337862854605772446855752335106210779063730385
62288833016660081024279110979833578346714484953905007810941674112206314833559
88490678894847484632103750516707764803979077516170406891516337610399027919274
54459516725827477316439191613681692398243594636992933115483332809046923545267
101198811300603599944166902202998001426146820996431076111890478948947610819489
63076321938915603823749338493662378391654318510450922281834811018335222472036
1595880277044676635890337434626828547962974801069142974849100466667208871857
84638237437056078417539700242107871265765335546012688130135809049248088601815
104706146409691981050080717650818887000368957103581321157182546245734844987042
75855166518415752953340358599043043109270455349925746564124427120130286813210
74554318240183841006101283357152907093785201576215094912671263638157377389440
55000317348915460694705141399067792431841147831773001532513216501755560593725
61900359471633417820465117478190724055053561308277524796177327814446371532335
40450345174499583408868703179604608582569100828191150331521411870783324855360
13252013714101001054953705432506459814216331469401158680140596519265536499264
85004296712031599698071552682285186208951956844108094466454459826765451331755
52621939031714257121190512391949916503368025155618785486024086255154133662116
34635096796312452512375119960336069854430817344054268649437455714802830839311
13466791646361157805822720985722026045295590912532825638810604987057944784096
44478524175441289882382517257685052635665427405307250645975376132102157849435
13817923363619569096689076637119825923582616179804509214382759007147689268013
57706724474631874734024023915254726904664306361800555092721530174553677203798
13026491213287106313897882862132178651047042353522672498892873169983627009209
43230517205978850304746515918666371081897408825789818533696525414233795237892
112509387431034834043522726786569983873170556747726504109185069013360027830416
9365125641574709871114842989716938372046172185011085257597982924863204623211
22263056078788955180574456518291806416400720628956833460779447411778324768805
44983826689501926592335201374695815909150592212845983832862830371550157159107
31794982348178284437976676718102831653753063681276369731603886735126988230551
34846497629938483070775438316720842968773427856097247688232880288586540395226
54292741298557953473334198298764756443389715581363777716939754667971855855019
112109611485835267784900861593636549025498087607911067088315082589175276836451
81122421048810606818251273604739428480311407799843101746124278897521772227224
56565547225685293244769974765797621429198909088902811888535095215090663828746
60506661250039339972136203961850508358859493895291190596140919961263496688525
108980314690047383934330100479496408547635118445524497121414737784179685608169
99156449560173171528761380394900174204408041359434313184045518223522458449262
50671187831891369467745135462727977171707794527042150248973337865502709167075
88006615944862264041085281669458838951340380539818296151344361039171268685751
71305073471346339535510839257866725535509917921652364370673576256727777198304
77075683113856280773865587401222627514809193922680047671546322076020026339193
3926735753034934248151169306093449051846330362292654908835378418123130984014
105771141944912889660962646981625670884961740162076277283840968084009411934611
43087283522659185692822084212230629132350614073208636609526082639546569101071
3114171408209952755969299705999513321531438467711521147958281423310216968870
28782204359706557048418290121637705996169993024731412715213246594719198096782
24791989769835827969951130461356959721794179574023825090150409747208023509046
94443515115353544238103001126273029898140964577383000757519914373902886759333
64203413771692444935081256738979200359971882908512706589425387393730069696550
24051075255988555392815303038622815935752914237520559964341800015202011538757
101302934663676035676876402927396280996911635818811045834753896736713465667510
52662066962339294685203765391325240413973243710721640498235569608276192128916
54358111397548211095689684275684761699560253212651907199500654726321178308117
22119131976219718136810741032719089898697804266725041072199405945457931572721
91233112808082503142591618640863994857702255742403255294877176658346566066843
61040911162678870719932770371841686975958569060277505508800490149791421170665
103405057358910344882519602282709642682284732318595198449726098405464563322965
92379058386102107850018174824197218919976040443737276688010277505307430159781
25247444981941463785582938765539914098400506407364247364356364762492451003202
28416929181814704882648669253472280925332687795567108592148645858515426020831
111374022830591920312297269151482936979600959389517579691303262860096861375095
6602158954844703880256324826571371360589536081498795988728538710821970900454
97032524056873653843242569502853332737480568013703664069426397384457569725748
66103663209324433404248464482820912159216032874015646238789624048617294825984
13141142426216525112580106554089695490699632038526848950227360339054869119065
4676196607288580890494597708940224109889153498380972127625488706324446539999
83948367565917150780303898862173740636570178243435265775541091320667318947087
101475334705101467718092731881181018261041635918013890105234233619592494254856
106725070667368675609930491934257500428063767944519946266174297102843540356011
50524112723772051909365374375012334825815660667788447975604707515775545193990
7403298181971083864821992482599095419168113969702572814568044541952780392980
60561761924090837602414904149009319193278523296286130639832535606347589346858
23283812162419938002427646941999000104293057557454696194038231940288342285279
115195217441345770036649346504635580926606797207400019364082315990042684378713
10231110547070827670906227253788186886953407647612787089527621862592643067611
23269652605191664195005601492910939261094508571184776355146061153827197232025
5620769446116572067769253858513034770730379728504233834284803056618358034458
64390149654281037389463201480940962438481516086508880586928202274819223648437
35740527996139887678160632011094153195174990334629475049358506723015252964005
112993613372895601818540746722361288210029136124523231640734905592439026589169
109449757730940325558092009860694070737954182518781613655198774626278366623252
47766294997741329249695232474465325945256654164610853898424144723501256546983
109849239556565661590115680476323666859606723596771885120705695940470542055046
103169056359837102594322310208451736306024707790657726366501752463273736652048
100789713574894061338305915713023809945333144174610417130076761395516694426285
97110411166340688638413725305554644680132169213202368308027835999682696502929
3409291977888010430269798944072840932439209422862376982287824903314003548922
61747699898136862202361468785683533749216494893958533853844991992344669080807
52445359285297165489339966284447968370041500986446219624623544746038329682732
89008778439939105584726448271669657222154628883651889369150512747323457795151
48468594419621874231842362172381882633303926608618090322991328585876636008271
95303226969883959025631418840380243993416769423764700327838997471042762761874
8619046504802903949978355601255493654822965391684693176928333698186554246374
58267472606013278360445013735688212958116934407337226533235351162406201543632
44254041093543625740431120083633245615581464429141297650582911787200203314899
81648512244549531076098974510609193231760188948218843670759850093763610209532
83277968845582454164375868983627768289643302641306252423343671401069259906862
115120670156645434121258377586061840860586627456932357038001656525939319088169
35030457712806375259089193686733192475325398802681535994636537136218964259759
114754320368216688435156640467509857908508532410139479384063324432756573621715
10224612250785570613610240392491730337721444471632382615594250443603464173995
39788558863375619304980242965839432232326676677935491516484053388491920804049
78149369129922326564378354349050433006537113781430820403314635817858610996823
78963239792271984202711121029474808471000053831704460152212160471077549683206
3730486255006337596863275932232192210358610707877942727933023638930383232456
39654389182557306157843190121140296438431099545022021846374308915165753969685
5187676057032236156551472012564600871397430423154203010815060559594674347669
98443966534258754655286985774511810905335576516491736230756678396524119211150
70334213272527478958115943466011359032943376550470066107756173109589354954685
8843341322886060821515862160638244887763851739940495025455042262210920068315
103308669812954518442861776012423908771668060388820845526616255434667676484697
21307571620755714248198241425527583530053920297667722206560439967689564781256
102436516581048155830655406790950998710247016957123909831810130951528505990425
34746890500246235234809176830507135068281412866824259336236438893745238030118
31551126425471813444207747481028860427283092010778009111130567708947490363663
27737912158363361697810242244797590201889136096935080631389627820761968554445
30616561714670076520334461643033839635906957316383032653909846721013666653624
113509370671832966565451865329394869303630006063475874062862398516396558568042
106237027003700893526939347960452644226397601685001098713622324679452252191309
33054992956552609939941499452011599545765872445260262586953179940950175971157
72052974518607634746749819405715752810999765807026335798926107081788173930884
75454241422159455319988340075800573522182093998835346895984236173987482646843
105214533381454807734873115215408965576695234797823689914567192138550371113906
32802952071764381291366249870219490827210943024589152355634519909809986274025
97278592366409227814780911420326385869405058006197620217323940042506787567593
15630248966096484830321611693475367625441785520828785589682393730324799951017
87089989270247105046995404061122993511188768921043690110441090176293383863039
76987707533888919563384748941791089416814868089584849983564903701987297215698
31865028131873925991815458302793444470347330156701822660855104576762901693002
5003835445561899789160366121363502935548602054872210890515538815895081455139
75103532057964120973683693774879249369431084684210377741892739982850586291185
87329173751726103146480424640640113060741622432037569283735112565094658052119
34132513422009639706222385133527137870659631245058157795026529427076331168221
16546092846117298616098569484235396751709624310804217643032085786080193448945
102462912649148967070113621188919357553060174825242576819423026243949425266228
43651826178599519303321464983750909105252303979335423880677584820965277423611
69726106098422567054113964754192751198587088181349712002236373407265886955193
114400144870135259234198436407984853628569550172077408635585874758522074759930
82587202177597729978720395374377916589616269293210544147399432371719687471293
100382298492199603569001622269938532541627144210846911528657378334283601328310
104703649845273414149030376904260824590916484544901828897454996575103572214007
72175107466873962067252682962282382848297844024667275928884958213058431138617
113539816540010500611090784520810366577736114153580642424329278565426625974670
78218087007961784052271487649874797797806285705428196243293216098050178612211
36374237660714819294943825656174213448618701187674492089410013627586227925173
14404195618497425556990784344629206749270759910951312903858562243946852766811
27894013710591337360743611495590082912375282620282786922963371473896998302259
45013885029707263301611340099103760862989159892727336034256766057386756228397
25570344285871357821520231444985196151808435071311435233765189322066959965954
112395430768515354469012343461330991999021824033303076679529684063156034459205
63273567781415399783234609268582916674963558585767507021407677323093380093784
48916266082691141358758365332157994587600384990738849288376287953360112295127
63501256632127839204995950899540483968640625268591486614885564690374634261718
54257214092098629570011042124746661252136293008173730752707232065282005825123
40520542909554089598121067820571874101756878320944097779072285482970751408856
95011774337189280965703776060091660653198636013384961934927882980879369359030
72156984223884239244454040875422677368079265202703159220757403227769899067491
106224915458669487884504351352878510387568730874551095027676695124093549587107
68141823976806352305091225412096403372626574447358014117038497762910659487348
88209863775141203028873064630532728412270524218678869364833345569484681103883
14734275261733881061889292309617841833625349434599735289485446334429267240069
59208908616556169236981109804942425624476569005633329584971677779613819762434
112027705800925202502681964380208085773320859599240772845400485419600128224798
4274476323818648717367465890903197650018738775284729039560976077332454876211
27503928910117437600340542174930368189748431917857305852602185741497770418348
103363908714224544786605936492116950939714744762395458689045691762216460231356
70267922532987894773158705039530525625091703299730059987911307409586608968066
63953940016260944125100514622781343924887532140095777554779622536688146674800
84396229574251103586142689005425901108547760772658925471195153136596391264374
73293381902056033985405034922460679938807567425972410127183269925549027055849
114297190899464127976034274842056045204676945270156751205046575310725148421108
11885553488901961533401497186303208861301658154328188301166894144978680103940
55560994761503105182560352867505104030506302689130935028637066770386036782123
74767084045595286086758459874982286318012639991926974243857603223962153264037
39292425452566573669137043688198704265086654641391414006598305564457304243109
35186299121429190919462800735617106950068201468840307156064410283943876025521
41429944704641913145944539732413572332559942536282369152005519030041536476292
90070741603122520768129283381798829775134352859984492906903703076731709256836
778984608047596862000416830228321356249927943583297656271882040681583735188
17071299797176932214062945549030453998875834601103063749402409772456320779113
83789705528861796270776436358699573278297934558336616137863374341297464316525
92982475554117662309150822116090801741416826706962274968824176991249911359222
33310270779160799091320942724961711764097338865044256876753569705853549627123
109917195416238399466869555229670073918005274804939634633775877921879653509471
104080403591858212009578410124565756612698916581923783941347164187985215289031
48238205193982643259866984905716856262959278373247931509828295822009382097359
69651847947886371649325476572448598559812660639516619352867894648652252608801
104199719902144399896846440462612343800609006546227779437396671421526079271839
34281309270154329545160993687261006744931719996833908440771526950353204388165
69416706943480365125314160863521421745046716417034871782942159692981774576095
28740329680257641927091358385350728937155749876799451663988075142168271604494
109777864150105651653863331721441945702420011425871771670600019138447861550631
4191909927790366676077044130580818036921267951295028485996725323725322091099
69600100871296998065957974907082120199100166388713450839740458573044424283317
79171343689738770251556461229562576855972247354458653132264290909019973056585
50364508496791713274396394673699773487555099557416920789663330699761928780195
87446704303854897953368620303591965186171383586303963502493623175804743656329
74206938202098000001994776029095557525908979578798238655116801234782755803031
81058488609992364453853670105922405769094263043860271565575648518578783949820
7924129736788443803935030379966859027111993570744107820720692751391976374113
8599210318323795281728150654131716015029187499831510102407741241943674722631
32671571855423046265329450091360859197976386264167409731113052229692343060254
83640270014767607226044003605801883119473927036684100482358158888393482569566
2869103332256468059668702568893056972096868442063619754288666371869794755677
10371380723356367012549472215754517342123532982554365566042342877979725162971
20298564827036043765937145753551806523436427270129014321536590936661711576114
110382420806533143835946096106254931593465479728512897428386897756365980258186
70916044542928932958905501848042325482020632504751177361200258765589101171206
45499481653748776212483766464577570317183790519915749220759475698503651660324
58640169729760874061321214897327176547592584781373789099914022472821686872601
1513229411413308013714953392419270974962279395581625833596733885555544513378
33243845143241153023971488460978139881395583325726168295221836708196359753210
69002805430683965102000331074055869752775616965396382887239048608094355684816
96291999248460535663530076177702258056701869241009060169140769776543952154504
7465661594518394616680086230520151900358465083171802682633201517249171255399
91443798856878271721311410933273925241545475413768776001881904035554928135405
68294683692885288393511481215295882668409467083271202610293766752961692459371
12062972525400265477076708123880031965239550386143398435115954141928487497833
47767961378675192870014349895703416847276965475519539741391053957448887411320
73894207886603934000542181842399829220011671152322100903679757251006637344794
56575192333675635947640647516370419715114293513035578490996089038853354930437
61527774385425226538714319741672716224051338595856279886814522050033586433714
110542274454579739004475392290598310301502350189649092357478938730576062998717
3943170326390369506905562043833914390461328255041215681182758627010937698283
77455559960240842981736020152994334694594232010383107984345229999007350209455
66476528418335045253218320618145570429702704761584265876133943566357456554249
103700621594908124786084877842344969853915073835865575450667224630183124831624
8149545776561919991011975272071880218569722388276903393953552418007917597705
10966411092741085714541315632086814411860180068626958352199298412153145695461
73691591341595247830800676165387185291754891182793869795795806245803827513462
68554417442961731822857308405420115094504989155174348279919492470062463728069
87694068807724206910496670190755400442467737000272991352493735663061800855968
20605558184889451448973209240123692300730780139764075684677675602681956459267
75304924202167932615894298611761907171516600081568550495788039960837886838989
101296894844729143031590846770865548288993711486429948530564456396382105641805
11758676642570647707970060734548863593278434567919188236881517777069263964195
86180993361327303492308587832547774352615563834283869550790209592676485922500
86931125553908494521443702377315919335668422013883078309232050127891272965
95822578293979038112571179755489519730931988455950889274422384584771905427774
78502185143515761520314964384519272436353945465189003866845185751811888540413
107576282352410748393921533728872724266484470465386754983272901217750582666196
49898397223140923939944194932314122647290776265196124018781634347846155303077
71801466059986838661446910309830401633551685180385923930438649894270194890061
36375940221854619989728749294342882360037123896784474978705467814815915627549
49349025502898124715775706042227946355641551939307233180497599994023167856670
106352493320917780110732072799109197380033957610075571468021032792002507917990
3198017447572334446775806111685629046749671278608997216809218008542744968450
107347638516277628244260225514269028797155788122433122677960456143069939553744
54195075320568490717184012056607666087499085720350266075865982652722986204952
21875219244597334343632431972727212332411272899527124002254314995648015238813
19797138133751908534839106039129643517294243858321921331367624695383882937224
15303147725621287537600947447311180094279742315770683128460346698443670702676
58734164372058576451838583357066023016104150455092694507619989752407260981168
97484276658751482264209132054934069379222553732141180408138263250079303007598
8204195648237242782179349307597957077523688806605766101460874201811290261082
14500832527446859174841980282503708793614686718696133247378197958061926974899
115537461610047558835588072350745983676566566464551709498638903193631956389221
81447018083517530676085381612700162349229218580969736662604354205207023042215
43785085368217534651956425409476730622816353982592429847990964753026740802982
16102790784329938195443897464314508825433134758174517806889739151450058469266
80068223272461606304039804120318325014245184128053705636979460143618744446928
53146360697314253729023411812142343545941707940201106275018421641772694237940
103067467756270072895772052112609544954515913457854895588317772596108313516562
62342287446200785112252579554012174880256557972365582084506756229414411738414
13264682833767771451934420591713677046498381239863323069943965846420364480030
51044664297996699788265053821834614940122431296761175706881848737230659089361
107571965872580732703366252256403425782397913893027898715401552220590467362539
81968294287403861722602532515117766120905218215619624928864408981831806887519
15066073705531987144144914997897910283520447604800917384877316148269863070181
21005590270147538445963934359321623479866306486004139769135702509977530841878
41823779536951290231234427551313371566328845117348943774131089304343015748325
44905508600008826647020192608543011510534332531479281900162706105030549784950
40653320617565096782524524505525367125934765308525380608128458886612925896182
77430640353960893540434238552271849743150691201489157922311775314347742077331
11409712542942840790293414623303747644484498949940875611725035995189337605942
63533459769821495570072142443544670338438595767353118954576229309579072144089
99870485259631910806166305984099428493063821324026759501367990629300858298603
6959849472487555379022145775991943185225121274160986284150973895653187670676
23358753100047152639879782966920598291761779959497344839876980325362226218302
16928904489039845680733458301460010485210946302516699687783363094619227153269
74401934022694631494426234466016959305054289216802780689272462035448338245402
70863199399243430381931203432207947467653169742021004322863353592949964682298
49903593371855854600964081113255924783295923925018596852671811282285931206255
73806206113228028446890696673182715218178633937672249830098851142617013852707
114814473279765228355640901060062914012119856029563304286549011426484477663366
97463452394853221173086493913288834964147375347970479620323370445156364920789
36995272998795468566116232164653719994579590284471156853733836786716574128444
29696028328396496385139671900036025127028329866701450685615126324877648065160
43058856518785502789366412447405861729089842071543745388705616205754994168886
55188120608165490841028147277638968973113920811329599265265109387155854689716
13424061137918196139234851732055876415972136029766873433158138247994264372973
24287571950802012371696469189214759581123291621925746982673754015857411228225
58847479593076930526500128257508254441238990095315007395683082156019780119247
48391179603385677107782794408860100681818149584604051293618741990180041464261
16259065307362379388256760982975225549559412071951590567149165778005355623924
11911780006959740677736545895046689627427299130274253425836232117167815699663
72147415944126116413880070379788209635709868515886800678908920833590856927017
91521852204675649394568059014128632671888415049639498301206683949601431383198
62059136453426943188998986591698376292910729471265427992999433377158611201937
95648974555963662521425734477119834590923000692807754520745858267005611066611
68541584460654178204259351721275233839207817563731691544674249413250604177476
64985040743172491447021151859754842488955180601267977111939097959525341982809
6629407471775998024712656067170990242923913041200887137529690663412126690672
57903349152279032663213858593575356890551981806874927040993815315404466691086
20568741324536847462357446117156018542958270559146636356823866023511268564255
86199980602139574878624374544087562886081046068577337875169673057284143340660
50098847293325520181935486994664789637370254468985773209205149064162771003681
110452772355970665732034969243125690940163503551235041502774617499049958592434
30989421885859994549554627796728003229872901093175718766915994869338903905581
49727639463143110654516637354466000887311399775420885117757422349325678594387
91191343126265607886214418236676374306980943277376193948031994421261991243612
75440149907414872958265734411076463775638201516220468311980524875313738467732
113912916482484011627941934642632033557239385071818050643402074590017714208370
28089900080140657994461005188969319693880217866508619282199002563746719596586
4731714713775566169293240133281442886405576129703819979994924848667452652021
91959803351417428815954740348500652832883636364152921731298367253016612613393
107001655303532581267092865097832336731141922892079470656021394282402798249346
107275504184958763739648519249557719318248629831089629412941237307537342259109
75727490550913584750436084745576353227847776569953159204912304176531970529943
21915169702847708830232306434261497274937101910085178587834722510717492382777
55961343494192595249234388703716190659140951981294710674167371143082305799590
37334024924885629068615649826420167187267059661237256986589908894731241929914
11510857207616779375397650940492777822107918977649730162710361885398787421700
49499570007938752602431664708563199632400237960381042939565413742036901202767
6659350168122297310869331285563404153941961435374221912487564871728930766426
62299196971374470715683192427739141521137195435359307403724999172460461442622
22545049680385155394254393015744484133850926673672484580841712497647771865884
33109432197136794393163516930269696431015154024360064484358010673010879438164
10353195316208249536130678655996643917649181887219493634302711892019224195003
98595192980449379882593067933130220732606332613337292299850427278848283970056
68349393418001972496972222419363342647892240905665785312440801309317960698471
109910977246575077651080331956680124405883432359710944638226128357206110134788
74195856289628251569562769532574903526446412002095706563289806148809651322155
52461351179896576239889749214281490932286901636717202078173327443952551923955
108903671270659119279225683133653356291973569453400668823165259316762222304552
2550534635577624649352969779261197677243541785409349033071511587017629483228
115704520956698687112291619558259073456880338618774337175102732144380022792735
83412926926151155405303440302631865722803292814435440511223464907458362694645
88688515913415380922644896687472684556684136896496449028625708707880312435552
62869281059957331503687369693749713472493593714402251365666802844360943951401
50329921966727353833683167999517923370097520874454381010842212229535491691416
60768646830477932737751071778468874527367505513707210575486991440152767632980
76644602937239673146362604718573289545666944224967303992683002287456060679216
82810698641944621648945371215953335909356910553581658927463919278123745559585
57539853815095857510477548921136361646588495152509254560782907318695878751081
101188276834910221607652991742769826121668577471413872580734097799186011841802
59188471186704067718955230647721363750611772531129387210272717622408680909981
43291454530404929862759301661659351537061118486515911377541688354503367934132
11723542090782364264110628434219735580259597303923501704098274428260386147918
8070564920282747600698908617691477244918109039914757537825134521449803995196
42992488522611813125706357315050992832405514664024384658255626920819082761428
41544535173125203802675841449106044653908162383852688126562743105222103880968
40631223981768607254782784681372304696004285906253781612079863488927531930214
47143917158944102460465490441543957535782458969538713120558486581420349258618
102868703383082050568204457465533092155540447455455330095636119744331121513378
19106319210885088156761128046833096102677892863496752703553840292118209797535
47895206352483900191382523165572019444288224036685070645039934598690022191929
18398572378570141363577032197994712423754240148106171206195748307017731422237
102546994868851147460736130441078813362176200254434319860364016181760170311220
32303023429537392251346391799239874091955017798104777376560862006567380120497
49265087733187444370583825810176308562952652273227491794993735598755104847148
108575288750810004805372571735064400437518007088609472309956420737436104462507
70615800291953588171485573827637501132092634584205574815259040094708993047364
41701252624987672625898088218357493724842745367707262774911092410657206547047
90431453289794041567255736478391022308217426298236325539966118213744480251070
53966121393992661074476859355693689195476646913379008316603548645888812988978
34075377000779995830362935633402058133402578273780274921822591565589397716716
93999200222446103925287988598351298150040699404948272831455639994892421105445
77605747954295066766653659303307959238061388364541284551257105485409583959944
10114192783645999376375597640086885649815885321626392749950785796521356546016
69570184188763060130603113337251268117047960250673509355460560808236002377874
49719283885948049565344056899161468806796545882715794408145106241048105821676
60560574326904677031665440951127598553545931049621923261996509782051137979968
98331023362039569613956918388327434198340791279632969645336951285481397520664
19195510364573282636058989783030156517277773238151135796062095512873489082558
51900628883556772219517068779804534495212173013681795860218775059048281460638
37460327128289100193776429029535582332401410541473559348178440906583148099404
1192371254209217079642617181998839594367231180476258152197932545430416717604
13501463161314381745177084210246792186490011223262372374217294548054969414106
460288118163389743414810602725796496739954689266564867138917825138140296323
101345850729045131361405222638110802783992101303996391235131156617097602246045
7596074119784412653629987516072243733989387951368654645179986589780553177904
74644525958993650587592081406095732597400135956550785319423186373138296369309
79273047317361565976956319275551135629199562099587997973396040006828285429580
85329171634244857073417611310194750463896556586995289653473650228370517825640
68825301782596678620123223966382852415741710268230231755274153895204602937749
54881059154863022501765175836461441703851989295298552120607157340622921608951
35334477283294420493820651553183069009662151373430267700720687725455915872365
53486180475178706653338140754732007837502436683750296808273550087789440815217
51134681033122680108826559724446248009676246869637216779025931084637657971292
20789281040378240049016887624683339391915378151691923390018682035333151748144
104275209000102605189976327133637176227004125746979795094189356560815874232990
110271551381937925016562886244294308892896798238760352284416022165800833024025
20338988601808554167804157431011474388832999011764479868160987654014591734336
49468077132032272562988388603795434384539115894833491657497758080307412453802
17142024912570029824674195926960052810402362197278957618370437731693408046920
109646005579644193027967062933064516265120709794224944903361140899242049611386
59335982264498409113525991471586337835879009056579527886201086729463081241719
54295856638561428695608053848068555100281626162286676125853133915589347996077
112555618386283721953655598952504771484593962746349818251978101575726301032585
97898655904199177171856782706216052731583506106305225433876758573742570228518
92854145697670246143490672783676876604116397810985285052388401890452553023871
38028371733237982844231108816964426617908656517499484155234075072496685542258
67393552332490308021432019171358961917393439362498654329515286387034571396682
37833563681358891611929794524508088442002268294825231925742459278165287541565
30035997109891489927262243745047204966469309458023814336881619421566700410191
93463661904684416439717780071285825052116278859546002312136494025880772857128
43697652393292593690345235822705321726787597968854255666017162307353041558962
17970024879846068581885855016641021886502405548314602500273145046545957839501
71211271759780963719820090629729925295395313812131428408133091342839330479138
82600271926397275668742456451274528631799555261122349841748656012587606453313
100581006823418620899348458896524804796538620523406645129573653625744071892413
42330613851446475003273346046699368874911608650777720981304455819483949966437
85126877976346822432406287095864153793591683254587571524313169649953732758094
92096928726171113356789872335516420626243267497878826882606074952903273547514
98000494640984897282890090500355953083394925653129766836207222916936456909983
59010666919702670500509107064085241971705393305515767149080599934293577873966
79686700407514057625200855601251863818659701714914438281006225233585010435741
63287827457682410113448484828848660650270787037477238756101410363593984873834
34558698557868221312612304941415203559068040141490890463086697765259459617260
19170490719546119050405251535153403621076376722741003721826138127933722433980
40591506273146119132315117251570020376025312877752957602419976276236208437183
76965499434234932841272140064456049145940131806263358568247142398466427537738
59996892656003612677948417139232511830249324353998800428706117698543082979297
70641388299919419429837433794151925005560019065664714640365782236437160664910
74655397363609332193907838908697923057746797854064506122196054694753835564278
9427989528604345108227117222601613085040192760417130419344248194603035502578
10975230010655277024540917280962363891061468343827969847619564257359689387358
38474942318600413774658181409253374693100778046547812709673072354154828871731
78594693388387839841673616938805796101414327804427586079454946738224056978360
12209841714433933380102886356872797102607985929355542470014375586606792047748
76800613276031310135828075620562153954101740147118069633544838444601522609711
21410543858102109545728654130364049000606265622681476321899311824392572632252
40992995110025098631315439330715518778672876452208484830900746590687250865770
103744263941231845067788868925464071898566310420525402052676610727540958196791
49121479692021709502825646600194828198273037634829932363553130782890420599503
38169230922304091853634383623868771127922805405701609027777223696866520332426
75955492495200040048882707004716251959255237042992193918533673962313738282325
8447675945893403890837449647503891834054113676459966509286317246104208994720
70262078321068529151811112223567783920538922593113272979728435538419191048222
12746000294928084570468632256837872566038552584837813532259700275808683200347
78977759639748818351746136056282942014896912615918643827501254190037937675910
9569094254898013730524035763000856538198210456920685953068568704995412008214
73960425900809313959163153883511622739602939743034422663252700591419918904585
114435802251481707334383664093732458514650833325204420540287562057793322602268
57725777359803904014006987879797736942161084404196744065522054445843879730713
53976062090584452521490538897082748456243281839964168975067878695258746765264
99205508654921945019616251314304157760665680132973959153952184183692833031244
68257881104700729830490542111596314201935739666323833956320288928896599584340
3356432152087591325334788396845657925459381583275850120207304458422361747029
17100392799566514627716794254379402562978022082617343517160960447044488410127
9233442429353656757264473470256151544262429200119299909495030341046995578472
43731222147825960923299287471513418704021449612159052692056596747200358116840
653195765690186757928898113601151633994385039259328597501811262924674770692
66732045911082934389321387072289002823082384037531087005616800299835262166347
64449489032933393301072068157249042977354797082860763114815171823554718330661
115040186264849825482905644344321784682528685045660224081994132088105078337002
17373957378906586320548448699239248805109802924447837442291447393533191412338
54061137692887745180537151810058963623432159654460181004737840055797450015155
65988891151564167507938937754947431686466669111427777223087105618623140649239
20114535515580893383887000793494103094818346062429729795380998190997622188805
12534175661987260644672295348083762624708129400716401627710916359357026827593
55610105545407528004696276027271924464102164855796376455551505496089846709660
308231685743258757871887367501979407519459567936777404969590481356786386711
107046635128994005829888079385879012922387481929902842544751928230859029784745
39613757305193370788550902213510401072547284321447684374142704250977266541260
34064700447908146368329620193679966088429336053188016731719012486001067930167
48955665204670455760976274239902788195879901204411961698605564567579534473692
25356204860131596399415048659363968444847710695668762678346290400862704610803
81093770922054727360100765385760573215202005274531115862291679290000154619970
110919642810767715656438032571650145257126817120202934630271259700161821109116
64812897267140970566155359533588719617147656454080259446689047245649242144845
17886186692520113278511557377593274644074926304260110384481749519064432749449
45677051734516687684845742237450679747947788305633797749755020260332087576507
27807972472689362892592818922975782694730362761483701531497667171807393726861
15688154230178863466619735760221268499544935203523013975330646706286421328328
98860653846224803121231496524769374263483182704634816851271629646408590958782
48921700576802283943870352774408410698663097537105006094760487837955194732562
60434850696846728477088491184507181024936338264680271065576062364366344322799
70972637489865759847812295200623363775418519266071608747483530629636831065042
22338871446126617591772479693842359412543412659724778399732240351692008200744
60880482291085987159901681111662789323925430505910688200400114209853054621295
80027553765425608837985711508834637600538663355250183199689925331234439329740
3564179348537626009045306776336759204714777324431385808750736731541699214227
4470205106844036112656075008106599274091887715255880020013371075845290623923
108244235924599124136539313994962489509963662279499518321321580907978090024365
59342553953700429600387335700073239743099697175635862216689524375347154111197
108824124369537314019530561954883757793957163253380617515024547575311995175168
86415018581254656258918011944563478692014206691804834723863300625762849764576
65634330047992624170194254204003755058344567962085381768859488689894253324970
99506745541353841213244191264769342492119510470904496221098464038818275807934
73470853875324055884774721590453189758568550872407100330503360874289130082725
32047486495340610865001970486998726630531314070705943254038599237065108180462
111548229834666545753663495500661158248978350652690921967901082140843024721034
20617412810847927762640471869332837779271910796616970571677140565471447824552
110322266862651554494162855346501972751931275827842709835542701674873783482879
25323344312086549596212684176737036250434930120117261719042484180733554626794
56947391770863142029487218656243910808222152541015154290989807043120857078573
89635016643007994790240683536781772721702608175651124831199154129873816456712
48516943695073901248053182508819809762515463921015076208116744047254306813024
20780156310159469072315023482301649926258074888305731088094988946725901378678
105070377904464279186810319059161358818762066487785470595473057579733693527207
52450307980103006679880459604130836815558019163439409611564419200448132689505
77835969735863210455365491614722559782204515518605340088745831145967607167276
39732977620273788706857060673661814172500376776029050480706993812885363530428
83974683340958843160579088493556418629924289793600625611572498657736164000029
108594261203293760910357358729186192511510674082401809877099808790327913711295
54027064517031377845597797797458010926308842625235719149733398319391633793102
16763473480376130894624671501090484901575985868644872560774849062680647021890
41741509303011205002543338632126809456319567637772190103247691482327561512437
90427162447121781481738607855714134634483211955095062942624696681554315308544
44989145861641601861708381262448621680277463184865095532394136032771069764734
11932559237151141201348569583599758495715343928228384086064151695926297345341
16982285130158928100478053446047673581387928069055934319039342596231417896792
50988299008926924291786200639709828991408344264773027356826531630250300696127
69134968224504497011914376878200273610735969499390796275669373205799647862193
64495408405358291775827863904236578531904697425040748033148925939674946923636
46271182926695239817162659822675677580125668327786540525016936350891617851163
786887915440728282979762256649750793808436956795699922432628859501094444966
27210416943915509527876603681562309925488502489087963893027818546043011221210
44130877276032759335659005827473247853745348447165339804050231892760376558746
7586977261978996784588945144892688125411002232147620806092955338537737971509
20486848843137897853348723651378064470268688237326312473267357756996811214773
17664824245447623498495983052680382895606948426918347205305402063112096344752
109258367266741492272789689601027546144872266415687352501047692224859883585281
92318384193793932416235356710749527044708425346365513795756046560303145074857
95398570568775792568764403188692170380181853054349502078427036440534717697082
33089646679073105426558716608197103330142573707767784014724034638304860230436
41852079079761566790687126586921346322903453327641883712925130478982582570953
26524594365631939657590842343109333934013677673390052102691968179362183300208
16300551703699355274533115608560176098089393054831361802217360249653216457494
14068329174351980276206078511681953797028766213237897419394250494065804412011
101411463700625812398263738112924275183424880725179159932547028998073770086905
175732668210052189460279881446907782756278648387481218271788626903735387374
66721485720853463071041721212834676587177844234650007396823401884664642125782
56946622577343277554446557043952512766617320042659085503394070632262802624089
37779492784886802938691591529941188081234621960659932782419927356617132062859
79490900479926895048204387697692071319126991063137664957960445205276016107258
11760207761366725281049623227962480186661668157673240079034525128889891086339
105928210918822146444806938039060276530059175981440083400631175747469526653907
7162136524479702473572506898925428340647930233064209618250360297331979210540
114300835562951314259044803168867846068242956216267424111616293060450899912572
55792153274148664156042658984152446032727030844005645143266591849592773693637
45734355238433100899098369170785531174186341271138160437819876232308920944454
71549166120995300960015967728294694187080017154565349976768915922412302014661
22164776882114711405276304871051335938371166617601030422632348635014419990422
83300930285351919332861644308704557463289512663695128235790183861527845414375
37014533206422436644612632909811307159931473238538408601080374440615799587007
11245834337266555851698921714958610419325272910677513445110038524913202030816
66395657228988920366803841263089894305135812503438910284482254604650464165636
45263988130774202608506997370150547642344576549338602118933637589114698630275
99384466487998065139674432117363311033642709779109464188945570757476652793679
82441748567817250754433757502223793039642899999425181525618110111334237712702
35508225852222847164811263632766445324344389578717017842479282107485187291508
71011747138514554018357303347470325499461147837022558911716901240919824377948
112186255250846262841895805424666152302644184573140398259878253825503556347265
104893088283134119658519192944294821812486519476721572351894757125613769382372
114700599375295980189048467852284072751889662539945281662795121470709519572022
38167863500891500301028867075063395657588778745470427479004891859283540749482
17135809126998271327834002850249189460795850568277774390724759203364501908368
31663171837237342980774571242315174412662886127808107968472449146716603292169
1681564534056922917622379203864103210318119620198431777992653560939740181502
4224754662401506387702611149306999306521234819241413758081732942432035238600
113917190876686065173173817998014584123883674748373510454965321356078495843590
60265102517621444058289557613607710802357545667078542903127779124332961040891
83981862457393255628194687338556055361251100705802259891905167594394201187667
67789675911271967472364787012163574155745990422136235095603869026174038350561
19598555852070363478366377414481268181124192933779035569548922630544539742072
59290108943167594622476725766237196120515569884533594608805270202136551251297
42741522686863119339924413443717485849033907112322142428597210807155564281175
46704878216621319185368087501438239584981072893930878677701762098017385194067
47536407321187299658639606686047093368777019209490641561049700597683863794753
11295904931318905321681535452712729981451470539474546329875348466778752971505
93290129623166712531828613149514491086397543112735348933288859177616770386640
18378954148784869104648155543223333721949257470626207027066118098783643276115
91790016314249368476704503633594200852612763581547806981697180372508027754854
48205045472408761886490834479549102985733951806886587377952831857475495467138
103527412519238214506064616021714463696693641470706803138454139437911727422563
32051605136226686811752440158352154111288021890255344725671207470307242586296
68901155711159419417616631579224178245411751938105760656026567159829850523664
76146324451174007486104567847902559291865290222060190456934203871876871761325
79284283773107913361927035097039727306925276773595291096520255737421832872780
6639145319442012967704392054913127914871744675735279646508606850636341778696
22054185353612136586916978015447775310293129129160934329190396151559284216306
87836098781406294692985714462437667569330481847299684426549107283387294349914
36825481820467543241739632225822595678805772274648420848188732613137279642572
78530234532445409346473446665934501036058226288565860259453161358758290545330
102454722206227448133822396174355133437711239513389875356467026545720954706533
78628298665276456529961000275618860860870122886557266691137572006293125295137
13417045797313620143049462110399003972086484253882350038860044413166986266019
73775291095394189551283094431776693226157542984919780630224693119297145842671
39218223892290030807280683878494441132712107422285935564744994689501269636138
113310211433655346587156659940757110855688279459045910240424703304106470474349
33639043377922197614872848406704139441996854945180331420209946025546496744256
102452826949269205649862181922942024091873175720695782114823607154521553620524
89866890692527753604926330726312235663572304543664539201831170442197757297294
96059728191579350256155480999970084319437381498284008674066841349825003316786
8804097975617977413883192794794916867105656663993536553285570175091381068326
35164983846925173613331065206648904025560468497652336225147337850870077392305
96002767842277093567177786949538953967393178675704748809782018421032683804180
111945950742198387112523381402138430409427788754897626129169487359896345428073
101663069493837576187159009971898535707991112145519381986654990974334170913109
75990418429838482498945929064951561995245702334353274847444111716597021942356
104519219958189189434376760406919507076443247155764283452688865728283029755934
95137007379103230747277103391964754801045801042238255318226059707972502777059
9661103595433532002882784168808186729271814202341420343591975043610094503225
52555344551720755485152374006930604848964141618866835992161895312546906078464
82896666614795385199557098484555749930563264422720686535583646032199830485535
69225439354305896141883383310865570667608359933202045498038973913516741159053
65168494128096901222279126100754581860208224939457393965003265963177469939674
65862869873136546910745270642723773521523357609862020951877633141270727937810
33064116417880143636065200498854741196962831960683922522760690031482889458240
81722257144060073583383228660825937690201921373334813928386901473764326474362
51070759587252177444113525769587464088762296535046348737763437291259453776670
47663697791026282253713421810815763477368153977737982379343944621678609106701
40269666809212982656487914863160568665308894458220652923954806068947777035703
57456193205000324927338969556168543453823063591675832210340382675719476295066
37742515298918430847264862423771299640341674781052257156604268027383450784523
11888235866855755659333204171352654236441888934094993672196630577129490801822
51242072781493684347291034449577826778040254698328025642115511216387058547789
35369206076600943931347667134145449242483755658061668592779391348594298658181
86480109737902963553607879990921585837123212477084359913508271628241179996073
76015429466426606302277362540084459663557728060856769348277550323023575800871
86005175888663606516784490073845499749105685002470134999471175629589335981252
83145430673014248002884243389026017474378330577288164514440647234668575342950
103403499740183338933259826530670292792801474932846205551040080095154869235673
26565927181160938682720580798209082850104432884869608077551693299365029433573
85676140123335933444570395817158680678134964875090050388712259012515780110415
58260583452191287045111871201623674024470990142782731577670251413098938913052
107512866009523058620122183681239118629049252942801755403865145622222560665088
1547711045494007897053965353960348749512183999468353980730858672429822505537
24854818566073653849764001270803289551911623157155576137067703233896614780952
91272796873154466391371786734036852192735472810277518511151367974353787124576
48775440299072641824660086972447336253103823605122448035780876864850662042996
39943775771818236549664682954165420210804620742520711673957417777708053021370
115040747097342558418423934599819092294466750566908947343825631507723369886601
70735745325621263235364756022476449520535141340077248049055358163803467740949
36080896640829658769504741748744273643210721700778787520970891477852078487592
35380078973160321145936839719601820287443956790868122939398795498223817021541
71690218452031529374223388454661509443574837230549056699403864143073174816298
23579900347015803463557846703076507139948591803085593591229184328693098277358
28997602595793818463503131996811963929085637231551693280820350702261968230710
55468465737871487349319282337179244448918256236316190162896730171927727311535
13427439248874327073831803439660286145655892791602095898090475971948083185844
84511099728099582668491425093154126358082668843903952399992862210718618546519
59982659048558568458014869617868160703564326089064827243335130457032401311034
73746849477669326136036736999319408928854821344906877392420869084164566944597
58517227113259871573827332220756421552500582223603465223701038374970279202431
7408435658740154857947509325702331412708242105452007439706945441328880975990
106209510400122732797668984127541540416830492769095744641415947039625226215075
56411742668549722703957683745512387262342775154934351946944372550668280056835
48049930427541007218307499806888105530252213997154975875802625908160050822255
82990380517260921187817961813978747276372129166799252975825967387877299917328
66278004892776336113035849649320302147669527773802442297575252891175415230650
3090818461101022042280248072978364888564562890778516674993971283418739740387
73336609788776377076250556239336731496910695709487055855862387240210177140766
11245700075610149071464317468800500917488151035951967369592511787363306844502
67003188811912384965499896530328930856012130247389395073138094206403976337891
77422948583427214195802403835188078264026876006904046049015533927047021026884
22440155517515664956287414332231470572231063055425219865399710302094379652095
51565224661129575503379014944708821543172673238433277787625767122033035446928
35449221369136983925976709097637818075207915772981162141464197009565924810601
90557082575848394927605245416164841620463702456545653852231767608683459898808
16196602312349974251248650667396066907102315543833859543131480196704443780643
8186087639540780537792802788446533088539061503096578234475820419289037530825
86010248928994864634191488222532685859981664164550402383872030085691625002924
47361302632036735323457126721414486926311459666870365075723415275589111475369
47548587492683040053807717492635742216247761981070637317043217849134117942222
64223882643230105358133701142846726026142135610097193416356284511382099921059
48252844354452371162698986295084877598443729481169844552377528404545949215403
31269382266517447616179700486759828540348065436513136900066326702276289503722
115332556354373559993285447992415888848700026357694681950104216608844688912551
2993408157097386065807986734923514757452964723936004688968529350762777854233
15587562877066900296582209907652072373145951442541945545340509063190614420038
10847646411889981982015966085981274794741550564356658904786888148033470194337
2993358052121050255443762169907396972537809744110424202559168239730517218778
75957200367809566216584715127506196446472818593531514798582308388656433363069
25916442761327095351909957989404600901369715343132212344292038488589393217897
86801251703756872144443651603924707965228468058931482696739675870185773680328
109856352858837379095854961757633587000226269452928344733860739628120237729306
25100413423455820260349709465149512714034263339499390790950345205755710647203
41387818610930219804763817381841276868117335340211233924601459308673550729101
48851587158249071753881361643952077491649640940218307793695405315094995625403
95813266664304009941595142849850203837636620222288852946001140173632322971563
35388805285933573001771052559649581996855278758835670954662421477962505502234
40918577749925510182527396469102470668677431468171708446632451701786709502039
21072058848465303457809985753113582279264918654387688817713484366655258611323
102770647300231397010933167042176589613812584762511068261029567396117209055111
106804404633308284053632412941906672035475313621018076499926299850746333786030
27565867209355672875561365715176672713499400984585652595148884171862821080636
58191771814905223580681772179593093318025928066687038863821737414417353109679
8772309399310240050391344220790778216574074009776651162248644975044853443464
55423865469687587435894982003082471942386948520221739621491483453126928486267
106052152107427861721160901893741298100135874640064306115400501319886335184142
19413086238294265882318440812242189237263204965673767470286036668125814180721
55322536927922602307739191679736299108608023978301260841216200826449340600455
81598883388708785648887348979620759426115361116166485666177921594477663288514
108237363248385661521845994991607654627443497964680205641223263092903364140566
46047275396142224205690884422625087381794855480281765339268000118726241177689
93437394235466269107220862132916111812840704072523941418646159165129909139014
43201490275431933053395816713647138901115313841255600635251617283138484915147
89643963045522316942938454419703561278527633469577650433726131194037850994469
15570011991877676393641929678484439131907810987911864995153470767731395955530
5076996970320554686082482372301068005779707992178581223074435057485299625870
109146199310021790121305720091736570180461958250157891937759860598849735206314
92038002338472404639312672263219052857687587496874755862881053377548494146874
114089395907264515567943114576035693061492788078771135548540558789622847014517
2262262201928650172672021860571836681143666185796418972417500122280539964625
20744364470804205049340031807357932283048214857153406329596609070330003282641
55670232009230433062486645900893045803590752155515245436562727133431983972129
79024564360326560774015812835310301288962496918060998878312213408093891281053
78832499754353849012544727254269562986669089652771324664155659433241851172381
103717296367170081811686174160525494299839012041968737748393112027186654905108
1813546378952012363325481025134339447215906360292156014132792958295621383170
105591563910858187338342781637017309555768978761596324502172498317722905026649
102483289324962090835752452340581449566472422650699770170045335846621923049489
44640875437354205671174895066133854807992177155288003071101256281115131207791
82338355503406099548715629672245979418011618284460697587194366149702508953867
83706006489178437019626213115513046676278072302230130201970200212508394914468
65975725892594614838348050925675943591114727929820052114961228281672605623428
113039012857710176408116663132542591543479706534144705441669175902500893309670
99801696372018613789926498392085861670224641794341584981237279774918315236230
32324763028241945052271952558890101679062422729030154939234654454321015360280
10216122066304867624137877149947842609318474408410949102018465614418933310168
73064182198346504955269939902284970688905194610106181510818117705612970031047
49131159939096296125429836665254808053277853356563028790739782998711688959630
68014111986857914967047660147310861937506614771669998138881862164714313401994
6992761491184914766836865714921614340207071467169655981755048966686899570640
27826567274942183990341466118225947516874396065818527713217660247360935322313
35322863789428877048190745296289772729714297878500691527054739116164438494581
70594382094433072215706832516315195835146301027025627300708252801727419621913
113316927342699073801527799965996639925822413353712733286162629954983682006812
38232267158939019634382789428120010873828874959205979793504553865208414442125
105958548092920106354926322185392210534331289653454084904181430159818650732631
3235496357598692134908619790124774275554182216384876241844238765728635872263
107681962253467282681726261726377814528669492304533043280642025706184601098453
27385096716078606000616913550446877884237610500872279388597385658749599130051
85607415064241178291503819995981396143568075278891931729332433173673460091203
65368494748952639366465491142677352627204243797178835272876757416486340417688
26227478275760930442656369876873602924614581067734510301300411334802035452700
77707473310080729804661317981460980626198422776663139936520897736806474518441
29454482320608137452232096423910596720617573490133350968494378411735388397069
33100562848636925613872231362815299157271056485468700115576403049977827445911
56822260130216357429341485057479839909957751039265839109260027201627267141117
97439823458316418233295947868858742766195678026695297717487774003493585651962
46527544650193040057459242718579916991503286650468705007902340462174055654521
72353425524008869244248959909665541259601656513099343079640505687157328614430
75122879939297114936568320716591788625226730477356030199266433051635506476617
68462167082719068215339413177440602219168381275292935754867037321515179347458
14629283485619574752881261139848648636881718419902624572438172739797813253611
54816927035676169365706926363134082974720315111198473041251898863120149248908
48911094658541810492417700356231597515727929273525958505485215531195185484122
78221468816055129434792003954744551241634034156979880584860403869583344170281
78619756966407706573534102415113788013660934123373930143279526865769303222478
105905030105198379364567370126509242521513803906009327154187462606722049683100
109291913017028560202904285850606790247370113895626267931485665910777844254907
43864140911391677340677218450225070269491307445342909652060634463593526853288
101831256252144633180375971882481445794740190274732638856070264148297364954115
84533061658888239823585493002668167031989955773309861675323652218160144125148
24028985156429446012077121394997890215954038030789538222656966198981361960451
12441261622632373713790736223129418762835999217164561298664822940257325219814
15115520448781631863805494636705194356541132988494204641113339893616522605841
98500581356847084323719247396595241836763480564614418721240336200150402440911
69051489409493542080198829990322714504022846528120259966437466663123936859514
71178299962428770296388029561184920767812777284588626481355378010901319545301
63369516709551065333248023397642798265411401942740330699230233998831376623328
75334798190692478364932288822213663400297375077776466814040990114902895944249
60050145188682980650867718132737329831176636460450900832227818424963644786561
104669190698311232686209613896863163202682271367049325903807315117829043498782
14058317678697111499656808594661140970687477355170321335346898844001571530826
76423754726976908022591374579300109020555554202735598138202238578958067164833
36506542319829274868814129053380036419385647239016166247904956948252910774892
34045810923894016063798750640770064854580275703098372484955878279178712850350
53413085930107108183992610817921343438350787852842379772789219237667263860558
15105244599882426086504738085783368791996375890451126583904380486166101575238
23968446452825598925584262470783139001438288751446704966724512700654317708938
21526077555226771484291340289000261678224601710661256012663311526174810436480
27597640230288927435566993104035342936960805593128546978810482718777757958332
18178607092055838895172051560185130813062627140991866112620289737302906229234
21418821327949847460516805021876166798185794542386419402867407839440427340233
7993099875857669770772292105542495201859611219236126048049204628152008615076
43436376413801852123961630094926277286837837441952761660497138340513067147583
23498463307754147220281504067447211659146028101615898549020438298437991279191
109558652241237778496156889247166219638380338687191975596369455478623726609293
99595086815812251424822569626780376974161220505207517027755759055914072801556
70934607835832804386020488104333947910877681002087010088249497483521662542204
47176268428066051803977144768797509484973294678046778266361265263521310142062
67243347815507376491883516864744762663181180736336504002678259550097419284681
22626998443036254404594691395816761199836428600926074222923024898002228845795
113097351138239244339853481137709003883956080596542395655902759565460119618497
94225779436557076199887467850527146604110587618877055607244733748096990356520
20899889453436512334332483221760332818840883151887357798032861770640636287558
29359151124610179369268430991618369039377920072667588776208176574346709610310
76094250340754772862908094285229872448982384356266875192495721107346709563624
5863763057588154452084589861548883386222600117392482462741874688186964831960
62654661816190325493276621748028013093336218645439121082902252439812910144372
66956083307357397670038922041441870864848429839673662301677355462748412744216
33748362676645417417244977531172960174350197515705865362596084929617968423861
101311195892759064368003037154609887775488228677287030900101196396051425338269
10032339770631774203939347961256245736888805146135039428403964085645768711025
28019169717954164693117790091775199849908136849942317755338593436156912022504
113693776260745413775148966174255513328973131168750094244799714802191649884004
114771042759732334198046024842550358395539701665892151716411869397198764964832
72715328606482623452906264217275296799494209237075715656524053453949622313184
27789522628472598273969722416698854873223551062756596795521059849703198793688
56262738039513485854470644985114635579982477499637884254171075862075433107924
17553735460014878031597920061652699307138471302564883312993100741046706337303
4177559680558322367237813578161388894699312538576718982323732484376899792539
33597599162929969525181396925847985698836995646146565806699932071187185599524
25670199846253263072991342398198606525601069084587242302234873862956098536051
107997608432382636162430305059597688995027390669735434583660814874404629065761
104083181383502158732468681945227977025978909710577146425213511817210197204972
38337312029647392250977112918847793624517508660713609574410695421718122273904
32060213980773285498721783608322957279464237060313626269812273077336944380538
104679533191557152874925168452427795582615443504399734952475396825339968302078
1272071825050648068429000336090903366775835288720472538467091866737279055679
74011537231304311723633011540049072609032654251014236868546708810274855382686
83973572724767775909004644358873835298824054560465060434574699186125067654027
28867624316450021016799046448962631284966553649132357053088027550304254004489
21967225678256626417106360652149644160540233291968219988638701778468770539604
113935353507099927439553507589341858204503627136085477997800615852338656710278
64794476295314004756803030190632697109353170262646428870715281623107146896017
38407538683318740031091700854147560272405604399545959592879582798958380981497
75504738563362386125538035613549541695624871453522643259319919810743754689933
65588585900846771150812672780594793106730299256270998518739428144655059318149
93895265488533635844638026423838799352453404193925715430569992805939819676059
19229562783696177537019721822972312487208255989381533588235831087151167677663
49379885313714788520182877280027006876574060924530776710475482472011288957404
12495483851873413441917461361389107894627572061374992657506898147251623895620
21364690503808703453901663154120459259345981036591022070188063605394957964278
107635624461227573373717226710365967908596546792990701986427447323731333470000
67524324782411658288193254960614065567229255633311324496735495524319418924062
45804901279250143446619896627716776660575846569738483828721545556430394832824
21656702660821120592925858063309963456955839247078927477852908178211183392442
74037709598677692395976578791125448736220255213700572014517825802879987096849
66304339467053440564623871019942108223614363716961616868996500321324050418208
69040409718309315801974500807093037127985132371039545013570224761379376424431
91436801013126491935758965759995482928702454154674361752930164073531188984427
42041422270649728555305218283593749925552087402024889876554494860728423352917
17073336374173586115542192286618167536955123731763547828810680911109253659049
50297658730550536995305327719134005740435347128208203566117382517490066258245
7015449777870036324653014815808912944416676413834375299884853494984458697179
111603926924540899792737473247131654958419033541048528868309012026032638034684
30679829267863506896712573744139673956867530664476146232869517410673977668060
22943861141538293520702544011078804118690894957456869879612889089206914873108
42807196324081625210012849410592472778824282663995874806488996168590487229552
95849357139382932838228677761475152522429438670252792097180838887033618180672
52511016546570425729050536587950231188966049935264240248659805310178431481458
32947243196061808738797501368162055395098733122943138861962467103169605716186
57666175183950872229156049047277288081274092984392120410951169875154431614456
66809224453427338605733176913991953006505924100767046063093361326881202538347
14995353426474749476360936495427503311517294860193362758910143317543650498239
109216525327091230322978946448804865099339990934465833762371170613183270696451
114745387243302355742415131411866806373919453418485105330105760136840931998293
35432541644899210053981614156569580945311757237713785932797464547790722779447
12627596456305006562527893293961836308561310146828016880082280043627612900949
52842743984906060688558838583765481897920676809699386679009834119754574729189
795490859917126772940273506605764734472074414852638462045198436167589011504
17101904392920600208599020147293023960219083989490243982624875868025200328022
43259695348500150485514200751617899447559278215044822444866288546622734181947
87910843368279677890606356004556756546380560273785841294638119832275830589967
60178516092436036240523294675672720517925458666389962609453574871335690776765
61742945039837953559337890137246995984395666483489194656734996154512121309582
53048293010841646221491174290860481687350509613610011731942748099850150659793
111201169063887618172973848086429273266725694072247182479848660759316479246562
80961776531611493007543670903725800139333068312526708643570472147992234718552
26793282280469853420585501882846293095199729689312097478273084037370652763625
18917549100501150612052870488017164128364998627088529266340165262846396720138
114980299756177427057733149066157055408322729969930199794876313180933892133242
46707586188153996227591762199742452618063006198529008427900425092113868401266
6739388691062411659217446262639107946912601346538203299563079730083100806082
69265825255152394728643408991690915741675805521844580534193833176626986522326
26369662438918414473442825944044364573382109268443448112698265172907004761431
73996933081123957435006938175401119221181403680219126235541690556061293983478
86721918245425495956140266555191839784661988525949109154050845471018557446111
103361776911030832067951568199437280702770243369438959072940402012390277891093
80708199444411397009038353096578226041602773339845348549966524421188365480935
20355695745893550409579945702612256717692389803472558959271583381065864610254
81132864672206282561602380854185860785508781558767889723895064560712503413675
4969263612961633499120275925296345407393905578336663462228915026092500544276
37833601687224512066873126224451355055174487864385283507938988553837031024698
10099847387075345529006943660895815790484377289602556954708647684495263266810
46656692915655635996698519975178658626657941100412451132683037326261735272075
83436035151819187900038317417660778682130446210344656092294737523954043360415
82154010875937946653892814886782840718920214445523570731530967132825205136767
80954746205794932530900566182172427336150720102917619928526821319264036969270
78770424389102681193802026187776864611237561662743557069414974617400689115302
71715492095116912392608499644884701104869783227942822446144607509818177472353
27029550838500902610166293605748968447521947090944599801927512818311507791088
9457048768875288007978583072801053266113336165214332682577311200029181390347
73406790254519570811724181319543519557766016669919465600725751718442348458530
26536585285574739680262434670695778869588382543376576418950360334264548871808
8979992426831023013519871044597955352899993883666476470261734183542745633653
103209858435591288841629633001625840160365114455491472270222391927741262323114
39805446469006825880359546143569551417626476258028634751558287974918826857228
6124553512802844759799326266322982220839461887365982907189479095079724140391
55872609059710872241278768263708628777474762414241778484321909637851229086054
47879547759409015668313009738036130053241374794314368702348003050533022882929
57892819603333962199430204250313290083722738919770473461867644757707855867744
34354810296592836630840404866290681504400422822188773113673083645559178941713
81045152056018824550675236966571236996069986050690527042423790020218739136748
37047092710429435122987861945538822525090202939426565057087866365793607888187
