107831214231896007880036808129580544595038449560005339753973669689459205481192
16458365813909325162458954399547990537683866194463947491721862742092646236786
57688719173711929108050227009168691833433777533824242163586226475054669724143
98736964152365149545033415142899697900323635688131456387740424260376725970731
58169326388132960359362635298774494561907953069303593024653252782358762748505
77851094167983964172101705046755666906457833473287789660239644474109935379794
141610016955884440617835090642120966176771817402121034478115587678244276974
3010154391082545186749790824052040696386006119035004894250804874865292925831
77230937266758363098001584392330109654740317232987004421960921657355925425234
82538535781884083442223401501492600330428604709491432376261489202190424248653
35367510297725013507687422125987610533368373100506475917628606219373732094415
82275320489630091559662705205791592240309183738063858724365264162900655982845
95937694246167530735224472609554609443729187988045292641222584808516206483574
4645835800054692194817272572825793278097595954065935033654893359966551919347
25660819962032257581962178981056453096588046334801259630923866051875965017188
21168062273504521952935225848911235156149023334078814722439497844746793194426
101442211443581242475568809954942595354823976789904488320226679436708950136925
70091149682556999501078623982189536669101890062131169897169183664584286933624
27220885138953045262865059152852081891237400161485015549476242515636083654767
46263730653709162473735032267705158126595276085505630419771051650770444575181
82390660935088020448518706644327628350988807602757771805023793049874717486292
112507848154292028752081106954146470028012104485314572949329175779292937096879
70258224874779657248701295931116844241818740783645853518222870694674252277210
50436032845492628662213808289260691243716591602318768266216067775497173689759
66877244991372361752093979985113187075841618732721687739843734990232318944536
107239028402327101734850397612571405159375963985406127349699113222033035850193
4821549569757384970473744750250699184013544042371886034611170758234084010326
5741078619406823021032777806150819332855934460421119491592395553004425291323
62390112230294150319598385418838719677341746209019049639141737818246381802153
53234210236495261940747223453891953812151644001240756819925625103042890229107
2608832228925251371065350000342070490113364624717972003458977373104756170539
68931995736407950754256966468302862197112824824314348303941703968080884382869
69748577565320476085463370888968319607017408288257691128406164314594460849110
102132297446963723956260837835097623222107805129092079636494788700087643829278
69116245250240992705885754475675554135367028604126406875627665383475582380896
3689442582698406660409186718412186904109068202629798980230799802149473079863
40215690162000623107362306358668241987100702238097241078929030742939820448436
14956167715870879814790332446494011514843804608791601931407140707187931687841
9037339478726769148104822379940859261976448487789975021720049704645368886471
80874235215822270848053834352519705909695323444079697254647195619893816917501
114385820457746033571389536750067087838175107787790127994469173639833463380872
14586634365988402719628158395833936508978706587831709131011152864376914678382
18970516808864697030507385744981931377464444913670785488108551978211624133146
82557621754588495067864184483819264565217619284018342492694642434014223754104
94988456294767154452445843118876027976712785046954078551745784753794662528774
48176590777003003783961071793806014194757474801929997542759643478352761178313
9394470502285123586975061357518812652503954594789256772943382748587873440070
103871255363530480489857481770095006247181430549117845165613895358955825623498
99797687467530057415976664964545693110029923701720753785289248620061609452852
60896903025630384130073668634283147260082562068462642161540873143866633499074
72658530561565077683056764425330891017972230917022421873467679140347878256726
84364878329642631619493373077941340949735178263783600476592431775225563265292
98493389364002951473194340416436174400605486043131906457024903710896350363587
12742828896805143974705872490823975438818675604345633158358250464161010811059
41019917828196550072288705465455748449400089329164784420676681069294652630936
17141639673547298341936128710857238001876468787265320041942259075608612615028
10193854693893568891168533923750495317198892866442231560842165718159219756472
51930317337162802456025071780008956357994374086111759916456995228009290383360
58000125774474884550685463888104910275535159073922916737546532581662478436898
115015008700989716227682651413661357992301488846614692737684342735257108625706
21710115570166126185722782365640894495171840126182942391204235883508740075965
103817788141939519267177115326017899958579674121540632375791582390406362469623
60475815454843295989717325039521980857721946499870164193896223681743887428328
10685383794898998569202300042125308151709766616555143300168305297953368740372
34471866929875223027498129947231499576758638831347263777404742153047566010838
61421883974615277588390433580087222529369569496940474039762460976768044444854
103927557192378761096979468390869786034290606584913295997560361652977981624249
37570186983848054575372269781958454445207254802692460629056857510810708470786
110236803997961783181383383211598952192244443027451831669969580587054387902650
24737347506936986550258215523701637498124287258301068476684227943130876836783
75119518934251619536214365413876906443613236821531254627593296726218843633983
108060219704002229477198855509794674820327931483389472212007439448224969832738
105346238035249116137409621743249889403498431700754020912978446119714320504226
71602400474223999073632321025782598044749717526995075035588672017429642341101
37811812636893933764274585873705593294880142741971100877662724512879173790648
64836099951525227738400279033132056026639888982025274100479149900924455187938
15351469980534859179368854206188051997515509421710376414637602106231114800245
3892781790259024090402500609014779046294196800978789218703816362184312886236
14359854687969665249806526607996401085541320239708108433894771692157749456660
45632231459233253521870235726346548896383008573413989271144691081060891600332
61925663732011835056950886930402017848832611888418273991104631890284016143398
85247297816852984009400619331081300860399780511834689711389056820180045911504
104003278268586724721399531011995106807905993929436038148042895458775526458005
97398440658378702669486204806964452469297044927657145699430864891550114836543
59836004345783355411088234077538754465455523735597813530126790311216068373625
25317265250797083531052748490513921202013302167025767654802925627497733441201
91841288625911421588176939795450444811164017762379609022119274076911034229242
98428334197097462773646246753968772503484692258364482571346131649337425385211
9642974688729026022711426208237594822093478249760483622011118940055590728640
83436888043979040474424760079900559559047645212758269789116980294646092394876
51164892504451946142908006508604258798538215834603449686878352946080794822223
115233932762923267871679411432226423823207273372451613808406542033760929879700
26270704881269403500295797869837918716197023739141696730693845156810279854629
52869136921460070820049402173291445398481184025455214747627520618241429953107
98664442210850774326505559088289072186245087436203338024247610692025828090574
93120153921394008361712303258933071178232295691807326517649614561917477170440
34938892017781713968317629884054035053100345757471684870620384077071091229605
35473130205587735743686755373538993866776496572357317305274019507660251583979
14759695248341532405927037156436811259822610106347401489420988117290026840895
74060739580761791480226454038242361697671979397925108151490719455199979566730
35192881986381303575703139103762588829725052134270836800575482018595676625446
31103184601142225437295668060729432549548684769466107048944946644397813400572
20579314637495585610180130934850276670056746736315757583167788853323021810524
15559399409331646419958352611689205893921545288204652141545196790832755078891
11048379577657477887287908290910924499533228082343224659568414634550812181465
30826451606630780405209585889932248556956140987148784757798545062749374337640
57365421009237458653777401498166024613888230665491062887324092661766529457442
77537144803325444277386061780672621911617402382073515817640766394492308632928
12529884757282269799400979432403851070980922586678871782109023007786210585216
110933017477137637587578076430077176898312642393957716993100646684168774288991
67913905495666129046715699634147122325827833072295905826296738271091649764080
95150575176527640271259339037239310924126581526104125066878253378892407627720
21453226567335378502542257200162327309489629241961467764384060096429588095216
110041842388081286488449352675520928782756874537460479796320275996968385647010
76064527835075598963982344841283420864341221624833588587630123740843983275085
88996166140072387458507806588551319368540830939573468023396857025173008796859
38155735974051373662543492768215409527897041107016998225212800617537310503544
71936610164918479184216585081095113947518798374422589094193240061421365296564
94908051522000136441444914423409698789434489025825660772189979832033078424652
75461333133031340893000311878102494666922458365844446499960714919604167531530
6079591030074956981479618857942396948850664031078514448071625229485010570482
