100094497462449019185169976902291923898483731512663390105713262951322903694581
76256536053402038007418175959206209270425685731201320145459903456069616278782
96679559808021244927223137790329026510290530836309192438270253831872712187885
18268523776409313954326280996219436142749955467752682398507607535757889399462
69198463790114640929266189297644856967054895063734346089785542160606294410447
8434534252215813823366999598435597840120527990773603514847578340094453311043
50408913780989431560263224419301257685262543076827786489446563360099747657228
98066868519237332453260434205600180438990898173424549693578228720488480193108
93774518719074749342594626425745556543811653006175514026873439038094563955271
83262402500413977108057265867355783854542770109134459279675199875037870093602
9570412761345813560620288800321859805074887031117688144369428545253407018680
101562766477529375312861046043129974229111565590472318741496207204497346521229
29362059459525032683765934732711285481058799001856926154809538553014653987292
40966661182351973438555802765987190856635462860063600084289906397464978723383
79511415464941035664836313672464525092962918689921292357325542473293983699116
78599686269801275915274907617057133867166248003063212943895839462583163786883
82409147899028366068754502252483792932795450684144587507030781631395248910529
42814163078246696381187928986949779486365416858252425138115361900294352409541
84302580701951361292380457273480521525943910522914409477764384690578083713921
93114067946768201101682046736304150377432370355450319264254277434597002049648
16004120899145566489103516037971796657159756958239018564717139596909705000940
73900545063512854297546087975576930610532166193117650245065107728672018888304
98731850381882245223098442804459085019774003231416807179485107784497128435254
57380492035611406500982347248384393871911761726959677586243255486597144861925
62443819518570047187952636227664593077180864506282943845049115578190551787149
30260723003030063320445539367105026671910949238112125727556949101804674910130
4235328748175383530738715060560737013537304554318846505114707235331220546671
21719334893770993922162534394410792896536420320477987509422948630115783692354
48653258175432918719974701231215751622111859980616360045651641444735448869382
41629146819192346944305299721364502600226771389404449191796332820558655374204
87752622673159712048841082774181199714778724878565517730412625270179993157863
21236939777107696283058873421363911272612780623725307052615481906595366288107
50904601033332435594784005485678630167762261968864451306040067974244587147865
91641895550888342660556155016585996048153502650306325715639435875513839798336
32610785994968275595905103779741121561337764198043030950010994984939924735671
38028446911157265484933130798397414301685908034075725062398127842288308620329
6555760164549951562824123611035833031818153105317998329521188388521715112175
101697062116152621937748675423764473948642666340081210554473269969509006173521
37932232317091977485160800187910111482854961399269161325454921185543664273040
62418769165608693189353437749024331293648052082880165350530862572514908696869
71862128719688953256392379124420852232378127873581342872452550162065345051566
94004271010718598067427586484799125996641728464129113039569353429052459566772
98965424663847598833393371196977279643555140504220824162640017424436933668794
99476126711078378383311118123762062846980069723505147993968088354498321863037
61879813125883824985137870120644566565873254542236634479522541410053806460555
37878449641069414744624090775208715735057188345366135395485877287932272960793
83430753483500800477266698617932737412034610270883177617502240512142839960226
88235529820731356580236181181374855321439848755761323919544391886686309515752
85740143788089213968975485567181026939980448545413706114837709685492021089988
106083790228673729092970772421545817815291945140459871640501117626290862003653
88140514159482720293022206944257370192619409393658304320203312798821875395573
55995924972832148523494714119868463051047196403098662445117462689743697593494
84834782247248553100261701174328578222642285451461976666305600857225132473778
30117499137649423389422459392027902896959677602069384303540240612866611116215
45823542638516209903173879436948625215937912827015031073476850760868891314746
97534113068147370218116872433271709602553679317064505917068418469076685411810
72231714205015146511092143683764265820069614712058610380035365799240690620610
58246414551099241108574413606867165121465084810415781814064927157282941042847
78120531060761917812208061533511662106824610479293386629884307708291371272547
4987879285013759219084745158387640083106075093308571452200356601049218998534
40153941517009462707083328238082678458831390647208044752994073973384213626027
87141934678806148777471850039471397192094391794968561421282401616729065814939
6681146856928471119408616421774628583710056382678333129124115771316627161103
94331012438988541244482121937509720650301459408175910062605539187394563402026
74648937941926261387921304594968360349691815421887115873718020925976630696282
85699803319124930654842293961079679124107453365382988777431761636954618363535
26695735546610919886299732775791810237837007038300597333850026667291241670779
16579632852668215653425035907539607397688571562279634153363498301862090136944
55005622444704062399318602068348129697328910375620047525512003854212360304302
92460867982129357986087796739289887328410930368828374035390416984615786743581
60793703445336591583282204041503552337840491409523185769208934413224631507019
26659313369064548112938441993969501432617893502668455829038084662730301329829
26992456266171021199590493312575247481947016644259975930687767120619783645205
12757313510480193447940327759794528813695452837385048579994089959744824548294
102904496855759364116536669705291070612052594637063582625474357903073267742108
52377905399791495081637990194160144175053838462767087158331452820173448681758
32823679493935444804114662861182764225190017816508447074769074205368713316397
64926357696840081474270763225365203462924501023853067404343068439568767420922
100489587893663615170922158427802879176668035245381358513201045909734649239151
36985876594276909429451970628055036879407202915309997340979240452932886577083
108794934685980822278151933382100491443194453123674298242105351619064525847646
81335660114430238210574750316986222799325860738096596250285797708911756822528
31786051136782429404712526992147440651436228840364139863522355272736962485675
1332631910948845999134487628036384858900690812065252076943840216458690851744
82662242114757193837055212082492868223647460831070588999721186960056236556897
72914323432248383468968681113804539151835571807798674211048138700682903498004
18062364367185407011925495162030673646663440734600533411892737884494632263023
47262381354903788548836550099222304501898703186367249950650533454788262896983
66213327359678474865033713794969872077112349792944537805938631679447848802929
37169859286579814993372075284830384124529979646282589087431521690258337770703
47284137845410310411336671462933007940708086785713084476483256591783657261507
77408346620194137676916557838053522253290096370002805426183701325455621102075
57571963407241229823265123017980397183256355909119095010132001533362086787224
42811081341194033164886229950620131183503259428313461508267717546581508193037
114798779600200684230937412055187101685718135284116759368450927639131233072577
22116242801189395765610470364018963750622593746512108202159655827010806751996
97449312047685101505240028337308558532595401649371784628326274235544527102733
70062488007696537304403830034356706906127477808821165164876032920979520872330
23088435357613019957620480485048850224707510304886530277574885661733931753487
10730576527164887105771572008016080535299397885889704272744744355430463137504
6460127367411397326130113392473254789974486197326259877561821474975065120851
56267306191922302878157594409806836017733669085622860520928016729490633616354
46495672011790091052278323067176689778948379614805760274454391880577204149831
57651132649740055017170060495763753799420027667339423541785120605757142241491
75760994612229709230281990749513069688118282800782459708289622828104241707389
65982783659768047748789230490222448325329197195855543274352325217417367696639
20177337465456505580061819617534236822960299227735075371902553846321038516901
5241726974010028113424085230796229726489739351551497575565275545094388179487
22813664939520024059130843996368708270141617870409790785159876750868787393987
55363514190623227531602113719371490801017733409107995982942393368258979023133
92076576759366789298824587311288921772484602115712637650010412963955202018534
9151913033254896668375302518416917045264025173575913304045405325079360088486
79079569717752095674220473421550694598695053064821787921610347131182804139408
58315412830204340495470561114801920419477683927977752302702188897899573690564
16491251128781628368361682399708970889412359251377635241505018972456643708484
73824120049869243658395145318498194468222867577001379257695633269525529810309
80630635146167635450188363276130672685434247171770903993438939816163009276709
54890367379611108642443148801513823245276935386638589728734286408554479152453
62623043840437060983289289078648295692896118618440231461507656327867044761614
71195441928742819720300760824158615096137528876206489873575908547499178877590
51811499071004640998953411542626391046978417737682599931837512470644653345485
55693448168820935755024620758874776477900686723345621332918946334738625085158
13055328419808900822219076969925041021785994939618840994745910358756580235179
17835154925558657952045008492745105179330304808634840925667564345458241777118
852114875269363004191447734762254878560915022576601033188273328751832641007
3333859958439182075853726629432437195689347840487193866749517292768018185434
98528660178027166830007534244519523250394387965615892412949821842263114342475
19965854785314041747292533635136855342072445886785688844763978707129988084174
75222622247599839658610658660692329737588042486767656360765578964705383302984
9727181885616177411733262032493620194768906303656811871225178150623607755731
83627795107568664512892197164118425239399773775822653622121679942394976063330
100392814728677301471795752641595079942781425790183414957827371829720757757916
1361413635312747825574912545410567410406308744045515315127593409893904468812
67165243585337222727208979369063235260233332391632539815585287241358880254767
46276772035416145469870290995584182716145355739776787189055720441637086078962
72500011290059421140843972441164549028113809675256953214486468930554358175362
107237190469139333893615135594813072261069499383864277376300546810146202486700
29111724228132339921689657654629822395834415674068470445273960811415484194550
59389175336632974944143929293562102069867199510711434954010096407266555683029
10484310172922140216793299016759247543928718975090167172704958529147238488708
70817767078630669393561630799811326484530253358180146913117109169559034084681
72647722479329890870176446446201339685860915357853934681694333015484291140764
30241728134775209234984118452061706954811028732569775190097902719364492375345
21073431797678184947875627319097350461555456599033242093720049475785902277387
34820717995449385514574001815743871517700629893747574489705359848967777914195
43025373753840306367807819601318155719673049800066276732511430061457778673383
6288186706013317416595922232066673254894787619669342907347505514708079128542
97931214859840566115977397639782260969490598578579807167025791187560353765650
72632675758459157324217312977807976566867891237399919380224925683363161474944
74238832126749600958050701695849125342868998347879898735823953794554518958766
54088180781753560147097769402826061175331593503648817910282395093834170140762
74124636249409664495501614017323443269053545749161578707524778969600656739161
80524328692846946020245698058597499597084211446844306845078499822986126718753
66786089038522967484457685531342252427007238049282035451053786733103091548724
9637058035638901652122979720880221257694233673906242741438858764388080580134
22058026749773054638957422589274828008563963732127389745055186760326400991471
44322081377114042797910177420517500261807173875712165433142335413892747091426
80006427087304170047189267025597563640621608285892690981265988276668069585265
83920383890899392610612751563527332933531534846785241407632300225861025230390
68237334663641416694191508054879181870790879085413624015694524152494950635829
66171811812315627294120642538398425660026304301981288494661327022578441431974
101250530408030803438681171803925970173967570929359616755978884257427752732992
18640618701691528218614056784607029698833905949246352826424169428056355003987
102341003907829893009747658343737619243016472086344943156623383705946509002143
55826511308744573615262509005318098831396923827073927596353737714740314642636
39115379139432601919363493530770942957244701839441177431779423329152153934997
24322448635293423320032905969536083929425079669953216098888315878643393086229
31752427168732104822630818582081981169486141235057178136415612673931369251660
94135572321904261804319696760605054720557414809987578814180380895974555411198
105314251133956572356856515882624475984217069981850078594441066451045148722647
97108885720350661487161166110951438359938478990072805540552276317921161936465
28736719134480255076714941035557716454735395424802057433677083684535725317102
31595422994468004046375670142417656841109421337897030631659406584862160853507
22254842966890561579761453449671839837330165045804954357659541661113511422772
20023693567278277833380085635246611575337523902426251905954128676500974951284
96310236891351392268096090119071247445586828657239533113273392984070659150675
77616801715033602082166381361511431320542187805907854602070672298035221723123
108195733100965774033471635202854209899818639773624035349600940374119649129623
4518755982081476719526542970138223681862498680060055096288434895067142905666
62287729269015890081882686460801677542842257483274164376158989338852881794213
14198857076015808602998170377839933906773750615818728771339623800546700875510
11900911055376897715370041654949340678386510014088843405430659634702723690413
76336091912803107687919237688402448903555495575458440870299988432679003797136
454519737355586639562159971511233696987197048493589733152184811389849878770
56264374262134931480308804334150473593984878539649504373289119251730445639584
100671024554891394655569661352167988224043632946760736925915603920237999263681
89653164339157303598477124605435670273396856330455168757233922639480521069600
109714061362617959368118591930018831721288796312801186541658211450914245834633
43247404434402427732265397062759305908272392754149919994034569356874585127157
34178510993818478236610004602894594049525037173661672014436467524811691246697
12180658508757698416708825766274514560777003542312940669945214679650584130669
80223462514843214578091531229487528223524982439747061165556880033395153029189
2382147833888133724615051367575202691843513438389764689045976576066810883239
91438447336045382974968616985365362669728001835231118795638051875102642119794
28811620262027518405470577369475072834671433685384511983214070177326522362423
101013058958877962288270219893077281083071543939143313463055727004146812202775
92032181386732049527613544500075719472779727035773728247676686657781196220986
69220012605780480536542699084394995433962599235286907243416702859212798791461
86393049822224360597615733030549872048336723046461583156888016771614752529217
53553441506564877903208935886272501157082371511663421773554947297229275306701
89495479885368434104264202540743679489569726836492219028066010851542670186760
88534945773342605244570306726215965400358823342406634644575070388059083677774
34602573773269231981421803573259703505038015030582067258639382891707667038955
45832346174155065574243056974876629101116945964523180399772008371984594605008
100195765560577219995192053992889928141362039450952541680135618848379501329578
40828346827950135907292973463263467272541552520476972641896570652785834239683
108941335850025582103211572515602304373804967407093570188025893123698993390657
49896301434849300912958573856476158932419213521111854923588895422951534268860
42862399084127568566482060114767801370803186452055514971129775388645377671765
48207821518785473155166213954714397252533723059571791875928366658621544608202
24480785569526391845060015611906008101913087889343876283134583218969556242174
33579765888539112172696086738540851501120837863935751543618385482865286096790
44796535613372791019630195101462048161213683072544850431963159711482539404816
24389042417904380131177698143636017800727565588768037038481677953124995530478
44239550388586493779538995145717911808119372370809958361640963159276422371324
42097652532711365060096449174123654410129376789299094637591970601358285209393
29082942671359346261308214715796066545541158070352262876972969233378837140682
48373691143066517503773884248545536000728439452785677627329709553137031839584
35025332390719869743774373859866682428546409564008060545629907842618737398213
75934977447050680792902627863343394489459262981194316027791229649158299741510
26716598151513355461590264181039011263747392613871147772081755404766008898797
75253053205100163669498298630971651937949229835231447450655718273656436429642
30514452385342618403627073143021280037465163607004920119827840512388107413042
79986068765753097301766891496076823570204963043971755090886001126028185480826
33136249369008575671845816710612986502569857020543899678150603914839640335356
76014702976812966983144563536265612115815869691168385049579810959182933726048
89601494138806771106739060858788553601834282601102906475543865800013615753259
104115323456402544703293589547924528477090451646091678536674667682353028012825
115743397186423128064214904254320532203836892074597928670976781030669962756325
63386294475643123924572171893673033046860836843678194269483129710574242148896
82532326053846239742004384604556031026478960845836098338889406426176773182409
113799969241037117062742236815895696389310124494222726372244162837713627320524
220695564660084435712273241662805891857386665195386359183250383695165509378
61282402823122960520229461150685085858271171575074517812074601078825872679269
90909878658392655868417425142129079225089127061957172669882277164310469279016
103496399171260979613492071975762091364202366835429023670455162953255273392790
66368201243627670003214737157197360219989643862652160079830340535729688735224
14683032530374626930496293894488139944187806864457566434727220486469818823644
37745318048427577812350937817747822100320751716731843384328294906712541370048
10589223409450317156165301421655712808281814170702435490963384482386542701863
40796718214874889930631136621979447246110053965056114327019997384234901806063
103794595198443530471609945792215365347576737535144848872208197458810561588800
105712024712076273326795540920815186996232400783038631723251507466774813003148
76319720917045083349430705245086782749391830508608583245682642593132725310608
77382402988571589098236646625936456909701078059470720933503643523320947719296
86137141464078561716146783558046132364001438543077343996301261491755491190866
32552064428792822915059145806290010533252743799296969756890554045713115819496
90833258718354353265245469993641018537978234484739041349833251484597963891052
7942920547655083539319629887321914857022176630785025318782704211859082482586
9653868269405354193173917068840742047091627776941574683913125043094870735831
31544892116720461279518470113083049656726595081017242988149091766842341910472
10268955365843462408616369057722850917139650706427131817512245145290284980642
75847646372223265944424118704881496876090242804146268606148958655380287901682
50945708093179901652668367195064693269622920392844990337404929364903111519409
63382891365412253213562800082403062986608678146372641364178114379053492448465
57772787484786366454270403891554480747123818247107033298217540370645398371921
110893969220632080500089590943799968079950466859823655709778840476589621278703
20786700149891950826447332017300556178735060690871161941667143181075392224471
17779983020423997601756367683301279234147229480121926256601773039794447806346
57242721004793699941103284023451521863915431265799859127922166056141220635506
77898132475139798346083790538291375834540921389175393093593935452794877955919
37662183253943584313012969615579791689069956310139166329277284594551128304337
60505711111530451811986514490521765540202092075058870462482977921119712305250
7961448196505999748412623424785921283456807622316823235741189459271878739716
24819817277082190538462859706487583468752811905085020204421967055427699499054
6790436797657421174244100217987530259645435509353755982949250504093892883334
95836778194684792163632151316649743367156073244482169670226751825037022220793
1253137529584160885261271405844148837771984900673197431604111318616969321319
26071617091035262169986268748260223230138852789296563956872784293287349765583
69240050325796384170385431565372069339852642928430442596004611087446109286175
114978409684875680609143212705252954112612107422254503419884863552508345782686
73040894046612698721283457671479190498285018500762459728005234635442271333285
38631090380176191879038595563806267680656367139279097602610161337694278437343
76452359420794969475501286706359953939937241892497601945638943683617888274846
7973064042530336544420161849749554309677010608198069214768296937004477575358
92942794376665095881471617946393212386735344456625974082212690885242720429373
107561131138466467860975908450583575189353040686601684750219243052390314418276
62421424014606143051777382587528397863755625610312564512863699141101001287247
79788986884164449447537478001710780657623233868332257670593234071084515144286
36423994900547896206026579767923717878597785775329663409130651458273509288811
38076617858365812415616913022125426278286749807701818440321610709231666049236
24523590313277953524973111346880726623069899366213218629731707902225922154096
99212985002172995622495166966420191549182472484091064851900193002836341731191
80751469464769888473488001580193883116214364707373902466239064221080321640467
109267725696121522431823264473632162668996929131076421643163821439976084736987
5939824622436844725102759602340240601496575768974135425563291668580124967782
25206819021422491336220388104738200853604206961603409156956736516773479307441
53886925083704238375497837590011438624494647170275204789127312415174978635760
94523759856696200590714470873567886003859632362322019348107017224992812242907
34221975436092781919812510811562353438307415366705691459188439401179289504678
70733129449900254480477434699520842049677358366363002750240067265969093427930
86862106875989693299603762667636864711922110053642887567633420789398499318804
48066190277519728028061506979774404606176444096556402993478677398737634191144
35545965653652396090854648592143164138474206071838260213433808326132343965737
2354136555720226304621311388024052715046971056042606329241753580637799318549
11769170526085809911765906417557545315169394525955146754975831233770470180728
57795324830911612476063807457853716041088478602342798758984280356333527200721
89132913390674151971569234988982521152543771373227902230558274890720195064810
36718278071537949495879343010465206726933284020657477169106974823923727530114
53282026694524361952517197113201924360553499022095670286241849777873834877699
16252755923917665105488860713615624557645192913361694523458977752478126190717
34756431493120101138545156086254060369672681162788215960434980655360291715196
34325742355978328339006526140231651468171134503223319718959000364581543369439
803210272306544915309448855125638448176235308038339800850402849691938410758
13698625345803210137843692790433062811956976143406998269540471828941867826609
102544086557037023529864024117575338878727531462996336269612232631579975520555
113134131488879921439891966122559235253180468449125391055826404900707562733275
88788783463330797881184431205578027299284238018346202925862371161434639671018
11154756308341732025906884766252834297192314148942753150668696572034034206353
72716073615620812383920014601840082226964541417003682001209351733702186551949
113264450832133653983209459072177148427048774575717699768630246129539093111259
97098426868750589317433320985706877677739944207637945657843264538114593731071
10630602051453310532578677564514835428665305241800214285277622937140067184537
46283018941206642363993924921843712625866202499771036077579530346123367315319
19035642077278930584958934994493195974967461842198323033036508018336343621651
68124318280614846479652248515758169969552232978576300876680217245872023798174
100752230882538634061952131287234285816831056525808077079106427066481175529608
74915340011044717811250172717003579086458714771524029689943338919588545353431
31245005297415982554450679011369249082744355323917362891126839443661718098972
113717907730190417507160528130783265614770450167484162481423736798848276742870
5297496542048083948560887867121482319955978623410744321001604946954397300883
113034610385750887387750468885339586622856603502333232546282686940538183356098
114912883567637658644008238986364407012313144115422395246103980403721461729204
77644909901736493734760330355067131655756052249084236498275017849658765678546
18781375294299387071605438147524799349400390850813752722144446898279478696306
83806529027437307767746622504838250424492721923291317172924381058979738850972
96247104713181847453265718804709412631603128615249587296922813254130548258187
98561507445086755634693912965332461740240949757111630258317777316531877327015
23577069479130319181603602001530057197591860957926856798378929979614183810292
58621287912619069394168554595000884655879525538118757805027887366693945821361
107463635448762548768831193836156289577126421540327019297428562015050741205338
38525373333927770371663198034621182334408321687700592744258898849871721810076
83987174946598127971236971057241513413825013027805847412608479793652840825772
60391353656590750620990541132097259421642683653352189302117840830181722785405
91889145753618341567212692788798026016082389788430595689248806163052538179479
49849879915582904831464191314101278562010171216845260020003180519732558828204
67749239530127946407315212379334562145000851178431801836156247374399678922598
3920706480192244315645159258608334418370106919932002280823524387133480550718
73632043944321315589742171846006070038027206540020431930881309203399778046668
57936589079242262575376358234619908739148156824162798230183721421951047816847
28464174581017235247767960881988520426761230923807335598374139102973636775888
107932676250041717513448639566985828848386360988724258117273451506955627971283
82155476160228570440401647330986354235474424756969462472590754013084496818163
107491135345284498414028296189357097839469015348395264362409354514633229281205
3109047066338288424579103176000589601616546756361823808036116756886764645632
99821049258821185875107091546018386768428662488639903275128623639737435055733
20766166872801105491551250611607135324169470572945196073527939143961420372346
51008108809981353497624200961350366066632908847814604503987578983863274728111
88929201590756104780162864772252159667599932315072816428116335317751543525461
41163055796071496023338269484629821882491521434314821673342426266045542298688
11424514068480706419381303848738637753474198740053184929569964784819847814286
104734381979967155478352322487197744313969257178334802354586196433877075301033
51093377413887567317152206391954141941122812013764467821511006920131315737058
36464754164254123702323979635423524367237332484303707654952930512853884499377
94184256694082399953758016442689843892609814042135950424694261068788071659191
74306107254510853075919419452408945990052149687240639589331306922996756100879
53569943068320887253818447672730094441550545267895345419993782228322404301432
25998106702821843151496042400980634028954451618722680094120868260219578031224
99793918607998150728706629859740881879573560765333783678168769876231895902027
38952337846095728144561786700443009455762277720588574281188025456189295154402
22211553369440340729986046291469911104303618021356435847072997163726963896738
79191213250457806355129336406323258667052368083621366062735109245734425230067
91489984092724693796702626340460737697441068499739861771746760830558824520498
103538468830578097256907235685264643791022360537947752614735778226965892872569
31486531346776861929122514346116710021423988506081614580656653573776101279344
95088243417177848089034768211258844650098629347845290147435886251551616811647
18433909454145701729869574002997361209305699288328577465707865865531857447677
65280629839378391246575749710090778534039599143308742069960338585611658731245
44406141416780132178567158841926438458510442520847842166788358695675277977338
65627329353122376772101069835596785811073204119096436679426064332376653988425
30056937119062797020618998906632578030132266679062390451113818803858592983326
18588133212641583203381606306681293656765510375847388061691159577036321007894
98148765328434356670570094419726041980316689410599606095733879749146613229239
61796160781205258393868140128321033893889907894938705425318302270488469740403
84088266257500569480019290527122897437344575402083883335386844140001010914480
29357420963935176253078111909541930333904550106757530004960148271386258913532
5246974339822461655828642451787352058013927369857647697569423860317986762746
51748910377670807179220403760871064129344109923418055704759584733875234318099
57677342797864833451982248590445813386905703016944420668971757097523309424878
53351547214312681300582819679265417672496097473718600250774178860369800375386
59474505971810330545234965300497736505746499181477472751875579912042020741039
111683976850260510473502528043939098997523240480127684229169628017525494278420
74701298545342702465184832997282844303204327121845285631566885809432722192159
27969928316527311550144560332525504384356650735610974171825491763661880452795
102006804671970681420748968101017337299392973083320135824165568037398858322244
65203411626678962034586370057519949335808459995321600802034218636006927891117
15627860268665158168222869577632441331690784974744835911241531648824331270307
43996121963962454402435344979601790119160040388882274747972932839892810678348
89237245430831292266721688385365011177332764514617546652486771072374564765251
76134805648894365881143986056007858417647271406530913259869825386016308035633
97493119298212165256428972976351214590262718525147391569052725458466138643025
26432022351218583231122106296564424389958695112374864147148718962698793048967
108000968395874238181723504827915499757160734328057928727164103081029664340847
92777558825256149792570922699052251573772860934858374846849696609611926731875
26375537481668564141342171982575410589628214459149967545656484263046704649232
42447621397175337822065534145621512870005874341641940188301214840307405954741
90212498491866276018748451250093259333950874222808198509376250168845345616165
103362283889941752891723076403249670913810458225272720100084240714414596232261
90180654845807777105112724088476772710756166751586813318034984555681904364401
93967388264257148169139417456753161437703785222295690935889889085495614027863
99906150531794991245515983561139787233282328751933140116238796431285356824335
12351782857600202505582794496714954944133977582063332605285749258361349655841
105134377763218514508223549623551806102803453368202935541112068827529900350145
40941233941030861417193003102952241665201845138899876087968262369082813607399
25183553264992970299823865615556756755043132971799585719854934530762959430155
7345170035511800796710266907073116561997416054919450441568056868219848863894
103350452643387952738375155098496518752183807467515725585894429192979028351739
20445121277229850404941951668855148338636165743545281418916005920287615851081
13795628736945087527301425626954506051561129322073936583419008320700465862009
42998012908279680512869049008853075015168493278981447123099421836917554521487
16489261773043633077331440878752582986638609488303425454390985382836060675264
105000992829318920623932118119703891838812433917319277775872984435243151822823
104935287597428406372102755740083297892080437373364539517273895886457333921158
73831517305743778365704123342910131602224262045094108930112830451561969203845
68667770634420078556907476134193917913572048087648323117516153095800711646037
65437802371001177151183840594221679722532697611579732808911729608683907426962
81281412158236937730700765846532936751497166547091547990746246289716896321682
100277943667329449543638324210453848120611977583074218130694659651298084750502
62272408649281587711484200870973673287325297264674751609160138780401665906273
12685240417183730213570892584295818468152981496142181294794433675394825866171
56080914149148983404209120715074199605079166916831959399651085398223058786095
97049239172618711355711972669610711985691958344720586356266093729780338728467
86558905970506555240615403433363124249579513566868478518725406282440674905005
63499768364135537657557894739257304819436702315844536877023169645430064477562
34842637602919988668157778721878857276031587062694649445306943421520631521563
57155412976515894721861576481652487471387525655207384192843073674995293132929
62297651473344820171878881832188866550854431001819466165955785226529894723064
13247850978240802422326351274360367771720423760551849030259352942917820426351
64239145034420647571546499333523425986362037345718661277762777856999578123132
44833845733563437987858235875655186848190438765157075996374647990183579295269
50488330228647197428697115243343193198661350978084160575185884784273599844767
100237272015550582657672186824783831341474297339711676790445511116767782370634
112421525627937078012430264101004630758347856234133498464385076837426261957166
102944949629591949032029138834667744834161854161352051578171302231576464260780
53554259920175951469909622366884667406819067995677464020244010495478151324215
35180300344789485745421927554899654563323641128784915405164342158517345557124
105209636560970972014096889122694552647507556517902763414098646774852001358754
37212345774894016165691532319449712992728807777852662508776168464423497537948
14989419350566641478144349172294026038121946855786392383108887599067820915849
74704748101255227615495315444203021887888644203798443941464156321641712063227
99186786573475423529608890897195392982500190930875890801350280740245870191893
76085266423920282592071871169209732125478810307132334732493133941841754819958
61836779303412447011489684173256878595431437202185758075382432556400399851335
40293648162007341083513637740851285390149699085245753097836372106956616913700
113780211752963491857471519967970882253110486970048286285349055635346569200714
71165955140128609533223371777420919271263019342145148044284411446536175081970
103033741984243651938292719808220433411677954121035659488708412028608281002585
101474661065658915777351406669391574140386841351540042595377850238460060265512
100909955903783163736633655512730244143726601836803004092988785681311700705699
15650952291312087284899312079726467395077724775464601076042912690303578552238
88897913842447688651226909634406182151908571552432914843044389610874887572064
90393761468847282816419692792824877973503861519917737819551085978797448780433
46405530366671846960272243480893211247825806178698174182598506478211726089884
46090787796537150471608534630252436729613246526805012845496657018199760538906
105049364412751966666388739175611917388494537341409359850042096898977724991837
36492495706540273021530191933555522494640574936887835896052513787012159874055
46734458999613794376383069639668145557945251005682123530200015762237193162915
4382616886250067487902132533756593545442141420517319968306323706004656482435
1473405983054262713517459054880209817041026856653248671415429075109824082409
10681010775443330075495441071293148276150575467317716797777407049632768291737
85830840079383647953521993408795956258409059747621404768634582568432370354817
25996501063751854802008931772691702261545423183616204559798633856026692180591
114404320151495365150798172289000867439161122104714040557569178499863139957091
45183414565309972294124607068697673355467927641267686125513120802353186052341
99910903345906842428291652750698104760589374603214814792763181157008766936060
103675062808529528358856422506570873576112301149886674800875847365830625749907
15108592423558351532368010531522303878652280085858407215528149236588521778077
24681808186811877102922486016890671337889219511615416767963877591662350371721
94716730289905437314139390289809698659019301177767341261578776560557139702920
16033822254839855393207408628182944858725469652134528751178575743653978700418
13480505267560054866622001664697622127354939014371932929173086202312997043768
65723929402713058277113788304326690317261599306499038287529159923968702755277
108292177129843274720730176570376603759744140197640138203725485604076788758754
53366187669249035642966093542193151558395920212971902686423392652533649239166
47082490329369534558016953240868845214407731148497360664997792783466713273864
76309219336548487015955996562732930770720957960270150702558591420554324932634
65717768772092331925400296521670191841243119993832774365252878770139675658910
44095760001557825891637308237614646407426603336723797249652423543183077197906
100111163773513830224872091344112089597600954334425305481448090371161786567232
106464289713816976288663214526326746001849867339309258020819935919457915872919
70847830962875933378841827380581141163080349433665099780505840166485248453938
16472162889639770018434645663820345974885780094925429430312435606275329560425
113640033577896057855212177224938829062834503633896730230522780174855687203708
43153039379911243389360026481866761687432641315126607648295344558078862334939
45799553999101339009886712637076077169532171564066253418057437539073219419402
64596888203973425098288728964168243995722302293047381205647541699765011542045
113864778758766522979032323007373974093394157380522497369965010496353685788743
71256196620928895200642992087657530973987949212964068562378784740753971195804
115096262592700741127073804651166953773401876329461190240652121850285901640533
14240608386062663419367795069363068868669731402825592386576264943077846331666
16290674223445569715035972895732573831825279110315762134537956394547376645723
95292508106974169603124484592656920883377619538027946359251240595009726334046
70758005115731266169598803285786635190289992636903553463336308302204907701745
84605216143704812988359563166561422440837330876874823879002447459358432872613
2494062844382146918521811521773256009535956526351883788460167014744340919181
3209575059676641970196270583181103749029057177249075170939045288717967289818
46840387951997306789922534049639123709104262471586972978622917565270578095426
74477997479424831488706718461952802527987941685830879971356885645244624104734
31687552561617932284544426933322982487730384658648496877053025869483020263733
20172366681094032631003480376296197998742371228248092185347952387457632616699
36073597224774218444252400479688631302687906465960026831414663841792228853627
35140891544866637324787257782183838037566389915747623389389989347062533739156
14715182548396065645020551307109932164403216999963227280304228512020450261357
112374865367600854277204534587003974890305170851057631776661621062879912296742
68291407352022601282821495104910897684510026485915930481054097400910243170550
70535461713180294294100704697949937754727328368116066014171517864850482190889
35089071408658846853923980905424421719725139304423931087711179845765888336736
106898443795686007595464766736336029700563629708758083432122275309984018137462
47735948397802999093608706816814959629893113994419083679855937659256863347776
24405309286985554183292137522091464426259265918922611004586496086018900724139
32037008416593291327104153564093452355218437927740631667659507041302841631602
97087494425415980196599799872977115868508407787561406578133165127895946510216
115254409920374078224226667783212046828487494876079371653575857135716438571333
87470841817802957383767365642251459930932352406064209624458787062233767203720
103096434281502653151832041469179696737672529655688520403163200756197828254968
47107310766344124146878463100227350509279685395662056164112143581997194057581
20907925651373927318210014631033319192643440088591372144169251648270074088739
61104652024071306168454293782745322404444651352314386260901999842585595228305
87383198517993181593919775027639296925389980067375028245732781230000180063929
111877579996709863403962351869689205896259543502025020500714962743039582562839
1952084269541157873863360130693683922232727930998573448328239177797651133865
66820127309322644330844331580738777629177770630927327985697868969017847526501
7545279816297949491876382850765809158237699211969276556800881842308921986046
43815402978544169090329469465449220098554474178797239852149986353352762759192
46538231009660509996012049978922205645775671406581387642925599301144930026158
30544281544666272497174694561302227459965216689713631320460351553270478863783
12322762897402404312609723860334919912461856606814163850560508167595165595216
102969207380612925858762292607698050534092298833077026316394219117688531267097
16957392814359638259020137870392603134172053624662641572498607999444620059011
53539403428581518861268753329919399167683406910305174371056693096435625841898
4428902010315526274034891632503169120512823395106153099663357998084619030390
34719596882042176784857764026138821874520663483408531404331029253112468692504
24978334723565505092979741384433786235785361741826333472014258969241056192159
99472173211140242491364041623570243892624438810034021408290411385732867911325
104150281576473303622687825249355587305317895321987809147194295184823899166239
8978317781856624163801137152785772543352122846401554094408411994985799013847
42822476510220772060919190889333360678471528098769672790712551080231522434191
98690582058350855883026560428494147435090292222927658200275909438231027785229
72260908158737127415012631747825499543894680074770894409680626204414138267582
31401742785325240934998571070494273842374161723567766586430392488430662905845
24973540918986799226791997712844215686506411545473441043749980668311166294684
76647740942555333302610186153050646443035734797264649511083855939432996057525
56827969884603042807722795250554799940823747681409487618432653114829850990440
54824763058184884478742299528089443091271933354184085083518267557665948211338
29241276950275650587635745514665048266407362978305165286622108801931935590696
100142731466220935135944679760850846767411184452881309669965279258059826632623
115489362260370196431494841641134961763778979821110317438955679939143820464398
92641224407414446409073171225090988947647118380276345110435234161066694797707
58244448956407379040921682214839025873581454183744138149903468652122203815209
108160452279031978883421883764318819170689883449841381350915062408166187708117
65479085026980182302768179965219142844430320687244666144436309264524591423719
104706073066573484136375055344796027310764273732733394563111033634156990505938
16652601832907338163492771313398670415919976315342426105393382474105630551624
96578669725337855663635307910199285391152240020254210098008981446550594384072
86295798059820176694159988919938073453186076728181069179057703411505694133086
39529116111621607353492102801647470812211878061510804361825531088264982320203
45328264562997142111260997879684757026108095841094561094858756691042838273391
90695724159225763919622452694701514205490857326214950494891907478870071185857
66757903230720762966327405719615163715997066044306191980140124509714510761123
76154799357869159692594396012433202996633236722323036588586284044543837725342
15442646781599020120271137048310654774561426652787023925768165589364029764598
60707330706642037024406180492209734549791979946456981245586873617196440133380
9823552362801769281653553167631505902423600603132946982399632437209542278814
78453449152247874942752617882007403760433772379945573953920929809711246512937
17320815802898881768830395990542603791873202119765734755106739383532018572829
63535670126155459750776008326871587168644094641007456901958492012270437889026
49488953994801050000655431933679003617042303927476560428709580024406891638287
36239125197469015752881935940544553165683396441748200634448567048443518108733
38753203389413779738283961859943141963254683341987949951635488461198711461608
56984311035986601789798732060652201230366380805022813441459025981941354619037
44949491772090957262168255424647246904504662480559707285032888872648187751765
69128125252343711403830491609249024839578219688171789248936278187860438594679
62051608303105717777609710222869407156100956326690530488346146423573504272752
109356631716591541067209615074796282015800112480681026601381472011860356560394
92960068988463790191900768732463644910466588362337455508199050914823480576788
34537235361952837122409691988738611489094007562094528681491577665804434348642
48918116697418411022891121650012293986398708372540202464822565648222634886351
105770196744202290430976934188488790785723210807155657742846877881991837977508
48569781901807061094845931035617044554555145334857247859023927821785072526688
23581580980760515872918423595142380576710777507150019120762206834241343742484
105312338863196989936813243122713353694432987127384342705072344874811050522209
83579946508988342211253770312361611434042218623774948394953431786993091310044
94838627516131818302759555865918474708330397725759369098290190811319767317860
71337870930612206074936199511420803701734331065832992959931603073917823835204
25202677247575038127284753458685294861912333658308897962788700725646993010826
37510541536239280966623456742319291681032221272304998236010572863256381558782
75070918004754203917123321425068293668369513474637349249676001284801749234755
46977265800337451391120627381957287829608590519899126517542629009213305167238
66927739144982724322447153572975219177329771028606908487432291593300380420547
23206109138120633489544527811683427418569427480248959363876814126375264721532
87926138833420265891233300482098290461601080922625844117779151716013700842762
72293207884275745493131206760820848913302557735434052893276237122471687417575
965159057978485780426805131162650619629451429422761271792182656086816758662
7610567858273040783285339532360990952227795834539569027389095067343923343472
95779105259291309045063508153689973260037270966082557157809977990784615008008
48658731532261365216131860725615421382927675506950530915871575250057339614318
66501808473673867604837607531283798891782527592775697320809408938470605604009
72698687218903780694054820142674131643682351044537108253143255707372685362899
13044165606871296754164042713730675469321030082266002220732860987748778352909
73270109972196740041290662317345723513921143335887270651268114003449520656599
107801871705719489255165696099463584421540415605200767768148909613998761548864
72867949737872797268276322647275665886103068218186277430549631598745210047358
37404908240337596342659346685038828027367620189133559971140792251865400613495
73953894286057201778968293533886391397631346909399897440749690108050482901389
49921560862008811432503306485185727194968608499215259626130053069716970803243
95723180281170518598580693279871980432841160709449736150679695184653439016541
16664828572189973585791638330503389879112166725124819109169283223049672413400
21280520966249277264472724136970109048987462328645149116145885152898393699003
19715123032849683246518977294230945532626124532011294560408635848027967848435
101669783379969673034247444772909850443289452021847755406138906562897888875946
39555492329683484867162962721563879458447781386128298125738984302679170745893
50169863003176199359346452482383047542487521339401346673786927384026298166783
101921353824563605464876017755842239084238145612048906597161800969796546119891
34127462722012635910866173102358583138426740748539732398660295206418277239739
31871531390140568276112055857307195173382532519160208155899809368314936993984
64973507523009909592342560857462896408696235237318769768245884356779987206264
81238307992641896645465946739547382986154099170577113047732757492364441444449
99383977350709154000141612137269745359318966006787228123064102763458492931509
100219974483498593249006770281754114404233454630370650604336891339266983929155
55356993855575188632561025551089103439981423491098331344123218341672920049162
104540721518353156758419524189345745385396260703875076275526313603422450951959
29187498242161807183967678881994263445360225110663562866052767023264261326756
62873895010472736315953162391834197141050539656954564018108623609322846392490
76204782263958400617205026859927365280089777285675775804829563345552172829554
96833995863536781832187307492767034228508445605270806794803820664220835111726
106686910955290137970467255329837134854332933244871631267105974491810217400343
7101675049673171450860967713884363373407110322271448575904996470507179329629
82803964967700236025354635157012523409583501823089268078030047389844893715211
29402339922616238087400474805733788008167642140110601916369641286053212769131
24352674179463456697569422666156210070876531741841765623089089756471922421840
27029770703925639360103991873952171953840513104011237446634302998377505778005
63896941925435938224638782633505313010000159204225849804106578420416542660548
34748478182062967650920755242148985524722524444393009394249942365317670196399
61118379832473263434734499849786008203840476445616499191255276576515950071708
114472471843445941125800464286417234275115728865071105236991526079522032485078
100590239090301346150320704966937767583683520152855562537282242097862647745328
50795667895812877617784450555837691783042888117067597711415590593824366206413
41562893746988449528907461617267455475109609637969766439388328477439685083402
52598915683305139228864729073586340574286505762773469408003558419591070566559
79132222533886523761370371388794300461761099926921097847441160909139825150485
5838800833484841064709650168506707733724517902461373734748784318208997983152
27017499515068383409713484286989054394495595761311097175820143460956796610922
86053725557608596636484840382900387201486014986124103619093550040666956755145
38894208236130967564155032784784007875580758886283762526073067237112570549003
102174299927754615762783205989669179501559587869986844056775598290116988130392
85264330130640876572860723650786961102515148000149968086262245708405693778142
54155965284803021991407527679678901862590452270031291538549378419578904850580
114924168553014301595820084702014501534202554685574929952792795306968283487210
23939849093346872613749644018262363190165827259458357493322069169305055861945
20652437261407690234317802885115009560532848485422501453295699072610106371195
106772988017366323160769618291047489131912406433906303302470492514231674711849
56287031286924223311836115903829731059050250485430960193915713365524906345998
88768501515979379676888320229604699053591618450514877344427518841406025552910
49649127446735664068975200112962600362395271664708905165715957478454346045465
48523313915488400594878787743666054026052272761497609003345935120683036063777
54731801082244620012733940072828859002049733825367675723875864988701478207071
94481514248406373134225759220693546166909551465194916191883935746476323647448
61288545228304063987748212821273744050761596763796662063122657622827234836885
96322218971125290343143381073902362481962643193503968018511340001749158689481
17459880012538363796069257105099052268532019648833975417698083776258353462408
8287097441940415325053617539771493677138815318146586595949705547315977480795
33657334689927186219208732417451784104065168891005213622176776377851389471822
62537109968765398379523580075669061835917488479245663883924043744015330988476
115505787480893450171070363583834682310372964034898961390861604215283264273041
8110759190639309577216087523871662658079959695615046947035771216768094160011
67111663268962270501053618275576939607703992071390172859468921165085514375809
11793347879722809075360056568603202700517727529154317006250727171432253605100
110406075717065948380879511693089240994848983911789062062662462168707008965649
54136733431450607591557631669255634128228405784775578648724338837517683628113
65759071536644838849999139183170738559375939466284547576239964725101516318017
68666289843850173219473188220343263325867515946948948491971070737484281855824
49385734707817394507847905241142573425549333382403446762708659580319167355341
45664863038391885367079634264691874550511864045017855241833442453317328918227
12848505602593007456955782602443038404195338809003316124771951032501194485229
30093187106213771846211272564842389089622753700333446450375482207274689903880
1267315808502129919534320960871292902952178606797198873997095101727007361252
113548851597071449177935774939211847382623214198406507789962087176599797614778
26465717276969207865813952700145892840919907305688372541714029164683107525289
78401894538890110500920658023471455239094610310378341712291503271891813472044
54958343547653915032310725866958471672658015235642872322718642382002618555037
6748880343172008113378031875037979603288975178859804137605355151140296440526
28923789019870074345748706003022396563954353477520907362870348580178999388848
41996189906634163053137680812009778562854065529292616165669835497683082606223
83370493269964416720771071781524536207574004250329754519718929571559150173120
4066232292787798237455400363814126136576843758271007538111352971296886434286
75126050477281966376526211515058122729088359261072055640898490635847699015327
27350059749494952335011373779707803466957828024856265310903659696118685947834
36650200974049404763579519302154374120633194849303345264629340253368536098389
93304418743260841797556614150163154071247725429625990200614483410518004940225
105556467260060825820475472584045777483858410268542233765788987602772441559473
42750702820441074107156670028298837752518303175324959746752647676836724998660
41401469869338923524642360081818398753145514698311375719288754168435256702941
71771353610622006704179752477875550412329056363878542618973348975466174000390
34321509742110583926236517398435223731732285808593195892144398436065727382905
18215275494622980617825188373933578518332928981853441159601380658569859130135
69726979753303936155106130600898872927857843033178230188487101477055942141642
70507929830502664818465787942401575199274693058859531638808728828516912737983
27405030107087379274130810333405157072771176931594327174722064713786523539943
42717623875858669397030483773940845847963150646203474661707396982967679088247
78812544336465932736747191878191704487303250831303085812204450804795860202820
64693445211785760678408923442984471226558057018029162877994115613541862494479
8321701502414485538074611021494048252921561128141512873150634539709994921024
52535150953001106803425580259460888866291205301769761503230151577703793126223
63793700910891121878564152560481818114561434326832236390372920387214146195678
86134858631054604825025112879177002887740467304460958311855111586578717503977
1967768767834323035726837464378907485004542390092473940053911332113658264239
51696105938120671356435432907821643175145007851734490468024787836375747627586
113936919723373314284037748357476727307541166346260552264178805677601137591644
110714437809984555014622378091438284651787737001163213296715577332708215089794
86912923142221739696127347342265005368698507696949724730614475956866475209028
19114277967581731682252477328157435021143291046022751857610387777793560545924
52712100778939012942207507786968254113586233309907647476351818108848832759900
83408907827488566261765505981013305322875623796844297850522206695497900201874
98792190176621098802515817547048585474700868606125729306622667031835893574150
105326178526572793860718084601942238894508778703629103919222808858332554541313
77936165856769346944821985838915017850808273386841189566532465945306971055142
39467380573330998824159380361037121319614749224677824696328563405670778471361
41399857227255811579730244953825242196188461004142986708752753891643141618330
50007043400075191257402569575144452198600871347058793948877980107045885554441
113008984694287191115389970544337139082123221122755130780458338375640978794172
14261020963645545272789111239780773739524554501130165988385296010162474828658
33157141743428682426835284208402996227950685483114184045943187514209242792878
102680211268301458355495241518638844555997785944421711725826386765686643094107
101269595252280930923469850362023235423346588250255362827708208115866461501238
88529830076305417036587036943806063561572322406331908036592149198399956993904
14626632578696261959733063528922134336246361585075914488541995834318316610965
13436807099222696728818543964935894607611417089006019196447436973832080424321
28844166867001848899619240048461612105938052459285425978683185476854026006009
76996149869030142231676354066750791707419925641331363392496117062456820285494
109657820995510695040985745133610279848984589057934075244811170173997970328335
19066049441346526865691709937123214212762229519588452751471037648734943457640
106117959891966078583727826479127435788997149610190101213598453000396325021472
90245694446087493472081639795693960828594857517037005745116780667478468449042
18581104793313652279128214497106492963349968869867280168748898938790383080596
3656228311874141258829449097372427379468635331231244976526672676657747926657
40941798879132303699399029402170728378048324544899103329862664438171055348793
36444590616879667268955303244143107433898838419207719378240851728533976569788
46585311774357660274866138051174531545376087032436511678677856382228282634033
110696727936997224617314836143169487709594535302329796549560887130405495083582
24699682261657969982019389250077510993533495122808098256722879845303661616204
90993995442087829616497859778924457450964114140780311715441504158874008778964
45406361582814264113895852895844869916218743949442081306752241712447133479785
33218715097717103929782453781845660122346415467463464545920527036906503345882
113901627012442367317524594331934767784355909215288853769436657688339031050651
37118786818831828142067945943501078393650539092271048542163453662303099637066
30680040930605992729215588209150336979535057701444320632724892917261165068564
48711257107725580657049142594126623166472191989273695673028242203358986913496
93280541702539752460725676849951129439767287599109861486484663720243169464034
23331393387620989922568654521517412261191930797231199036474382854124445768072
71979812055717254286881665322696367194651345955842149490230947045853508022992
66755480594272597241003073616926789457896464663477780606954545575581960846495
104301221859419711537468454887820056823679550892639693359964209046904254871573
110994583610143209790733138064141651122713024335857080031265176145999575345943
4904935494924926107019138213875333366672203839830087716884528985169804880117
73273891601028070382288807306788697823164118482245723110068305668744738670220
91981067208532935305853011177434166494400407566561529392596986212854987075604
107252192787493050487642034315784781895326485689130403145540831141193776248590
66324866605880113282929777234637060667416592280160337593390139251920831794859
19653790970027509372758567071414343709735539946175069881061232386111547475505
71484094197730601225784495125340923565046035573198337334435228231141512831606
87150185473028951194070316338955984717093446247312023310151629214007375897637
48004826459016047700251260380034730388417602479749793953939218465793917971919
7434173124981952630209317417915907372228077550781449293129250391237344847045
98728710717994494544102969221781201788644672925087527647311314538043786080728
2460529761943436005604070174226560005769162335612142190095946630036658431085
57063433607594048184260771263751480142949543353208753641787444103587183097306
72599346284414623665499410688530132337593917746970557696231700657714865049300
13705098659304273277913487238669349625339235446291385218526148206863927443836
51386966134152226240677058244435144198914508537837039392842948779186574683089
85435202695955519220383188452122331265286705289187260226598051416415171086704
115161299433219448115400544165302467178404494591343677030995729818636243249156
24572210369838301444799906619197210453888930429130670529648022916854179670299
72910484592975505539211371164611789456215645109883038521637402940830944458672
17895317762170177647519638501567733015979389884170064491185492260486863086183
8656958291724630895234626969080334706555809714904166514862478595312893761859
16157365409127551263033101395999378981636781859238971246114180991750243141469
41726003346953690539679172086966780608832097097081444637639697767456074330257
27253546223679916914980822045166798630250217616968076928368763498914128769132
54283355171329980558021488426068827640917799784891966873839683337450962072678
26935021226010045184228599787909140119460761256627557590378105900140721253185
71752841736888151248750707745731364577271726480500438816668247911705078114408
89991192714434354339705964602751604649672792593399746044383285223875010625257
58365184436417908611322573721349761294699325423883701068566428442514909768769
64473680848029349204926074969198628890889821237572081282778074532468021885117
50924726675797950165336062620555981219243031867846597922956059867766452164363
40107516328917060120585614455004660324308176272827638762215539187862437191077
38122571759912912959665601883740568616686798121770294589929213579532229765165
37609458106678438195140226858926399309724757439554463153277938302032174656268
57468670052711338870050638838507850420389432315699780728072736556635778621905
39143880187776536026180042757003957500059062061338042595263611774737900830249
45253905335425064547269495967577553272077306103426041696727228237851979664711
107198874339382989390283349286528392094673436953835593588819370328358474739658
34666714929674824132867528596768920617111780825890868232669524973917841143457
79743222402452657809569638095338816362952869272978928232565329717550623952468
50928399018084960963412531811040120654922384694116719179276048391736082661306
75344565571026558637847919158493316931548731387263379384960417675972251613456
34677709479689590716225256961478759248208211841728977882089846024224300792659
10221077810845290581594949583408049273443692789440866405919343965721812404624
21071824611930819509683813193344286872643907574042345262008609867920128037422
1051512511363787122765044632522361421739632038821837893513611215921225195497
26682722197195679302564016150589075323621843914588355690180545149276109789885
74751833155688795991930577729453626044204544180155414441206718505926906902827
35334664902090610449770025995477561555330657340760194998499840132206895680068
7242785842925422101703588222074809814200679207773401882166644140311065273111
93777271722903391018352575059831443772533810563017125016711831978725955834356
74933610564205136311043023038687650385464125881720399143385172927666335202273
92902625864112826861107434467511842316654357334699907449406902632208364697088
76496594202338290550358854331927882936972333964391693575055432279334410128301
32736658250990193430890559057435039114351204123575239667682589389865885910568
53444724440734351620777671036170094472979655604411957410905883494011450949882
73686016080444569689007717597801495538299793478812152612275909545961636058140
28837361468184729875579421547731168941746367853463249722503744484297156050092
21090840646679657913439026460013984897577703723243281048871572626591302401975
2349901495297261807830050610482044588499545066482810367130569563064057400421
2441292754363137526905727929851449150941643734157667617299444695189358808871
78208665765904583203512021764659136856538142720637962880650467908215879719732
95014503875539196518123390806381270155460265359357397413798694453433792978464
78820786227005149567913860998975018806337098519662880897275028045032985129987
113221606441751153780735677518464545605377367006998440550420916864091479853531
49829737109621939258137137973501975647041274023410702004003324211315330562901
47891563312622805079925846439532220592984567898764468212982643743560630114733
26291059545573559131211692752497660316669783721751052822910208101413874590039
79472697897496200844865993422616876797017699565127929249609227870535034401112
50375976281727198157703503178289289299583202007048675400866771756017384487215
61582011358117992158074056244719076850858923278537863179680272774728437779264
70037328963990956880340326933479472763738503338243181623634807170043352917048
90570967295711773377577658766782259554190050103375664304127799786313866105271
77320927785639806495950370074273462533533073910981595332999238997325191703194
92067291696449897042004630531282085271810692417890021122523657024834091635481
92374083059044798020384713664369940594256615144301085600160169831118455280647
77971394635903444409843976165313101296519308843159959967511608290031007193152
12404006093361894842313541004138586783284523831010682935934403043200477983708
114270206833257975533975558629128166767019650982603014532781720121453345219947
41069871063428707622589264843569141842992700966858214299076282191822686339960
81429451193556179300662876131064187896929600213345824502200914140415193357037
35224188025548175378012732988009674485076185327577238550532570792237640599127
93570024457716574516281326168767188227556811708240535394323820343262673258072
19880121595468589622610850351335328092571742967393813442903033733301478558985
86634771164956010518257498103892516554564099638907702580937882376595623573180
68934894337907374419246643406417821519866003623234426503533505157088640119336
108187909106371900871366230765438094729139821645551291315438872211465845647047
97861284689373415913446168220113531880504462109654339388984109869448267328056
68587154291997345940565933030711725843808784997693544234003905006089808931238
52473704776638577759822165185290312412236260797236689939495812344323110045681
23515392760379797352525607438460993854194200850243902675032312544468019833052
13392756448869744068674706989757914984051458645786973291454909596702361519466
64810049988761505249418730246848458034428384656769839648265625411476570529618
19161161834727362535761595901882179449842265027773566223974743149435251300593
98129465255190403982136522632864055695268893372668770306714475059229526439280
114780947021175744816385970036236886999195866487939446792934222811461660722480
23064375618660346150390726635498523499549981256132475790307979893540522933481
104184807134817210285762641856448294333507416549055574891140883586217593205746
52810893604395195413925799084986631310907837392619724874355154989470445391459
95699126454280779883686505850204259525797551733411067720564367884332508782595
6663713701380151054683312287233265439595952355968141501170890286184036389359
73141136159674418257900266244956825403012930807836393947478971442310805600806
6950892526914401489053028626882971116219389082322789106125107861101017140515
37202672433033232154592657533314562178827090991116102936856833734519264981779
16689576991073111996553678255656838611362615578633563267989672366990246274313
112990184720375427142326339086086685618664895295523579300310934293987891228782
4434025794744552551881692386972959276049877574500236054745304594331357018269
99075351480451498747866728402970426414774390053408602570523124547162294652934
9784052430099143244311230365318190559964503710713261523681264058009504805629
80808344885597468480219632064232056142780773873942735855772949097906747340453
92785690763722489824312912682325042371578161737172122067099948079110272025889
37368831837830534247774361760212691127937850425027566779311892543300924763791
48814453333995981675100679577591950441603176190892372594581321615838549797085
40910106148932256597850761551528181268742622576491649446167802545685916727567
84220927241411163277683736365481932456365815055364791368414609404927274171051
34085837553941877038677240741086757350077506098993809086200379490097952308774
64897144907293806645687413478128746338921019726861599557356351251041634798554
53563047419314664439254922348931574353269440536453185651956707274988131710069
23646467424960896875750642297900018074630310387266367241354383544032593181987
73257340742602910109643733884177629479354566969641386441734022739092296145586
88886727554429249569245982281422218657571013732676242821713035674094166493198
105742116700168135936384144255209149664713058670077640423316367757260159901171
34376563598143526366446154160483023667385975818807037129117874322670788124463
7551809586582745345972000692304735984726288878586901796580938237613618876913
72408835240517825337616936866480006999287721701906212624164025687416572554996
101275840535205308597164553784980179922512751642468490276333331125065169034229
46909361312979793686885365539204913350771408232551938652795793127591798791955
45380971313020041325086431875592297430953221350998502570372645738226812908998
27446096556398879354591940523893753338685689702502817524194780360855052880927
36655958747792071431306869511031861985435476513579460750569701800945183641024
14999282469186665953322363685351421579266363262215037589731503846152540062599
112397829954883251603349316308483197694679753822769382815844911750694569810493
50477379014523453831558493743732263467983987748062707676340242080845467449334
92551600121554986702421718602344277971618196368745393192567152432884569179653
59597634669247601821738778344666680018041182641132079377759461509188888446873
82748725930482209937325320696301697067891701040852204124770105660885453149595
100904567450610356024865368192998793819779953533064923663176482338102058283055
37393725027352371774224911818048621834012728091214833971125158240568451520048
48282293476866096808004094805332962599489323314423456294766383878522315481468
92476852307862890278251725462135294086506814643961664787773039787690783244212
93266858066483483803249891650119162023539818964995729072045253857418123393379
51118432040129949977605683083564454428603183288548416925355535267367072884015
7960017983228689893792847747793407802152021092692203599464796466631861356953
66525680699515057479824264687950686134086480956240082023949523941545822754245
21287215491464271591434155119226187839026351011569008535733687095063319271164
89329201598842898710042849208695498782417726649683080412605369324114552997270
28184905985365647996416673096766938702522256241051008710987953245400117560087
85827470856430516438710175130525350006358308788021315848297678745381427029126
32450099902507730140184909040837383227388904125516183272517558383945135630286
71772435088603791872001583072577319066793161064117439479011842693567211529515
52896830575247678958876741405080350734686861478986052387638565899121876235489
95571314508439126404707591151321066175452845924040965042661179559568402000771
21439077200131408020613070382572110338947967699301217334853605884622182808687
6037833771381430292092089524173215769540094668680710659114886237169624849688
11161016664930483683867505822197647247906487807981307173125271037268281974121
36713455202916624345169692592151109018822788895699866677083947595148407926717
22602493069328771245214150913055111217582702383637444493628060430059645507968
63004106915627589605028821819747010748877362808581307111394589996409364754507
10912316264634629263578926790592625534104153714165469411998401714618803462257
43140493511595455398471000917738505506295826695122941605942492609523898265915
7110646015619752186487637816035086074793923615869967382545961068364791487984
107850049717209924169643032592108308122398515585988888112638485079125124102728
69535310430031539776143144484716752724084048022435974120085714755937638195618
100409388604925901454649539309856193363198865552842258710191470048711915752687
108447663551693008103713582046963381651597300610518082152137692322392099919075
69569468791342608788835875250834215276082745446692162145195835802469296507756
67961072866624827179734117449642674554906132849192945732309503112227040566343
82983976809053102924185137445721047314450004944567027720141984362665434490298
32891988032881081022726674426202540230120766426767754381602699410425848177933
34748460754551345904003725517384097262736757969354320542529828539345521685632
43791549952139344854169052556953750534212805487862086080400230813182368318814
107123570553418814075080560359567820067037107316605580338070098725608954666531
18446684304890388754925490284640956364393484105496581073449982628268718796914
67989015932556462063201727571688564119652729174803000106695680570770437092476
14913279940185793601836716708879686939877204393092893797918812862688820556876
115376126648528746813597821950636211116952561898353876250742657657343960993765
74967804796152368308436984386308066121137447298653047357859932850043018389281
44650771201241427277429455974527911679122322294178400251618280682226743208064
76386818339871270873100275504057833179597707093490028183262154566707938955372
93484879791810506680368863170038242555237766140621524395117816835891584134368
4634240972982233077570502358326905936640117899077748560422544929528414362738
9683208094381868658277577936407326505506134870631976316369093761670062572312
42376853409472155166721149223410341122208688195487155207460085641450648222133
16251051784133584610274840443769759531441654096957639074619780844717383358707
72820832578491716479656923004629363853503467404498159625385551085216113345879
77990014691577407272517228954528634325536572265610767950076944663284075647852
48324864436028313103011351981519399889906003422897063476637075761892831340745
84330251026208841706817935225173303279433777053718627088378206925891686154654
75461719133458518948742585236172422495073785868181749298305139957087155779950
101025693706974001566934611052256065781495247616695232739860777537503991551941
84180096910219864372950681951377295240307323626839528415005176038288238312181
115737166798138264938023329978583255640556727976144395698907938658449399837453
57393279730850233690888357548970502984668072925792377865861617051039359846242
44414102525381340582140311999575267547705015439335973239648569166660469986076
21583637424468038356055078868691142029210721413324892540842391337127571142560
58585204494886650817550507455905979731792957532291889749140297949499831844339
32797889411977816988536906694868124864435546551548973752589967195296564924339
60331303674840001446955075863720457663735081746608599857331306944763787130890
34004482848944913556685356829735843170712926119630700650743739315832069245003
110313684464127901731622267320114118452402978804518035495190814499935798378901
7601155172519669179444449351755275347036627499878371069277568857641829825929
76610210524603670489445131615911105565678523606666207601077094004941748290627
77947866357117779491173820362714650636628773714114526429921504410577709334198
17633973569581910036608727564548147737757042246643697539107995651613684897688
6057391587265381057814551947790149878249059930647224027173018957889532090688
9756862931084754487211902300587414284614667410457725587483291743398024586335
41943999493203076597371846295359121356409674336878705765938397048302217090313
