59320225992110569337875129852084505126953942778658329371877276332018774345200
12126418732507800771405594489839689347269859649703056877888542653584426913307
23320988659629903472531568736754545664950676727866692119967462959976963884404
17432082160343808944911741646299796966552393464391634023341046088108422399166
5578361807394093515747179992856673033552238879192947009563246205821099441324
81841354509752620002161225817620618406324873214725064969961972020177028581770
115056832232039368007880203106458691972222745822870045032301744969315361894327
9256862241093151343904272191346751257255068453510024394091570439221777347763
64922030757472190609683202872514820516434802487002046966463957409962216933556
41279936294747028548682159671703528451708687481625207117110260472711809055302
84059558125297317646678827725527014038410062673769385821473685371662565920566
89836418914625881200506499016523561966119394731056848101460464057209039646600
63822887673699296166508177795155449890531487764442712301955026949699200310542
30925173905650284548856936653989189605636858412319024861364177185131909303667
84431141661681606063769849298902189440433129105245293954221072574792150315463
64965222002460955087429738204671961017948026961352197698458027072977842394380
10506033746472908981345661984508704630668866929619839331665770619652808648652
73375592098827425078434338837167885882493961788888407660066272978768434239294
14960036775406144882888786923840243205129233953465302539937937002053310542335
30341749501308188842942097279629822028328599075919565367606282736546351614226
35836344230956456867556004657294134683676441736274428060259521374847349640313
75221484737347077135904102239343543446781515630818128354300517636825903479378
6304087948058181712599306674558876205189017129840295061126094162842793724881
49477147026373737604608137871415063832481501805228540216445329881386446979204
73265037443084011988096507530199461722123940581052511604718739865219624902937
90840340184166504428440740810945598329289206486027228807083522263766984652709
45533639041245947319787308478227912610679195755119705919703551085227479155224
64913701222147716861888365161375606471570125901386252396768406222222596047429
100289727501373661984888158248817105416591322151246360420106055261216537888444
24308156810717385407576358806116602234625200945436516231401232106169081498542
7547751398947827379447227878819011070594818025899096121776121340121950625019
22476563479530261219800149795277704524027220600054900510129700507636394002646
98484538288669308628882217364888478904956914022007708968373611177399978365809
25237360031595564643107475849289767970501632557619637317521644612975559734761
112527680651036043657310953516721307655130548169098312211620886550096240676015
60490533663165208352836978689696448079745273883168441540293574084883339148592
24806192119721051264237850097329444382523256218883056903158540165072226064820
10021244544903535965950620141485737283970750653830051384847935881353719137410
8047993529848799758901343002976755837003406336891962820917031233127690980712
3477804771241823327839902854144706890200322362457113440574334226702845383477
113882245515220527224649440234972438842696801807038755150109260554063134554947
2431815018075886784965519433452021993820665079764083653369979521830473010248
3841725896302176946225618094969465334518831937263303414483054107122340789861
76262635078422116340655685105290076280441972740281532755440674970342255288620
14372356012432964411818661210115480936422976456269120463245799442594273408277
22300331414933802243332362177062682673077645234156762909412949472708969724314
27531246015075399381576995565427200388192582325486964799950488754463878327453
62866769028371521446721195895586501245847238579508131282516084883001445380781
57464109597695825539367409636432178153069014553080097877745157559568162344768
15361339330986246614559261745060566419489781007948242943170480475811783126635
104094668958216883367784145512159640904583902481093212192183085546256823735240
24186488863638335701083506823038028850426390518733382736630073839289195466004
11773004901385678490851919219005914224562577325457815733751926167507580070434
59731049824185494919583108900767012415550082820023843390445349424323442855250
17903570419407273539389294419706053623980145576917954627893530052324660700213
67689896044556569869777224612604438859363961272258293137926332763779250736121
30424425105523762142840789205440395851464188425731333258693504997815133060592
85747349636530225502920911794200604885375513199421439115039343330166257605584
90775935718870175496967964062070132416171434089349445756259648819590618761725
14392014365093676861686783574516344013502636351519194504879209102787301977329
81077331418025299982889983593387584294956545977458765993014673035802595997622
103845886254996225977298356743009279903206949462021581416907026129037053098867
99799942036067672637750405806489466294409050852061243317600462985665861349751
84047501571665199538424962344569332638582831517839441183628918693010493473020
74182028959184935932202217845356128292662081557971969944728343415785655643787
94482350766507880391016928236589818495582149224394589429516681046764155044383
29976132348846804912783845348447305104513196610583083584622864491211761252303
27655272257099851122667972093064575572125878668004001567947048040726905794653
46840849153215881240917199305630348445183362844519677974950975575767736995271
89077908619191840606935328125509289902201438267419677593965051341278795166988
17041503046192098577150285699715815586213959630352055188943904589487969036584
72483381943508822152673549127332640778079240959395153071037029418298577200953
13643943751420112755234823229914235429262888542454981707542065754204911498206
872651764034671559725031619175369108458015372530126676125031434983326814934
35235810820138875349989423430760757696303591982731566658672432957263078492711
83468849684494509224487417041268317952309097783199521779063753262623523363953
15725207490129809420602608375235590109765597492418987313625117545536885773760
83650458759196764690959916328318282585266901119908447990066719365007797411760
76048330070414876709416719126553259173241465159709232606307859993327010907404
51856272308854308747776687682386449637920722847610326515780734151171621138686
6057468044713670917696005582341951974607566488069096839687423451070221566484
3164385153382093530087827268272992863689953684957291692940536632839049230317
76601829549992341501462166825272367820203048532375620265802611438869090365165
2903948192006664167953137596660015064270755587699800181468975310491433289875
56668048375542143471256949221266661364035469350494873465987799262545700517854
68617195299685562235146081714694815623196805231071657792907410339599203414840
78205282060320130644190511090389257021675608676520226322930203137926212616585
110851483463449177035936646772811627369178656542940783037329694428505543365190
10548209227056416744738443600394626935123650652997430634351301817765741024772
3782741320694001821177603851259512260008736042978331662575937933278811497960
79408838444430520396678198447793538831684704871710766671109620892506619201623
61164095524161784032965403771631376038096393933273872232551189855824778047932
28172564821961766327874802631275828913224872561448395057142616175034493466607
39594341878639574426527526319800025311509150382359993016788186797661066374942
41540732962038685639317215943081168788080593837506973363377491771883178426085
37390947118406369328322518044192545797826684973394915099594944878551663137027
81132692665162940970947022595109002748415274611872658260966715655605782452083
55990842568645851497609517591757275872748138780198780709594497409318415433054
86862731464948530834992320118495616512345718759744002674030107568310422509840
50562204604032236833614193230803239390371721844212490602506072425336539487122
22369182912098250494826151563136116196417292424605286609426720876810033124664
12284731720298167535090381012371670360381791425390685487313372265650612067663
61554674347377909825884496729682054195768818045628184592997183069159933099432
62745531681491030045408072337610024298580316057209660930077882239197262591567
99399948504573440719278015545497090483166925829142467197572203526442577983036
86564197560042026541070408349553775618898778620577692708406437511093004229726
34682237224540555229174645447703139530952089132412977166318420535875942506835
62898884765980444777888056747736120470430757203265579308183713799858270190692
76676422544738719638717852708734078747921677442219190311531591193732421225676
86539967278296161660767947874968093591963981322922567089678664126612262165677
44230213483786707187491721319662989418588547736387756663940468403609225242223
80413790729952807726098444795779997974405751638862449029811955786307926823499
60693211626548876418891376642904803352264522398231924382976963453581200829181
77551852604533435133654240253935758821698327685901089864632517472981237896667
63681435656230801435790445310252520855418336873371228996665920855395200554312
100833469378320659854929989253375170311338989926344537646038748853468005600738
10819671575703098005721686939174128541672272312948186193147550053291835080809
78606742274469386049476638543618493031225468165471908991702218031123248660265
60206164585037826157442291028734536893505553787648490396350632604254405438937
74755431630950484054692303383128675648776905589706373442335035543719472512184
23874119207941267381912161234455277981173879718086036156488641756171209763552
4636146367277459778329503750252896317479209212324997056007941571938472554667
46141245735022465637417726084301680824408898358296431996199601750512048626603
59958084170678074987277632043935051504531572498253384678494988867714141394686
50896378920321592639496159944155485682549456940669875525790139594301893197174
24835625888498655352190913049139049045173935961660678963460284667148754454062
96185816153022598580066807554500027943243591134246139103373708017221475014610
59870291519352473265101002853760479523487783732504239552984363381035632466921
110979743988270947465230545854209847232927336586385829161016795122625159646933
102417930214666365703459581254563807629375757623168156555217529318305061185761
114233954957794481683787968744510393886074457426647863365286857683147554943626
77903355117096307458619964877707425965489467740251568636020503090913175862914
50729923174701450266045380294763817377411298759461243904956117035414512049072
15136945876970327971722485178027034276737171970475212687337796694364123389511
50627962428427497941505241802748471642503725259623654811675369683529528286379
42150269248798999574594387710407883766869293348216645682031742796447304042198
15711610540188759116421491124917382669907518054191112422946646242366934493334
39783474894965397770276318577185855099576455762910953687986796600737653350791
63320828885876194375701223584575328936260113510113744607484163847198309644863
3958851173239815512427143683545118429679476028431813432923383299075856853470
54089470195235151139931627238579696832458138290767935557722714622698609653944
110383856289343507892492642133313420309340234386383725563612774068472364797708
55245225283874495018125139088851585503889337161533928665087962357162272015228
78986625481021225695304743605567173709634129397850685076993879493985487013781
108003742089428953331182386377034611179364165950602519848854857215177828954780
73509398078311979675237480055723735337657710565061241966097678166500737051359
105805346291596279932562486380537719353446966788964929369621170729048844303632
54927348487471770990506965692235265929228971821968259730681618772712860935547
39315859074687010174330789285647416518985814707251083216417760650684859635821
29756277569371912779400657951778947771278957851000455147736091446226297258703
50816144083766451436527484310012671747782793279013477627874582006641309996720
110224466816572826108145122361742956341174449811286983567967790075288417182238
17210950857266736886176151023937064108816538342067783870881685511963770988377
46919233451170416247418618573030487271355340115668757122881084355687998929003
47774680934812475651842527477068822367449606874316287003882410338737262408114
2427476306541450058156734648030513661323117327098798384275729110448450447533
99639854563347801910773862444354155856544522628509074727678906024500731963473
90912448065973141832756021854756878106644329802801673542778607210076742570862
6745949317876355751930241197324160070976827749376071443315327355364483741047
68125177046891588567697535457559684988471016107755028111963291266777439751253
70454086542628293558931930731109353676098034294842658472146675254502999303874
110419140589550659788325664046767502055681885381358454612499546148669556061069
91224601992236342344302805486181408525845394578426713346989461038571066843894
54034365507155967069252903479637176310843022662162233625218865463855439580007
101773817362601633120295310231050972155735196762645999297959354988400872514975
57631633159819607503488801996181336692135880015127234110853613295143073363413
62762053236672057058202585774155760677545865440948737423435633894392591615785
98759033193217264964520646021303804866806847913666333493743470577354687259723
9752610384275232026764568916059602346720730219647304671591772316140426570417
10361194022840809967387818176253381848272399014624710316630084921882485499370
42857402431611318260901893940784450887801036790896138599174314974709316073784
73303883511309886906891483100554036818950109896962257085298617569154938554701
9682228066600513090093814859107271344001090455251415294211868397103985724830
100669331220996139610981081347112510049254271697286875589237969041352090766964
76547857547319404147335424520209943362584572653195476655238723108555951352147
66953251595795114020260204888227475456603936403939671713122657925180260475789
388922675086356185091172579711083058529572664604192349749848319565152518442
105553353080891900459075388830700027677411541133388941167803691464343506425144
69932583948049654176423898392989943166529713888333236394072566582880919397041
112716363664750428967166396118735368624810132969313579086006543811600242989653
56909194752625730910717541977045745924008273640656321810433569156645105788069
108262881403359417581967621760308712819287530546953613374029959637504456047430
60606757118822444066585995963963230572556361911623103405364667188232970384741
40185222781154247910209841556983018724315631068881279456767397439963690244294
33645240895230307642407395277536799780017659998284140541415165190250307747069
18842535024112170296775427299196763700057121979433961888690695925330017250513
73560619834897897537354603998562070861248912157859106360489545271025999286108
78067481848806182063685424093185883008972453111502172353096232740435934042395
83354244498885842490238074683424712818786966400927002895910258577350826057099
104712027721718698047086525650086400576738623719453672625308702410269354604386
113810259690532182412900516793581049542440154635678431335982215477192792144030
78225392414493887589301235566717822935560818642460285498351449694185143462473
17052005233848087813634276181939110537922214709572511808734886282974021117897
112150085392755619478453701488331883329655872583549371916136976335531556130551
1261535265239958025002817871867793751274157236856601611756777895477954439984
114548959354061580278435725243925763210398597886828796201619722248132727582714
10758596874031104315628517888882519915941968314614277151356885451224420547246
73107057534571083837942189939375418529004754944245205409510746961347637028331
88231168874829976758713963991297104016752804782044401496495158672708841952645
40775615947516250367993854016759262279781539953387627318552232509665374629760
104694123771060877095669134274074223679719362751018533425067863062999024472826
20965419000198143376124830252072196787729605756486505127689473650535980751325
71412352925790377421116220401329710419327577768463516650282068438853561817748
114061704592920380247970927163223194044730081845888914757812133851724500486578
57440372544483340494550895009611356648148691335633553248665883042197616716518
31640780127724573794553551398793028149141251688564863282975720730950541586408
100965377364352444870300397156091795515242485629740629669215136839550013722192
62843069956822760643122018194054133857192572608068117038830154702644673949584
44012886716032111204385100033659612338004766612731968837537670883094271610847
100534555537393545178475174859136873769163446207284079032064987018992198508045
61644922738160852234094676476869749690953519286109374773937501308511083187410
63103481324312596815330564786154637124163551134450881004267160095241096333614
35768728135596892191140272076881896150940666124319034280538048936687957124646
73638256315074092165159283674701057219662692612062694478671655818435395779645
29235498846286021283427245711797802213932363427088649444091313163439165615515
79250257572354380924680763554672928801010622396297954042399446083954229637889
107026571621541764002594675414295945604449873871578046480114732557266968255156
63042725157101719085073209089316640473359794101955080396281292142358187679786
48574962935981752919195826344589629962043091381445971673094287066522221903885
61474477161881035019138075701473366471146852782549845907530453403977266432502
72019838930852852007704276612993366399932065814442429601920575864279800602093
111751824232450313727447834022557913566273899962098472966647960101881777212463
604292972520924750914537224772834668141133540478987762531516926961281613366
5328403773251214242109087065786226527279608272064535492505208495651232290915
40194441379453656006659327339748989448448623022542034172010546496656722593773
23352513234899693237998058963925322002430511403083071480592191369435617092397
35376965192763784214954530643670289357338903736598758902699587640345107521977
20968839693527781815170024502973607324132666461033882356592747593225879773405
28573788450177632163137461406066481395126587261571433583923418654651717647117
106504837779926911931813060857549525455488105895609091909188955100919351698795
22609785665334643781570556188457318051369684683870206588670148523326774754441
87789880413336311322261541991191007363416772405815216306931605693549599812947
89706218341551939584070185764941510497609398148846421483095525100829401859725
83628956583795618760390421803240277241283102628279025129670261521425265722501
85090479046150437658250185190428780830202246089956145856197700546701448898704
95135596558759388226614178231098907347256512478737219849221469299686143199293
18331625877868254712582779415481155834024842627330059069406371797044255486229
105420092834138264250235765963144909670689841180105716805472981429999365871794
83418291576946187764302582685299577526411177703657948357726098574146241398942
86100875380323753588660014637009230792752988563703610503800517817059114430160
103829194839599681546264419682253526944539537733518598940210993724699099592501
75808757127410918367223780330565063803628575607428835387908256916487791536207
51783805322317104598549509838702976513530616037317318665365734304917271560922
55819750091040387416648146470136814981689087819335266418166871863316414858265
17754478349073387005456423004658324393031447223717436649527178816832677188153
14773458992423282898455257456755977339705640223871072519223868580313189849327
93804650191518182815191773693768768057424118883186184963936190470934897428928
57654617058495283159594896568778662205063282734595968046324511930718381905309
1214132666065944613444734550491828489359193635385746598655177381409631312807
41143998912570465167821989538135574165283628057486578052635892841558316635269
53379193133960547345342582870742515021219459610581175643946069709159738458071
75629542086544127221686359055494200722824788574161086105937323361607304266133
71291796589298605968445323179107576647589497700351636520562641949108163383112
19914309277200554483539223791593935044589767154678325079464938774122721842384
51292129473365481531993771422864876822850359199531729200484519931008398442054
50401566904819695274425079080342437169272155945397371486585988844014183786524
88550063688841453626790766589960742433870413294584529751818575992655389752968
11942662695664331206591872726113775695233504015209314573469017200238570820328
40561424804023024788327937228343499695781078270176636915866723752797191026363
93737554012594551282871732764049263824628308184767490355007537510198142297358
34843019543514580297335587500459594283647424596486857103787881257836941493645
39443903236611607238445465338656584271907855099681803039160474266534781424532
55417493228400471449321229796458319776593885233426303765743135912200629757096
80372582556858855348941267670250845894469326558964383952614979886964317038480
59728524492377756154693073947994239163521788453557162307915686398775894351001
89147682591140330730339025855061825570490095962827901383103815591712589603841
59411160501695629881295584489918855469551416038307344899556154831112301233669
111170262749414625378368637088659581538307211646544712077384133726950427780498
266378278288888901904309309892662681539633977009992647012584981632769218069
74568267055358469632975655474569380278460533456880217678879323417667114043603
51068930520366933158382710253521002872292768130223106965642117423412995884217
28500618151456630692115570902427129947589802408745514353917532100117180735305
87249029604177078540200687329835589164382999703664568354422673518443277896781
33153760878874390621127469771526242727085297105303840232094598477099565817592
84229311427032673885764949438723352134082386969786106444875850777775327437959
10486294201317873649606081919255352363742816155196906757229263385775860524374
10101441405675311943584314196624914752418313595535493269339349139034812731570
23718737437846417301231254913485438419454441299260463016334897052099745911285
39803536657572449752041118473203426670512063374234139119110030556640538963498
54473306170496263202476127267273435429945959827884983712476238151445801044529
9116929650029063832293120674404981966958966971153016513184633163714850364456
1826278535041676273313929960910876362514513521182042451576325270834222830173
17685222166271533936116317062929009268676996848507678908817685949587024125186
85678962450918980722991105668910454407911099193358667216341976188191446844473
86177796871911197301207694433651888849896046910203583076053136495713339027632
105542486838775286878079250173397200997171078278207215343816040339580293318158
103518978412521604215324328716072623518443239317356248361890880991030887137214
97619804605416065522176753427000491341246355940577963911544772922343588038998
94957061918305129902243814063721567737648119895941462149348541964389615217406
72834317333309818670973959946913894455342931684582241297377562921430954894019
45633710548491344072577003824426040611099468140525786974506395648607281703623
40152049052051383112069509970599281222937277107250515687068341111559283190279
82689256751211230552794524546842528592772494169266464161138288357862300573688
75278287631431473173442221917609853448851828133636320953385889100508262171278
36402155865435900109020744935579226888583248079348934270327254300742262292469
45023439879576465849711353114799240062681288253432939256877513510811587001383
73352262542220749738604344592906163869483828466074406845086013939361156734751
85651345812405746214878032128945375843149605904112366095263582404406708895347
34397555775134700843891124685866484543936065494095985449006912105619704350334
40996916494323777098786897158779291089372074125466417099925342551620917918995
54628825564844057676794591224233665294104462161345085115554956106836927626229
78771727946147634627811042989885810461161716196634315402351765237762441347654
76131176146376400545224349679355759559734839468687427579797913500220243771758
62505819664053195865483889876274510786708115107389157754233498099549150637823
90246299471001157577053836296708149268105622020153064437187210222358801368961
108953065491000026930037985817777784109162682832908338918749072034247959594663
99413087021528579127141741257192992723726891059507647398855048557328443058891
99518734281047520928165416148272420735144653029717135692738873390043588440641
100545944596012672703168693555177564373191986085862152275035498151116642021081
69400880569448002550665171009178497546362265140684500173579602165312818721390
33508882351139701988010218847131145090332502674007284144231235965577749828875
91964782018688677320343815164420880855438282023746055613215943149140177135728
106123424850792095739026599227470676357527431049791305916021704603029472988373
10890314389007998920555768136936192363616329752902771696896442145373622155629
49984387546585374056221710936492911394232933763205760831318303953809219229727
21474030921155368114444533629159487871824744991666675350740911626035935246227
52771483667521505657884266254608995412276517840266416799521965992854893039989
66945550160994634177632516097836029705068287834112014493528239454154225407297
42185322229387046018094869719471942692372103729657059646544837762927883556380
68463595801531520623190657890278427846104055979036532271777461872621232670316
21259416490817735822132463849216514156910084175297217728650545259011653191213
29223967551958660191257421203638871759608573466652065068725301481214395119566
44777214626595115177873981842159696660996718865690160668189460917310621405395
52987784491512905584537108850355064006100838918097132789267749299702294068551
71320161266368817154594649198511565695560771014222995185994201279644146824974
51114272406407473368645535400740231869082974531315747128472384376683286695492
1213590719862683188082977767848999694730570480684468715912623642251951533540
66934956295835022042434168232028056765844499323567127192034150648860118125811
91694075408714783442743758580781479074245419033618541074401725307148750648046
87899152160989912775535235298765977068245427284043314436811424684267921954696
106909671756857000661465881313200045500095427161015499956065321439870109103972
10512396889153470349189533298986222299998729873463965158279496120754974195682
32987165224989113807088465194437054930975093034290420965452161121760583163042
29861695926247886436689824260479043210417460896292014318162599016276534793993
109022863625078545848549689228699476902662922226689375248310958637650223616283
112733750431636222017398714020419197808449625090085987199932599500562125792936
3604520045446275350018884978931392856010792765329291188589334486564707013169
110494505277149353361292101235540207977212498109256322838818925227160703181059
7880092578895685299857850926980488322175107285146510985670743651287066155736
94806288634903684273206433845437027356171567073967662328085450116307893040551
73502633537952722560452635873107996218983014007196695749816026111974182503827
45906323623032416123122657991602734098778306404935244331439346273323558595594
93653453336950773131870022781217889044491955073898717567398735677572474119890
71597507663587539740345886276127616928087472531967930107787662304344386870685
76357611972351313164638669677787860028794173944521490292970864175928184317168
33870269782228084548942398245106245096371174434868698708870780586660529814226
22716455303839097656741166906670917035951792504735002384159496697418453474312
27054616142939997674838606286619732137305114854326493805745401796472496052264
66283932263166656238786727445924027645809527661941056888650577885752324730922
32798465487086465386292046515528183481923888945487761066355139258786061493793
39165460558748526263832485050314144808208927624686179981499131314610511752903
64250036176980020785876447172058711007939726065228094484696719710033742799989
109876314988042142769456918190764816789391891108477483475993709438365327213749
18442259715447697585679739837182355153116606514343172978010559959198968847753
26067559426377709520747577513056268864954622696368995898627989267401222959556
48637582628927978653689414586245162349456787426973079693670539389804227912671
2953386180764372168545192086534365212352815139238210095704682320714642989799
51172566802780539311650571159016956613481122186847617783112896152449342994135
63291374466827305618551440073330039519672764667007546474413832396707159051862
88624411573343370344288397879896728171089078206001514749440216449779113869749
13684744898667212895415544893170489379265899911262614587153550885481743010487
60314110483754811882902036393111498861833569577280848125166755702534093617598
88663393794063564023784369004273276169609155762853529550699250403253803788074
69199283460812297678813210012783050090749788358503746820286473336053141414402
5452304684216990560097611875730807885997854436981073307403453824533741141783
88850624525032852944568393220434149595470930932536121339904707965461337642020
9152435283337693407781905251575345272060710958190019806369910376222055670123
55883289619692292022889363514907234858683780057394681275978051521261962681368
23813261411778277605759971319719806506374312872385205247362440494729702385806
54317992025982277101161788278587759004538946055098924074743442678896918152613
73714121546940431722320674361836079008271328695640553648500664230498214257007
39270931618285246827544010690934843892669745753861064141413747566508835264574
77965178366833320411407277178697269433768838855597797582246214330803321558986
101752874944890105540340005920981471676890266887806230813320213083114848691810
36591777619385421903521976237081204388019972232711171261704626468376883371488
67549745822010367805595340499261045524445629500851313344739412004162560460022
102966756717148262814290953006838511792465711317432234295476437840223908620065
102888782537287214637501458844821109087708122937526486638499494715708698900628
82632367106464680468121970453457279119297296159106165013304549647786740881039
49757262835926999686984488268992140939902528936332220232845963211732259371071
2770120406918849326939621617522449105901777597691654753956651671192940743258
110244366347851830516621510904861532162395865685668422955063815669620333829516
41047174759429174997077012397869085993998585771078188081728156723495715917749
13720089173908569652225517741717973027148636073904878181449512881385148156778
88029277186907242663144538535666103017974047934672043510436604284363640782317
57004376823193814681493375907599710886979875935812501390190876030404314907190
102633792934740806315349419374229703557445792088054704159392164587812416740729
13266210473102014788916231051408366586583150059281930355395099982226018585202
58708817067944254242198703481966732029335721938658531371288575496571402593466
23718972205074151349478859957698988463763072674498905261468779935868187013153
51076663479975466405670459913566261888786473278494284463647404130419549567747
51241715869213413599982322006364910834630151976110117138905683616058932909127
54720244468504003258327793221682187886519243932589585904245970476370089204661
18691477935558944366607729316156749067622947776853481375144911415188599570298
44378775031133974835690621048525664283349810750585871883328182922561112810650
12453362552394572025719398715153214965196054032590752931598242586553544188940
14256609156727520334899288866454100297475330994138815050686076710484679337299
112440904149141425373509019115979441242118385879397220533619928877982067293884
15583630353986825817267397563243905971885203157549524188267348691196382493643
54702666476123750575385811116039576772381176585008334688122839268519458237324
52493657888336144291633569295397219982324432518979367336774847972986273249138
48158448920420715742196264823497170983041545312038679534159152907969678641636
64113137398768865424114272977599279358293965516448972090864879623320552152239
9581521065257208170608835367733907754375020880170417064578341500304412794412
71927236962504431451062542754543549263097966309017943173012815234284720566072
69529120203600783594994679166439132834233717389762125132591867187925495055434
5133790575515542810182083455830384657045893140835189425563757497878324497019
76527390962595651808568921067264602419199037813571198422675041497378055589381
46759885351236136787751128949969655755103371270538270277842905391988237876222
37184941310707531844133581363839177161604881730490065926344170420688969847846
10454646833409619545502825667920248287173001962543220525003120327460460515084
21599884354689860592184298071648113734437422655619145865131654330782585757118
49361371563756104336359498629879337922460056165401533353820784126854326938423
100141954053223789036056418982729869791888210184243909894884980568428672242373
9997782613785514869726787330384978727578248263968529873239419402967311215499
16401574989211685656972275249872984562766269972491331031839424252575806771227
32071411608029382785292143385566620080975629697664274922848823064351417931546
100207062900411679742338857586384272798948157305779315406867696234132417018603
21465094709007225210825132696761050733146489275357069366739331632366115828498
100739520468438514710137873751282375835980449462798851855250102527401871299852
48735050169961423206445363743103910915965622195206313545521255843790554774903
79760280152982947597398814368070612213530535820059720323609820236950165843221
6962255812789085590493474905820637643883511125360418831600119137779107966173
24232345135464899138902956775480894899391493804592810540831708356744108586787
31873190283939734481532529248403462482118738683287181458508217053486680471366
63434465287412086569335608896619139224388674541485930700157151751906653713996
84604643798302673328113057251362703915678344789770543506470171613501516945440
57528920992172692678679107515652714197079153486491123120416787060768910292217
88718403832493704590141141507678564308702817056431760404958409919601036055727
19527526885023271804615057566167174629697771203438139511798626961746110833938
14638828037501023450093518540247523592220495284349287806513817529409369005657
89984117551105201340576017412681536671349413327852429019292515223831866754786
84207993945149201694363766863639987818959534168918484022328979196369354061252
1549721674493174595287133948611752123368874325820751390024931260148621856939
7522148648806021355946779861377673217554066166360142129949254840731566835903
14292613654533598848532366224675177705223480283900935231186074380532541290934
112161021131796521961135492651265752476768594817230316095062475351338358346711
88535454299176100521840203611429313411825133186502640738486720816425039388723
70734932218956060202149948004121067186447019003790917796059139817156897576968
45373269142094236422503270045959918418616863530218026106475496532743794346945
25957078527302672622933909481745937204163994639701566611661018128080978622632
90813409068557627821798832599764371017443465234681200501379452730912165667852
15125831071722574795272708292623801090377042061390246283082789591223913623497
84985663830276425113818009157378774986434585779155317358427020611724463771486
78447181482852368013889259959218088632876436063439691900206188771090311513880
106184955336794925731417243774605137382188995721217692625110404373439315700347
36272320517287633411946515577098692672529207349542575349450994144148324053045
27673117948047104658451800403165839294776782363412765365603090875079669502165
18489653057482589671669892006381307751557184531255179548087296908232708831216
105193271606157432954304138836900127272464971672219743766720381852320958222168
30135195286912218684076373115978291688719419474879414909463876227047286943094
44122055909082511660518023280981976721838196970746994649887959819316637740214
51781302752264153763053326827518806377558799908245998162225535233815999860376
57694919581345473792576102214878151145192530344404097590843527839220129342129
72400257845406208707274639049713245855412728531945920126105070970690472461477
67834991731476531929806981259059815558204014037243752461969348922215378363476
35299676423140292795936838155564575289603213740515731570851726585834466300365
110534872648509324485232358554442613582924451766691986105820052953748040718175
66469280531756577691400449518251296298856144171537351615565280448110290781230
34102828474689146752370837827159317507025187656339679212175547192298234474834
3929071001263955129282765322945323491309176293489867511198851077294454159945
63579633113022987175389873678808642479874052038082227718771668967292912949597
115229229656111929339118769895422809679458345487315545754118928155145085367311
70168406912732650944648856115390727655722305955819815100627995733690935467738
68521704221224073218826091203495199096942628196592167476836014012037869600194
57277053277347745461816835458359433371656087530828341649487757218590697984963
26148495839028777978520631190226012781627829557178413367989668577206099523177
89640404647355868631654344596477447632193063613314690754112679417219827698698
75558871101219213437293913159766566296508363966399992028167636773397067069270
74934175739515716311393739668727198524864902254524707141887340652683073019190
7918514495150201189191262798475071975765100417436889746997288856609221363016
23728713909384865052921377090530869917757612126314561532226885949735837941268
4678974167142970795877487956273081143074274985376834984093513511601325836982
78425673586623960597178808715418680507577790173669300767203620942292770547981
112256751216140424560698596390775146197826596739824625628934395617576311620283
57165058166264977177048897841079285747836405729330705618920170377779514589720
81094492763394241436654055475750355812135524769505584061347422581074924948010
98581050519175141590800968797901414846768756956262942442084205833438709106813
40598675324683532013686903162016438527949818810954327703035403538311914782540
57675204955252375229781388102805741080551871103883674070601430694603618648534
88537910407231680799846415521672324101218409414169269974728917850808730810172
77834764914913099440630653018787626515474693297398030594085221632587493979491
59634691164175912663538449138643616205254454482546173298204824007677538505921
114683697607631860249547150265899777154826670571094820099410290807493879316233
39455183376877018870857734830562463345048041097820549631970479910109735487832
87649158930746664944105353333245093209468586871895028433965456745923025143861
15687153892923330659101502907972748030128865251496326314487767137328345571928
15566867989592340802369737423204359988592194486827549747013366603073309884357
23922927873334092320497655929731053419858334269543734635557616075763290690952
52911911657125130184161758439110412907062225596739716957446482448107112545950
17365121275726595109286176169734541946784286190867778039445122179911517091500
6151309243431523903721604849484517141064528621158259829052580650978724988531
93477822270282793938420997624450167681805644528528070124424507831161680729055
81732677587068279825103517560970129161401562944992646571327543323685492025279
18277883278543761826815381664421378307841121767434700753995200794754986579349
84319438406296925164673213380448361317386396237448739324396092310163015609925
12563899705877970944048299842706329218050479527918786959956722226267439911283
55832256847471557691363758349953203181932645934192667546218850838550104614778
34763557269502028239686456714736834976569650094805341390607208245779775336558
107011204096812623429017299712980034889901490797075198884400902174882794218706
98391114028007370182014002560108679499019404000975417472476778716845857639108
4968118097072941543189365589571839903407369281919714501665402931266140448517
73149243255886706545099251225319253135163231595303327226725954330174552859842
13941082722543390624586654850312269298156183523177002122027334340796765532997
38466674074554497638842404395146087704668972779195248341210827465896479650701
3359539501762429402131290467812811146539066114263183013666656486121283184422
19234031223037847144531685765266024054725871766811367505858192022162617481785
96775323327889544068339441787853973191628275999039636036536880237431971607369
87690336574878442441828574220971334905532924435046188174723027990755097372502
5747634624337812640084478405788543025463059037630773969183252030870328420289
98287747717971254563706451439291447365375620088141720924430205565410451391351
5599269696725622992686674318538056020584879102392672799812823518643057179631
90270944034165218335380610255924057302220194952105365819742881515625447672066
57021489481640200146017866450847050036930746928246621857348021553309582398270
59670742194756128721449187563599950854157764039746012211024294178120624504748
41491362885523470412066187132442349147365859945571095112229988508836022809424
51880397764269238669132567614858671417937008148273516749320848596407940310104
57405582602155006155966899342659009146569034883344433962699509956975885626158
3199812030236433175122728383307866706246997519103221714191160712847724356649
3255510482022388860647918200484877786261974505995082658840424384317649386899
54282923352470323173693360640137775632823475749767061973952529821412678009907
64216874673986803819310350584217183652114903031484008819899594511244367576317
78171244495860257372380595294267458919061973360527368588365952749567028204422
114737587563215042884852507287975872344597070056151059377327683393372996094310
93110461304157448944993904969186920725170179356238412263757064630445204710426
6295224866992067450467243740040089137456787111408860014999698299810657276435
103341571597195443583733242956372383894313431879153539752486610374684879142782
84130775143232950084489918680189858517297901023402156205001712593684702169816
108800456580200109522680033329199880769711806170098998474837841103914407589394
69979850066464450461928019361701752253402639383148095891013863896396563562505
83300138267661326717456489188405696204843926552192677176064937205519957642762
88148841226035394357047842889337876742159824550698111285744663934285667531932
111909990363748768242288945303068481865382533422943220589655570073213343407484
55145430510406688857125676733244990056504278297789390267638000676845936450408
2287486997310410297641067286811784255461330452085960612037737025083291650072
32845611757563946907568103467252587184622432700216867904133193910251571805782
100595182383180457340919735671153886762940761925536804110806944294782886897102
72103223319452827247457772477459222938990341526267410727537054254884004184597
68689238424413102064757264320257473326394124300411715119860347168691370350398
48753617662100993337488416630732913294340534486222582801091580272938637258839
111734180898255109858873482864054940735163019803953147427101712457715514428166
85463586613139462625423518684997472840150282983215105691838460810501658870217
34795714652845057943254855820814928647636281132771162718615112563658207348389
81981746800482836420358271551126937355577820254730998441288710308572873117713
73520469243750604378732490116889867237350650306489552115856824565143094346590
111155474483376274331828140988344103826943264373869938957257791809651348520605
34833034621586062211520256302343103217853705781195558677811007367841211219127
92327649839192451719021707023678083244916450633972020041206234576736651256285
79997670420503811835350635060323113153292044114768788289234258714652475078755
65388225344859524876609414606729221882295585723255081170980836094813324816198
63190180666324544789438075117974247567658094469333175730803748149792495110892
97857557400184625921560543451728124828408860844570014397551745097191257637951
73066480525850596508488059947765032004339981585942782825922259029245698297569
85097571144404901691218535532023471282402404047024722727259219026619991093570
6177088483377581724375100087556889902280641172669093468730989691083476414161
84430828756074924591605929667243284029842143700939668118041107375304261833919
106090440774945448447158281164591014372453560412951255925256598249546800097285
34389090892173335775113021988509111488230021152198540112555506095924131640480
45622495491248091654264661838412112263446057965978235375023506990232098554151
66650323637865698855760392514289441777771575934235614127735948853828148227958
39372828894324055440464264746439288497550414466974208773707951494901174146504
25333675286065795351753069776776095321723455564274361601790477092759912843680
66258357342627876053357552524472600401462797288146162744228759061138279943488
2568086783519089649449309629433273339200322269589714216188546218194631637645
85279508529689776412504514344521530753211712890099545758583405176005033600990
64401405701249415497587967379531423836121931621811279129715357131614269015967
103880874323107390216779027718285484773639935142647513646799724530003177021563
65965700175757953586944555261570583353485728776758840212964996789751858038686
98335241902018418080154493037302411934575104494667549163421887716998577345770
100401928826809196726585903713173250422234231492310951268283136894471051487250
64840808830875921479741711682585832334603241988583962067775573237868849169245
64182529640820974340740902124996767005895841898325588690866263472490528527976
46768292278300924225230182959978193521868825423683285252899352810563081748084
73653969223587402628036915727480833327138205750119914872406454387924370330080
85436258083614512973440548750323161268435648389975481272904790355634394842038
61451228881404360609114583586823144712840909054659358570294083545726719067871
71859329096104999890051444292668344458051128022791534282716265150571709770528
32403614244809899850405838452906443715763823958039098032516722789842491880708
93247245710142371068009292351915395930077566061234671500928330953692398107735
54690942015657590848083332997125241059676820571212341623337954847789280402248
53583332359287433302673460124860071349286269625934338638976748751875720127258
49087004117613172738494533536001949745322509502216113862416649783593601523315
33933899303503986881416583792453529071883546287973353778655368383120199577803
44538373493184400693627965534824938863437214861223901006577935976055635203384
2951564687331637093297433397262317839741107034868604846453236449456879535621
55483867360293032897325813737336880024547671203297751941941887827500565803011
87934853258967649927263391621338452300073827854933614183036906300590161479131
68510781026260843152077765205413015129104479953606948427190761923572413588336
49246191885852477769254888800737004139002975820234312365916510558241730086267
74215509769838405878056000740407893513133414643744569644823587040917982103598
67373554704917132650244824775438360099575625792988206218209527483278046071101
80168171467622712126156217485597247044268894078458716629740297391402622114459
31778284171453144099941581644959638144916691561494796678790842480995298296982
39681793586413050048728583187165014700076295243841673793471914461177027941972
36806897909702172091511985362535674816268513748679743053581387676766443305381
39626405736532394598970764927377024816352581162536206302111429465553678938538
76453181343517711995585387365243873712128179745995915146461155218443866997307
55551801328514582379456793443135517898466607728523144812142018481550776703605
89113599085663927209374273016201493957099103312447584409860159326511396054986
12969182555280287030454462604083820488593427492217725801266279096296624743326
21414518818977323275932881877049952552646919783317609564148065992831654865823
24351603881614471079917451448706817573155336397861398305148868201290823778398
88466911984358450008646833631994829657057945631848690497160276237798427943921
77570766477102371736965388921723565478047583311501734537075650868560439427812
43741093606502121556658136895852584476258813853894073181470855653051061863899
39650336991782508510322633320918283941190385538698025311562780207144615497900
88094263333275862199966306229517889697592315950328255204384597276370059946946
94006789148954282556293053000269144050786614276865150313521249268799863927443
66193695687652912361349414413036543926614152599599565801787784650899558380858
33683991916681365637235349493750849756235301220060409067799281347788602371082
79232137519493325154140642127959965020044713386149147801671488695109603974866
14961015865270140789661583323074429597273371145799146351756525634168658576051
94865694714180620082062028169223236094828009553385492676823963473593431820647
87207112823207698778325682273873055483403873193597442641549197401056917900391
36883541025748366911917219446821507728046883204174936248866493003479341414496
54171340825415427104047213003354807785804992902763351219307236247662632674398
49872446821097406656498914920596505124340844566463308057055665121090301263440
109530608911045009965709353800718931088445493187665113888568147645114838010727
32664446869423952788011300804949483137806415310663816477840430698520574089369
93533370724802098432068156083445035529283461744603178186377375513426869529412
53875927523054589740407359035512850706039098199117343584722071911648685220849
10072659463199754098083246276798707916198343541450594852187830632729586548528
47478935400222268911001477777221137447376513469747038597767173372820521408405
33354200140508647335396403728882159316542323528159757996959341558040326264105
64846865502597283132752744124982439588331508399123544917430835642507638669075
20003655313942107196953675321000107812002613368477098620377063825307910903385
36173363555469961205671658314751128921446798477968168517495974140737741808421
43102938800551775387446704083874385056889039656196635100434439828169523158649
34237207360182527776861428219728961858264583058673562775399857585991240369310
68432960387543442824812545525875965776119262840462350106398064041964650348866
55692292561559539919899569894116457913966047792361027315585121249077402612627
105609855053337564349238580912638966133610170989089471052420376412535004265993
53048727210842032266311202991104340642000767686729897750391194018743910665479
16104319140216744700287990191402531135642812905835785605119360384761259884133
77833453066919701564208482895236698226930257732427729301460374494453416767981
59326457764875471912752101009680187373866661949372183910361528676414647731194
82649767364757024264318827979945737329253123821349713550616245369982705814187
114414041204800098919020988060190400170463538754659476951267738444515406294881
87991139734153066433051925001303499908237867218344609637993787650623930486925
54515959368788022816333044143733575615566731994913299046471901231171976802413
58848145726887297370751384801064860202576230188223367605634209955294604686848
90701688621695671907935184298342202370997200215725141383624203928944183889896
63338868141512273384609652777007787913385261769996747137397743291052494548247
78472175032163149636064183283497537424358032988558364989333701165320669140243
111944128154980742190472891415106486688651873814550587698841138970751342628935
101546972730823550988831697524244439374276141900843421573356515497410748680952
28533591322865343963939831503707779733631846227065232009204176036875115275512
5531893887605406663450003380323434534748905245062809300273285534109014109299
63088786276481472888109611160111094114382870003174992407886467975847436721317
91930035092818368021798038144771236535410597358286276782488078111319531141697
24607346753951039553204047872874636573048985513065536714408245059633106021158
76775403670259942822314873869866164844218907681999720487260141928022178774595
68770782660258281649156671941203466696626133895256092047087573118959962781605
103485447213265557698884041225741893508614265722922093379221069917156123227414
87116130324439206224900252137457324907285996305546083388938151105266440447714
75059745793004536535466700170304927549245334552588493469885643726920608432216
95808200359848935802821511936008752043192571543509021101676911850537242542427
91191518845259743811072717605485078285235583853709689488716010145905710135625
13615912522959618709446117814277492769036949118393037491158496963634989450628
62346440329220157246957576654584975210248975025441291491222498107694479868484
35686510643975628192706476201391659972853451768598837142953928627932478912694
63835797674356427199397790817948478737258342417124191417482293092711848096665
99659700449180244163175703823187968848777019362796812952795296588490333090760
202068735993763005702726483872451193425747907883323412876900312850926305628
80425144958461529170201275800103445370725099428936353896552804208437460149047
26028529699514687077683277043271671666674406095433960898980592618756972482158
49764274127113017644729263501090397076415350792059748002825372625079907504785
32536191151674763319494119024107189750378745980289035091928499466045620254543
109276969158853193957273469083537341951419290213583926151077348897967399305115
88817108654981613982912346293887552364218466607840903113062135191670579374038
6464294328643207189462077518511319385040820640021346796256636082810612965693
1431521554347376919819439060842371510325367382801364422369758039004499928240
78557824642950307719288450038630407639398389699340930151749842211075114830474
34465090190509864116771544971379530402654300440260814888324369495227068020286
105770319340244279105891786723756694762368997501077454436749433634939786426239
15527764707047999423000465384780578139160398228860798038217882001401168665681
36967326886724525131827376954444958885360727990686319548343938327532324133179
43929042435308619593790867083841176853135413926838477555224501237123359758653
101540623967753106251516197997713008098258912717717876221924229227344471895540
81184930037755141606447600172730368206374250301769868937252334257817706233497
79694954882209803670216243192304091352875345176592417236915155377889578536936
102059042392797417297791487845989183419010995609660436909281676687186637080004
103555800368441996697056561242969647125319479637408894512545247108463678255875
39297267512236053995048549160500199014296153083041014694622055775339292038136
102629090575509852632690421398293790677700142011710922311412054265375486441709
77073430693618124978423793156536101852219442089733438024994288834103559317291
26343264242089892896427475340803758282779137330866937887458554045100925400850
77102295256375699351571631362310690782131758697383702677119377301170844256735
99809941589435991899004884766670164491265560030608309432479391526483167912179
65809073260159898180985420550624390362030544652060433907962569998388583101705
99905362597448350615795575846784272118300797935391953544909576871568989908134
25517440854926607711467131122855428611613202523094572889244871954458537073549
100680569795279021144741363924686638864538405623311021645811129034278171924645
89561415190013937400820513773273263094593830812894905816933032871763978665603
64467635350255232378425353872566628494142048862148182518869051929270811263203
61878153852382168183661644739527800287796367160848554513994663572490005065061
81640716330656255608209043861373105210174672178231703459627554136791330805286
19978166863183890152543299841647146355283080664690209573894436980031594802196
2254857617724791619473890204889637305409566776290417047380479599098724064700
47772149590522904809868062002677369943640264973089695070048511262790245337254
35045490834340507384521515067104525218616141821330339775988389041511982492385
75887388795684765863521667644258450744395416076937538109548881636404567948658
42687004590408765965198661075437761161967662423625264836968943804826663481548
102380941541620337757671055055492117572995544054736349905151822294264828509722
109672946141798152087610587843103937631863174709962535159879741566078717739655
63915774077683833934782912683904049834875621271099635541026878357172135758880
65248669932990606516703209833892384404464218724042444450359198864646617554151
64553423276391438892731333732316332287386486568680380401447483174350791201876
2022450175734153961783462701114936116732685835637971573488478004197438781076
15219667902440971969295877591129743480606182362439571335110928774628922874825
97123264548756855530917916964205222073189681552469494544825979934111850031898
12441868360053399978900931971858684212883273422233564635056248140527727351008
96074520777582756100509028897388223150801596947206122994884046302496657015933
51044635913343814794027379831144538330546536230856569436249891404668597221818
89342584972983355461775128127039204058997841383130979842843156328350573903639
6730984783178045990666019020120129566267649791545467752552207176652481570421
37676382778614141052201750925417112187402767280325615513136830147505363123458
68732478424096157207631209998017499447138004502135067078282856917967871493795
55778323200785808616066450971105455441075149949378777792538732781343816512796
98470227869913627721627040095116786623280651853537876188639845002798948722781
115591935504646208626951741484301766541904769726242210877413097936539733675551
92174682276091928800243517458209972394133780966233478134753200263921176709601
98988884731997596166652991221160716272482439142411358371839659473882797801702
96860011305246425664337798438842130494588507894840168017999419795714412557473
58570564776095621565000354862684928673120800411024488246557755080780157125925
89083124165199029513789424667797823597440141580368647773999551318268327071437
106428015221929659336607377714558732902374304854668918991977430944875926412471
36435842667338142485510032181056037436413487568609723197849742265429640463667
75270213869756790669425570317826052425574482619029701223666282453176811814746
106845194420970678555847969752149005153253916761707110567600447534511316533871
3334030233308066239617200473997099596266038976684945543024255775357156828560
55942191789942922323729648609769029226738283893676302621444574270024383122756
80091283933209008765526577230659970862888398389618082117643889047210242832582
32932789463503392120156011325104985005313633315444842586360479529619949931587
94197114955482470991044776941609869093150719247563728725020599430678555408208
67982651627467596802595171324041155846258323921267886037756878946637876166188
82472207349114807249942037371335060253751238950713155411279802753988984664087
11443340635332666648955441648492260475347795045833915289837588740527108770265
97482277855826563124781819828169844533017747624113105459717911606340426569012
27553670691054185817268966328297498948198696243451545371332684480739393608336
8623407629428469403843786845710618285605789413869431965345558713456204133326
41604312998408900281152286625259781554762507520145112217314377786289906291019
8822700598068388886321149040379105255898449184800056344176757011141051344389
108352046701852543478912667784753724500136080268790246616126123990736850915459
62213765198169888875250974620368655068717779657374303393595131946316119253461
85319641616322698002103101462361996346841581557450667156656747141511209999771
47337139547511810333399061870004674120268986156472256308169416060804397798632
4186368123078332381842691546002317659762088435375104191753834695307876409772
56766465550497281881734453377897612908213559135818258256500907496066340596146
70942990386434703702083305054341208559331543156198799848018782580004521510846
107965035057780992150880073012693876978152961156183005575291838738552100037319
12280255676741098548989663981548395860974947767927583258968092780000997096666
37107718309521909122276355374869358862983205164286432588697977303224327030491
31976719392794399513575045350025322194245602578133092182684036241798898494326
80893258581677474787253970215202813562314468330301022221446375601605846950745
54493720253962781491812192410114858789460637943656508691316068908050010249494
105525613369787896037839424678924629267002609555317255964660878666424703601081
110192172841690501245070470096194251883999149695795942450516190159137779532602
55464041936132798806707973474730377230079043453996188153705216323726262507587
689216935026559580495381021735709056246269317877743433634303274061719124994
96489978724358831928611504574737639261127233233811391421753818418220377505292
44848183102310345130289710101488647090494676906078286339596972552313859183472
107573380634754653414928280625943259052343123492170496692728554630972090057982
50018689230517159173808632539455244105602976516295645301639074695090302138764
111051346729268651635797515216115086353521537137350781087649675949226776617460
16335997521620776018627115828245102349276032540274548284901840951938338540120
29931428900643395053266534616323422790204372062362217243670794229663346265801
14573945382141512026108975260463271510738317582618695664054034563659482094905
29191791718396924167419422188817344202855651709236256541387931533992837073773
57960154114965894094676146541209021263065726413778926304832215450804393520474
60821395896063337735578619847722493165253328593673985136176310906184591923130
59510893869776352343900327699076293224878951556211840262545123866142423583915
91779412667884445233685973860069674794882811045806498121019413730873295662337
115391681068276500222866854693432946018825087123538374073758928354934926040316
75650487590177209151825891499402831448778464713820984223437883920739764877172
80156829667054573347431245300244408390004708118866457022528561107074062772063
1613004859574621586514639185590188617336946191815921667419858801747319971094
102349759150731564704634726516858768081519059569667187344444449046191655859209
33547822214845417992287430923984609904355379673573738954597786730461137344697
79882262706880926493699105683368323344321029809687592382788852851382217986019
62906742312253508196387161360199897579116837159017713385412714819275537080784
32298381616091458334417422389159514181659516633102571772332059775268346924958
40413232915435737908362921305014395042287449325628517607165409769557061819433
13330428691351771553483695574847964446620664651252989542256781460979475543252
46226314523833830581330483143678072807609693999013152375734209497141541215107
65769648198151841299355258783104267244930814249217072262229183187211349527035
10515522429745701678593529980957169782286151072461567525603220761716787716182
18502902326611509419412668765191858991089715511155850665365140248415424101327
95897880564409217137545354806612752121038366072559070565371947359822949345475
60565659546580601903414078282259606306510234190611437312479675821091735532329
79241727837243555823999212273979953052909878341824704036274461341295716275811
102647761602197435802148468824461130257665753712154324975902713216156576675527
91165789689902431183087162410963098463695547614208273668677931504506324919487
41426848525829515619524804606811808177107514463034305145003026608994159036918
42133286926556245986311814998949738854403200195691379308809757720331635840851
63857095053074462489055698475892079026318707423036806179954967267188657059036
23519434377010307832111489119251127085339854656916125590461594615912360194283
91383367976644726701448692534420687864886983183092278432684925658954139464997
59220604588210534598652626783598490801472978645459607582578121925716022336027
91685290796952349576204951862471131510458806181639180692792087346725609656345
47736915566408727659403922412485562921259780401637089063185434491776755853431
64289262696302325272963584057129738960138010607730857020815651532894875634292
28399407371504153896028351971102881189833024932423562918086744086893988419143
7410378149782744722526589742513143696014662126035356763702393583590617603437
32652746667468514323298551875338704592224573383416349455294710031608447789787
9959160836038672373541190956007257315978226415755925825421034048341091454205
103588008813229808116090793623656166781265047116538585961868807113172037509685
57515670317143828752035207269234265922498871484958230676803556785364583403678
71445405466870130639967150886420475445657714605751655332232900318967756511130
65394481445948149173106227042884190487942605249862305613713299745299535131696
110132722182890040029621613083894791385385971610825205384968331978844829748515
78354122995036267922886769927875005766926876221028953606756158061036888528472
105840481755758034330721550932779623886919648938978115123991597273907842970219
98788618536254017821003559773767477049377295587678538254850097299836456165368
39502408307512826659124671976179966829915414627976007476272185008700382425170
62062160571331473471078759948527492641377212852113486279644109005989807071160
45588605030215496734041492914565362956824358046821930889055989826281017147838
22084317426720688020673277297978192507529283433680969298966199900681282277577
43871225219437857721240707804462946967610670306120027247043162683201574459031
21926196153280920434170332934717024965135349884488514183175921499116416786849
14038377089169259133517200190794933437878201694896672060946009937134814924755
100376688038155468078269523024129779972977825017678159934551970971531772792779
40892437034584969010476217236077151112882624302222605332640496364969741283784
54755516151993674525333678687863185110087514210966092156942860269787898413670
87787489092705128784351880633746383820972033630077812636371857648534396131057
5529874384775811796075380153696134789964230748811052099036622857994305205007
95220175426076753425623958532826173926843998321178977689300105547947407566391
101221746520075899082361699901230199683573787512357162022434367952137437478091
3040889660346773565092945504190760880362839581636905031222870084752987771458
61435590841542318941477199030559674862615089641362078216097855531643410608678
78426810947300211001264505694114187731704356640101791089758883086864640197031
99804942812333056820597492741589135264867526870929631651633893351610014895759
73865463721370853003660174678173802756803350231399319236459967458158355050842
3667197970408183503941712964564937820780128215308717411777750160705035973879
68441319512827104506492819230559497979397714415907881399396421361985318649390
34362923825659237377627986895616306897442274777674734945738615017245242882460
54061890253979106319460607517804180357052093095287895741495701913607701441294
104097904878227751743417972646237824916616496949651800017536105038141226365686
15731876212587603844086828207133968552722901422964677035539055324425400098886
55489040633008549791591386932865675237607069305576488365052561198823282935435
15611057828424421948993291261237362235034321458118069861921794333587340210029
71100720236228340351473402902552518808087737481864835449610195613171608834922
82101029409311158037255811794253804066182670241894358083061698729367567703346
18554345502280306614147958464936574553168018404454153302692435065303271964009
89648226706101440618979379608176643312220045744044420408485184131544206094395
8308020309973274965530232303265106185210023546170270111264609078332029971495
85529875520507945504474289830791122509209357591051126200653117514729670493160
50761180369490322366699513727084682891509834843980527476821602385913820892146
111412208784243739358887925036066317221789894414668753026411883261837755895657
46962113211742771238361120489698499038788941243917219957881534989476284728928
75105580005859717860471620760453145831496109299661328310558100101853295610726
39601844339407955800004159207050594930569834104425353709830882731522122509503
60970199451277526590419432794145085490312213189450223258109745814351211728286
9871919476223766951490856234232972448417975390252418378917334431708620426024
102220197416897563917690206612850056500002558488450309382461500637313385047817
88484533577572804526666048796265942883328013300932200038579645874539472705892
73138320455210833257203194529060934559996079519453139586859959941139140748311
107547871366132867793209318906527894507081371244424063463264359595054226352422
21317220798338331005038093073738441661211389145661777865343830419064257143431
48686273614343735985153736473877879502272319139404826857653664451177504365617
37583832377543942989821745107651693491142192517594458924535258618098477485331
87710896626584370149748776596406560418970481805925529585474289734996137033043
5639498880745384697845544142847408296159157439011387951931226723560065912171
23586678830387201747642056115877869833077596651489193345711629488957499544587
59639185079536091759697502755239444314590263324494938679419151339046190682002
78672782949945974207950479317489987142236194443914060137155571399996121744318
73723393785200824323653630394162223180186567906644855576430278143455856681956
74967765237755853170357552847305346551711636225657161565610886398481614080648
37488831528310809861619938836026043368862067419185858180313484898517120274592
4927525404081069913349364975877237515620926633938555082393239971021231519809
80344959692859229724682597849538431439926771174022492907002011313743916300352
99773153641761299975766534412908898850742764468245493843993472954761999352178
63119238461721958392690253585356704390677543131506414455557279245964335570502
87858545226516958507717111338487027572523517231408354297204955759804431053740
15800513095816972651357671612503249306223039084412009672617485918316574284637
62762804007241646040144978313114616562151934461166114689711139223412871634967
104528085168486689484702126054911635690357711953538190534622593141404189613551
30609166011738330559191390026251890257030458626161009240028753304888949978214
97172538659679406311149274223404137235554353089769657348467129983475442762052
22314220926582042670330441912379828363792543854427520523814709383442942846537
3376849411196569084776005698165727631243579233581330186145755150860857586835
87373060473997385427145497378785641574277124700317931219078369391392759515330
49676483720745270547861133516244416953326073346709092028077752991051956719741
76970082881145593482703899940669151473343799472856661545697331643263412677520
5875939133947318331592303312471979597725092000858294134306765620906506982212
2652748993516314084431875533436198981463472901601281890838114237860429600474
21855109937902997389784061283086403049658216218305669400381569457255125413357
6917631439026850193508282240966614381804009400664054847218255473953400136427
52329200520593372546768155219670414888069832059131379244393092190522649042246
4827706130309105210195059906443831815818553736559416793190861449291680089920
59441513757106592633117747549919799772328732574948161836905671961290387284291
18181645860524042228517628218414824977097425471669621165423688257790291140917
66844047266051222286991034443755980433975468068687946166769229702676996044379
41242802178204471409003082464699036616769176689274811099200115995742758091088
25169117188899302564241589594202200478066215620957599975930139097122481070171
45509219528191504374429285941021882270017893026012622491388088162848562612836
24552249119580145634408396278190822903728933299762460721683310441202440180992
3848014518683697752930415700186036163835313519937654142749676082832347053923
48268799495900511414947456447244688900719649897496756947268147922953127622671
57914903481637518325975011081888226599749604939578732427584613374159824969114
1555376265587457122420738014223695641732543720089405949369662993353665042636
19299495007077913520982474395868316940810206030167378823365042930672421557504
96858286537163011604637203775685234729587179094888942730846072985912075456659
5596176658949386674451103027466401743946019119936975935045533467953840148048
38258417561076894418888757793252699778954863737956664011884170659698596923779
73365289177353655291739187116990176199378138791545303486141142753973310401080
33858122263416101254368076326608595151064216076582153295720022157332735206588
43147621349585678381497423146859543078966605865483408293090989931135134200479
80931558923235082115274710128158363781717324473042451520013808632107845447403
72898153106574341623581181166711223661888770769627599438128395071244581975475
74501051033854967739827882230198002002050987433431201408408848368257065721683
49809749677312785784931426531711817279147025019053801086342396756595735648459
111183236624567274815250982470597403516423827975575643537496766392445204826372
57047374987335774694135039671545116146385232987795435357552886739526731548113
49200250262008706315212067022274701095136996200058697360030856936275127815552
15898228365135043181348806371889148214557930602534032915055955975259317261086
95429834733847780791734289155344171230619304087328479825725401372084649666857
95210030444265825062847395777181967543181424093508502110788304151799078134801
79607371884817950338814100190626232209032760968752277786804917935670857590187
92967867568828339719901632836853707111127496078600563057762773312584371739933
39974729923689887944025726711762231771890938161791810991845569438660470391913
55751461739330194812013572970845055679872737737743229789469578125945691705549
102502235720365558716060066911896731523142041286829802211306422060928093205185
55522561194331989024323170138693145253852089477380901821788035686645754707999
66783935398352818612281623654316373472172145564559663770523730406701690650666
7710022657861688219269304630160384822209107622397050766668617810085460818483
81981228504994620086785057225301657749974786356461185841323973650134967859383
10111258516656058676459501562785917050486139870592018341912222918615839475482
67466716545308649360727311728513556384447637779604061582652753445562187111840
80112870660085438374359498840142363482452907984136545560271578755772903256248
6876771731208808088920549182619455953074453655941281467690753085325271863349
30851390352077848356923465376501088713001656784126196315472598562286935980017
89063902133024174266236157286501496213276565721994156715220090708501968225927
6110872573187061603098748903537288026096111122349934319196731105498910924350
56782887628903882202652923271445686338399377992473762556977710032457596335424
28058699391293840194981591352709859673221258502769536243354669592540548380573
197119935294537084608943885141304505986019921501713523961060142506170973199
66073361933624123934727785163069932513214694543707082079889550734906391252259
21726659437314913616564815835572525165711461928711788513239857786893842009086
85056866425424717963825792284919580877708920111861786238526386949638855985630
95931748787080176269285217229053135332180095574676869348377662793033090713448
81287215114919300248281782727976053635733969343393093842075298343575692519155
109846896245045842022621184748553642417177004397783196981560509870629202820897
84333381601925762382003793452687655154966931972055856117072788347168741519378
107309691204029072371609928501992834624931400084284771898079130177598102020792
46619165085313368820956161231320772160806131554499470178189930852925091975019
76940301439547330098741427572134731114196523969363913184568424913259303647433
61383849913248342746992954728548316356990251363408602650655995847112445797354
64001463931544038954022383504721006758263336665631860473085943848657668762286
19130356572781961902634575005995016877338403265574915575347814534643537027314
17196756616162388397147936579464269759965163424461083116277120754145450153480
33174077714838215492170850308040704398397528855689586305294165098701915221160
11958829168339371844107572553673955608908097384815737038997331392580174827035
78943100590795629289016589287005998641804919510535784190571080656652018600047
50953812474435110358516904544956622546023386100917237020189942910954776771959
34400993453304855721893896029751431704046404792233790403728020331149782890671
22102097881746494279393390822655040178210111317248358807843835744327232175200
31725699639961321733376562533834506480110386070321046229884208035930196641805
381350727458703588735970223708198914882243784036389011221804664966260380640
62803572605127306444103105648533168488418710088308867098750577087105638663349
104218401969439853007167718317272530567752950515793564129189917611115760098458
