81837543966705717740376530275222976852233014469410315325509769251248382979099
77568907177202462550813426904431495693909935848167983701275173489073281994047
35229371479634400150544463824407217660007050441720263107886273142155105647867
9806516962287301491476203312757280578401282732796347665290407418752878236999
103150778906534213193134096241012344307029270690101949724050748028308399258669
86191357021315747257164029444042198394462893100137326615728035610575962078351
94255519408889009138325049611762880939684031785858777776008282648298277850519
95305274123498359225239637476916225805817404188059937625964820318592516570445
90876082666142777770643481465752210448446875927540539433576348321394971389897
65549828206001600086229105752798128176867542093923696505627082936914636883134
42399985535328337248625137650279675976642613190477906094051804137483914379362
8690252939339408018754713119542049827450853209370688620452933425915213292736
34542862651843669019672229024619667761056312239719628943573557424927916423335
54577721216402678820624778382792712115658909262830349099459810523021872767876
38037117277618348475440623851359263544244985997173135299642606338662487567252
57752522043455483144535094750897778522638532621195104429115034884688864661951
114689574612975454566125391396149620394142688000180976627362316681289156558695
47800789776683379321951055614301902665709826352047436939054022763023622730577
2728953611076424980258669481774238714052002263752104668664469743702673657332
54763657127107063581983078273773838575875197195899603868344546074800656286290
105944891211613944236353270549352524524466821298106688619175028038087095076563
93722894584594680188536938950342946121458038697704148320521137333558450143108
50298407458459298062405928026122908375882230139134261464481569069780262252067
42471241871333179306443607589346730459430845267336151780751324842526120324800
60789934294928831641386239820682881195196885823135405599021329785343557300454
84788387217757504848516079968362377772535949819847021876038017785915287899211
95640366323426553170056064813617044491569667438935372904747934186285859012427
31874133928194099969367397701799970462074765459415006228010359853102729925914
112769347805208888114199210766440764831286469155106687057539145357369916737335
69354529289407713566786732271039042784033432711424301238493321297882746825325
114988667361809851459713229678379432657058124634039811317121144992177839588164
48247015075267158717990052397003888072431980903627163063791835666075572818447
29457074008082046568704167228187608478453090868067350614537667814833095765791
27562644536057859061756800210126796680905504741109538266442287506767881158717
105348135631096547269188204978702580754240945356282848695971097921834881172251
114207893787543790806637606407383071657758296339363185111952204143754287206900
57006444627271539445929806004563674443859413462877359729362640386606641829523
45894540347864485147994914470194901125641960138199715130189162882258473780967
52557679743109625843217673475580204637889816719140948774294856381664071036440
25568702736497153802455927491087334139828682890340781702613298618635612714327
4394297534170758928412145883649828482462551910691038718177704007908912864673
18215642746890019852884345104664931012198909044216903256375234912999251808135
34571622683325271204062589984904334033086271970155657374156770005639610193178
52643575269284974931586698481241972303637328786441711192295167490337145563449
100202601671504011638872674227967371169852146273344798924312122871806718905326
19263018877233426852322274792616079853614601179183292941399134848418360291105
41808330076663292558416170552712905320801511746533438997375248472902309158117
12418358946526195283077797003920853890764598478697261977984346063138184243841
7735784673780690371346771905399180213630157981639250011594608438914098440347
63130638287923398474834080940730307289735811659751539677992307552724689519557
103031768292676997497577802198595956735720975588700149538195048864932793219955
90119287900313985174775021773024895576461834975520678161869071813543730944685
69173098543702725279075369766483034225520183726473916053873738231188411101082
21256144437055508207974420785188985175035397395300941566767061083261169646248
60035280091729158796898424661170415473751026089401774306645988572512822346130
59970731922860498820653202983127647853108513298611867435207380551233383234631
52133665433777457030853883909223703332307625210955471733259246053216571703308
17929977512579628343195347135595428613552460159956188122642680216330350410960
51120728406353893472158407076442134107414996074868964005628202569097031877750
94689438796797181573097784083873007152039188897204656798869507399824210656818
95062462371313655198901498310079121858437891124813356949627473144705489754501
58793282211746827011264970595114952979644704660943692282696639633585523863873
46827011845258144064268929012112998033142006213095992302470194852833234506655
41760681455365909174336679166998828596424232050498658865602414589432631043840
33644221405119831916974641328489248631560344704835474750658473519550752339499
65130756712994296513385442059692879202282817533075778079875796483644562869573
54243471014209464671290731782405508123410908402915662666201368389030505079698
76509953593852088255396607864346248269449684569313473925906196117186361008099
66582549565016533795103967541285798759378437388021928300247805666179211296668
24206418420439855286510451933133166986809007998818857043637112143558374361629
30645024056521471948820509215475910643733508869831359559975079825559394375783
37076996877031763956203152656254089362584695154901710192023747894927595925665
60381499860121020675197951332127313199638896184655725248850695938228306502701
100060815153045703534255650688097151085479299335309019268149404494236970496777
1201149921229848440069934970987878314883626026545635272424580185549405394248
41157946581144986737291296760087151666052956161842394386595020091753750899323
65837836437234318678915927228006629947531069206066300145536315716690680066548
107057268552811449117140335962414676303963538457588715331583821724707013916985
32994624502178878024661920827795615547040569640848719635431064869822730504039
84128677689394010697919799689768255943615455458772241692923703492233820346654
34103961670805644771510994304644634787056183530156760636707312140727747488458
33031803665529963091219379214137539342402567522324877984351382001895473276582
68189287608276691374550761339851157075610725528999024811023948578962276268726
97316054757064321019884232984835136381544738217953134647401607175578213921522
67752867659529944910612615959534270634069219907037544363845785437318800273236
51490556559757455662707624044040472380862071614641270629913415269772571538913
44120049038499782140030395268598366293787556292754969730948947812454655044988
7395277132515634356999956271098550248153013017581835959766989504372637935155
12568737459722303569158883864969087260248274574184202182335766686370312125379
53533263645786069783728751499002398737697596937082658602307743903598278371294
109992061775107281428210560158371370100478581653416995627477590010101252923621
6009512402893203568952583777384919370929127345151669223050853544994020406438
15109835348234978736774378292984959620244867946590952146073016329627837830512
2163214432664708210104083937021954948903947100480046759030455806457632282145
32516651067543609344660471946035182206269137082378879189743854494690162124355
100974362018889216364661054572587184393331838200607642607581374952293737765441
94527058224069213867770129038892383461079526769569574791583089087279032140335
10985574321149505148124409755038944696038845562706350000938334091521118796238
26973601465075991898861914053643305834126618232958502486345151898875697019737
9002336309502427786786789706208350600676687688923427545715301670072246532974
70325492994239064775464103824294803025686984952190728799851321077329252487513
76972891071668105946717577947682214934725731537339593140094677475808474698673
71717286880432841630740660359084684908858223395305653680889423639735647684883
25194268442429000674709526505625271925851798456074482376270903940970571439316
76856120929927003197407278288376143314286736328656490739370478584290902858917
45193578213369687247876672620331465078654420086498503546509971773937088285381
22603517587952165134946537041535860678343009184870294115916196139160487867193
18780890632665603932079363898183385268276395532602437333462805265612101413325
26922680108059764160048867663225716168916384551878120438255039406462149069786
54998329161569039109306686711132859512473676161384128563650113074709552490080
44340875198672150166189447792403271358691293516652930080654203524833469984779
4544973632910509867159969515223714281849476528127442867849846466060274201758
27116420059272617246682116318431439532087295151235446522303772058663495307166
64032995196151227795790862356909682484015340217130359926438167766000617985660
6237627876094972563331003608649124103433036734996485663523575570233369092466
37235770831531308088093356805538027684961881265265436528858647444272816007753
3520315666799902599211286425190257727336656630343198095018931537436981086204
27678824681081268054878969798574851257522670464301670927845717341762156366167
92343209312491882478556296029328847126441566225224720550463180772306458746718
7002335788061157234002667206605294400265517636515924797411843890718240528577
51299755085532422471222578690703439008397541715192851862399668137191864111151
65025612902689955835231061201077562673976802534728763981725003014907908355493
47271834482251123416168965638058768058704575061257285214279736241315145086765
98691380162325805446407819892671217718865096854605308088003233289086765240022
9727920232795053900989999797122861123734114053837467574508934366639853003982
57964604912961488347779289547597507609102367627143764135100485368016507199669
8654483744172937086118032082206847251916169176898619634322491976170028244234
25923907361654973833398069628612119260404525721477751595814835119530403922136
95955924886712458946075533819964791303032102403138285694870100496431139824381
89707122126989454884103315066278160932389228517418733865831435676630860282435
8485485061880529767844352018428545409803795096767164902105242933148743952596
91745418008586047708180109914918676800528023792922274610527595263894348684425
44862063141534498624903359793163685416937344373380796183637207240698492980481
12010820347736201336794249341147806695573363415820979304199692610395395009599
82001471949225370590447199384577858569481826211530806244850786273094383261660
8518019342537280666997591815778379802612118591871083582926308291843648341799
82916756849825738085398600613335411465205348205032610840013947514698136345475
54806219770897316581533841525430005191248282852549469024758504168443735856929
83128226159893173068675877925609378435176223892458181096345660862012728742078
22413612119987271478711164116845955461510840766817192050123016357697480581069
94298778937091264721306540906912716891906289478714539621265871879729418865006
4406079456747146653971198615051038527500868512748746569286533638254292026378
60399671493189305373754509803784900118431141035454212909964556598526981890988
68464368546277144447228547477648978553916427153496408282355902594249043624586
14301629025966587163611751695879514677504794560925641655489793387265489067331
3440062418565361257232379717491741674282782672622877431540460953397105749283
111669851275157528232713597980610673360185535812244862580643910425134783217293
1754408085130945447402055449485915189197022228381128680945966060796806259147
20100639578852363215676669684731710324681135071655634074622385892019131416260
47181702332944149193868633935548851666633181699957025328427212020907743389016
89186986646959093399683398309318155263482450926653893416409117083281503376082
17139047827905460061181990132077244470147223603517872590176335718028107766242
99226812766687302481339094299817856762211068988054809740868526025360548772548
10660671912222637097701656785833490592963147377025250473005344040342996465541
113192682297462332570432555609940392781774492855440502575733931716646566392940
107892492340405010267154317912533938165084499828692706789885875078877748204759
103870787185570679466258990634251622267788557781440972016459882592649671845546
72035738399063411515047776561802395948080283815828611214898218889058723601511
27972555663832295637638054991463386196983523846737031432564436812462407027319
21192357065298280567721988137860204834398966034427771727171703674240293017705
11465754905037756058768971352629917271879203700257276450858052486489410603647
107481008880922649233250820924782240414251669132932670795960363428791091045534
101791469669588654408254073021960942351161836762524676994609495841964278188107
48597910063857532429083334203537312464174431545563102078917047795684002135391
1319863594935458203130418973749551322865929188180143846498469445157782604944
114843659610664659608374477822547873862545192819673529522070561007779503969055
2302404182590465030905769264795555466606271425677659082980121414278003294239
42158173303736291322461597804693005562897839441614136293792563407539398363776
21324222964524802720128437928248252446823855069976670317942565644780578459404
86967068192185681033863935149468057713268750557035218806307331482015361664973
58045935148297432772091790738012375991557870142628162987899505382923077908828
83395488755715772108502206880553093269106486673089641547398457980150744131879
108243664502245630023722403643603608120423090442767065077624364534919727322121
80105640808466160502424153901690534008163555261496856147593372861525793434741
105331789730887760027724770657848902842119910814675372148708177703142500628108
80794031038071311122111002201105224909992044733038979099140262711395938248610
34340493837422823569179758633761652692096926910487503610230965680827552942026
96919156008615359081163370911764960414374050940979041790202584663767083437791
98341999029743896506047138740952001060866911876396921172480735973037097716318
85463362380310271117027242230882789062805947116535672565709268765877250524346
6089153811845244075770736467840375364563915165395701295756337574686125484001
66335797512095040789484731052817717774479679603324210474777414819338380812608
73918585526402015351961025677448341391583367491001981012449433584387139926541
56294801352255432733511905157670097829505930391091701448801088274954025650569
80583666234247513595324781485695748043861776251675907813453794252703810819106
34701885936696028093683477232735577033988482327840047617667692107213224774119
21046071247697147529266237316694260451512200781578820004003256945512417171127
68378197676874567808240812579402632740882358850492437613108024961583089841182
69373906013102102935679076071029575825320936789499030903798857766826526414438
95607367258700573206507973572295793940178310068025688094810366235789788545533
64343425474060290737955563138371427696134065974067035846245056399918702112808
84130142077564968052793364987396816469574511626675876541519828346168511049128
21274826033486354959932229158333041482921942421797512391679337518306661475357
14434825433365897779491931935353161467231626462398422531916582628277850867637
70552471087875518952768029506775267952519780720156778650777586831187000222645
32363396061247920604791586135126237366576881331855144102722005917303175821204
80517745683275701865134105833681772465700062909405658682715370537550754888700
59944348646897092058318924444493082756198881969565841548572074516363370280088
62685234657146441052121161937052508567699544995568454277673978827304384582730
41027573089249897263374553470054017090860179842176957714115358013983523784793
10537626227206091824942124521558659321279673140778587269474671119609486098290
52264815978987103464398829436933792773761714847161069164377657529354694772001
88623032187003527593480773817057132609061231145588345556210613380083600004157
55782542103193933360821999322727445373861589823500215297743932065268115038888
63795096708217767578012162170385004429697098124257028298203738067034273799457
94285981364054945354653779869725923200101177323140276724829136218324323330524
33683473093812982844336260299261903549863455249923914001237933349863838734551
100302283361599923078467993386137668044480320529256187785485245916821946938526
1997370607480265650928411434488200674893946898814751240302738149684350479372
29704848539433056570335235500828749497461531992180805412995170400953725760317
2274691321759822206704705155105375076202705865689933802429785587767956788422
8937193019912752748419660592527421118164061298081450839012559979772031131607
6762470106596477758314369876224217970318456159136881740646241279171441021991
88337914782918846828694809433288184158871093757984402849300076681705280582063
52127374420244159668942105807188592757917579761297345885669121136959282932266
94066062147002082772243106155586243633576911936323439250761701690603718322247
83590646074127473283470959713782894846192468761784201375330859335546501020643
23719331873992570404036957337820958929869935402477784747289299745076321804909
109398505315755402690489698327920929292418303634959260318673352486710320345821
82416236592214323328268192631588855388508351978376445646620461324735346241979
51422140748950616881326688517590025133743159844468728058591073940709530296645
84780423238554506312328467613547321208462432238704171737389538898277109943957
77892376272077853001640016219158078168592764403094039145600291868841916247648
56839100592453412580587627215896139883753983808578544195204197404738446639533
18162688377813917435214662800923923388227678888660157215769271187833958660049
31567576443444677587084731220226002863740601282135120298986388405562834850951
11330887981405663979747522415948637541548345811397682982358637579967897610182
77114204231031844266289431772995934950451602027808078429915523291798129139648
55307018941045539651588691674526680785349868197351657237607831760561046530909
10697368312728411803742380020668598445018374011877005329724027698842397522519
76761970983923574974994891691150241258160133335189969125908326549284184703959
80140290586599932639929852130700014778576804280643271868239418174127851906794
647780253105693080101619278395908773752834756838979213198295933372399661746
76229485217587823202532894863940506560828431333254995351501231589531196975782
59505971026118815584952546232772730425476939392592858663247469805902650509365
5571849104305122755658835098501685939239870450926400418545081429571289702560
53431063163282488468448111414462251896035379423470783632743888129745938228326
64166437307134192791728100413534335999505328270524871445503478832547555721144
61193996126297243482128217566276280473854556215158722126840302969995419550509
78803448781828356042629322966191267467390861884971906197201275929389915758663
81553984666604327927358777551216700004188669422832416190707921126782229749455
66825035570081290150985971872570815181949040696003849831780892106918156128910
107787712770813381875123687738160163520570590604969140740980506128425132958267
98185134391737411110753112497324752346665850832622721272263757913047155894530
17511575034942187946520867160718471332821326947074419906682541497923467800997
82904781203567851390381735089324864880874901034369622095238580400500755801275
31397881989856696588507379088670505954479141430231205184259854665432294321043
33898612003709024748108542975245461402633986789014333203327040685997905053609
45689836817583997785586894135009062956878446255056040577626821954493907599562
71807343845421839107677361720097539309291697570032973986064078054497219994058
43889674231994895180111861669391551058851959042857815362460667013045650144730
3455483064904236996377290702518606360859979515691599380793368069730485795717
52183149077165376832873594014130507294741876477841412039704167744987262810501
83202984158096881089807369967643197099751495125253264589433650157859064640069
52014000035546197054339237067102181887436814396932281944498053014717759319245
6578352112791283803308857036041615697409505180591908972885998557468716873459
63006356548076931823036100886740821952423869429457772142394548751692492076198
54682494367016369786703702322539895697820886892255343688096602262272248499658
55528027895602210917834107178137643340839350022511070543290394738464562827981
78895366404349819410439024039840434091421102505933369955432274086081339616223
37103291453778056019906350473456674146888910672156886635640182616189678896647
97246889569800470303351731546652505907138299513289789604443915898956996871154
35960430897251161326415162010894679905087135006214301241605182839811824122993
49460865742326211000399173713557224289912311036112366222064536327854849960151
4948818494573541473204549193423947685651796945221266585144327384194786732754
107464488840898686751367296340264012112490636369224574340812072774322366838150
13063675850957950194367137937735437899496156061816278979241296104621854101599
105500630170750886958070637517763945956545574674418862927756052547446007754579
59839468753901169437450481160786702420441573274476993231170063734448306070448
12124556372069647027534753173452243393374933640070649069412245630750706796019
74162894892527189056504652670156176687109817545092486553414967636596342403239
59575109489330007682531769751032470223929608357219194897700960267039181284627
104477041302435244518456651774344630820072940280931984215737959436914117160098
34129305639369650730377968042910609326090713068122384295969552257302596265873
109417682836593050068664250695927974434913209587128752901229466915819733752555
6650133496072802026380138309433537021231395242316573050422516629259828069400
63215002092623484313351981206633299831743518633037605544898736436710698410815
43547185476173691766692399774805959108033103163044728765298228273629408338953
86963950123039065882452488502133150623129782824394454268633702233860030606261
84038098368386088157044523044192263205530947389588047494034984910836566311162
85012647306886458880955749185129746412597208903330156680811794100677910492450
70987165597503407754407839361630209202021848896003595569298549714318207016486
100594419195157588406236667988618387721411357983150068814139713546315198202031
281571935987558018304974055599742894612734683792362790335619204152833495294
76736166308378805029627951353869942697174639672552543339229363048760917725036
115540792918108817364259464579808089654585555820727043001030778800099696594076
99689933560007300862585547998894365678088469055037626785345733727747586722897
49238758756363465374470496865593206942926527607237581096815345299284947597439
68089800335651802188107116886283651801620485856058458585373665144446891687282
10037990550837316635856817479661551678387888826228638061162598374331794794196
102177549209122780089683634381516675133775245147984791566672390156179877101465
62981246316942178910565805853845888861950767115253051664295082416470837216773
12194358968930356556070009582662742316921001830543667405184135909058999920743
87204764091011709934799231833838615634175651923070088553459700436112148058210
91661699055816364988039286661885585203688007918393493700910075038964685629450
76107119002893311680858965947816850061784773315966869928588105342142497151958
65857404772436874314647566784983419330389157651780631930902603882737240168307
102038942852845528430266312524702216565440119531334075069227471571710085786722
90627553768165145838677560278080238854285701557465912444933032880846584169923
80766468309865871826113521909381829702717866441539308426224110925055603054996
19875727460842837741403466152883732689374567818737217853678285782505061890800
64154819717442962698586585073816918178671110754693770518440570101331302064178
33173230729292425327861210520702723835107662186841184759542296396969005389561
105093156241369222290930656503136871303461323083565289921009948374495520462832
103312958404176916359822854507596027236234678215973328850025406190180298065125
98811333249184274564212269545047986728803241884174017022654815327533565004053
32398128563744675620632142284544992470897704373162754330499625932217282478382
24555080899599267788030721322450789612323372027530046215208719817059498333481
25735715014565335637147027272172235698065329889854940162838121093078699807807
10847496672410934934183322917443536497159629522409321834014783589613225377644
11342745665382994306736762839500645063447728929123124145369281401960633724619
50110277438212554828221621597771557690246768465557389172878408184136161196299
103404451166720700071535995403904080558509579251063519145984843041495926519545
49598693117452131362104578144973096201282107798787340014285497857824577306114
16411865015650109310934392129116522528309698165220550183815175763962560235905
114233032111780880764364392195240999733318499918530639614631937854719979461893
28728216696738037900180426152489551343584954235375147738407850389099518036592
20073809521058286211831961335419785415659855750914973113934315106740421211925
112962476575106270920295364298858182302680923118416774663667429483671989262620
58238856407558454268996575713175641056293215273208513352309491150899038850491
30312098062763188204384200883217305418852913783942490010135155537542063462589
53378644086958885223771401767083375287866265652772399571820658107239722520694
4376285796373984955623095599810818575418677951556447960264357816681386767927
1308254579705250570680795801698442465980722017135114184700519135503737618473
55214515143895601569945865212524652475188457247975157265934075278345237013428
101548256173994445791202901398966401085107548669179447728584725304938206453945
22385867776103964993097908933821923333723521681826394386655037540316614501520
80730389966991336301094189375789780954029310079502596263960683140130671760922
18036394364047433147725804933682300335520034524124109285678912790646739026150
142627844515526314608061805963279279739096881812460347321358779382938731896
68270715744430335234178842570879178814466179856584417765753276222081643175137
17993909517250810971148029185883536512629352387838993237891191566431692492217
90744943115924782022668167426302066494241176540557377346928742029772051748184
25497628162070645046433807757390058733176000445121061256812032541766899601701
100148061208899729523888047992752275918368174778951211118624642604453338711327
57521710223192486405839457852231059899823779439005635734421918571110783934655
44399961286124141448095530600382512370970847312519195175164114626870981656072
102674959296944270292295903183154193734987161936153249790111802541336106950880
26834713200601159331298935246939925063803412593460964073897148797828551594205
8469465908141283424268021365204456188415739290636568044485199927780207166940
95092827438025468767395738538751170399329368326521245677273555324513001355725
16524361131655063971997071618199398356430309420451006941402717732330977539217
11652741392741252711563502857792025944838583215890750866709021361377426194075
33583244784238776475359837905543257913428044751482947826868435347063429041986
17859843667951192382110812683972562455433748012777275322070489821965808089747
83999205037151044943724001522438760138865268451415357105029424013851061223564
60729012794400368867735156723176570436018902415008800226697502485650315527433
78705558479425326688749866684258272245744928836821215698966164878847569320144
58175060921124093288533380198054634362347906219503925981594591537327058470164
66779790956304812525633160857013824697025643329545714845150511255490945367013
73698400127352531934884920465100986547868263849739433077801577081009939574191
106282142253631331674534249432641871357556196487286410114075062038995328137674
76787822635071554920590276381008880095669065994408047268494794618499635249017
47269776328880664958568197301902139967742860299810630727502467921305258299059
103018343427739460475465092029866744175221470807968646928366174514733310201122
51416179557266692242396838833157800752567136453936019860686233662321831774999
6861656256258017768378129839559699528652644982340595170985719649214623669264
13534185935699471133542841711544058679874586076842803155470585973945063370849
115745559198823667548624649720027427696009885226899133582781413014692467949077
73198122435695052256520692244898832122974868986724415615944050067299909727936
67014828329537851561606714812566471539797842957013518304445530428773022877000
66737427193877308202734193539599616545006885178946921046140550875323413700881
71211249612437854648126716877594785269634341080724837348107028343014924962676
25749310040682322099047715816505590470611919745884916164077774067190496926061
106416755756089340932323303636288290183429448898753278526419444329514978316765
37078422948129402219739050002794758548311847406753816047522039333115960458485
112306399554136480737316753390106633524808927683870040453398985545823312655836
465332650323459857298004177293438784211160985428584852414104683162870316666
35569375141606737560766815689052906103669158167848938810264452960812740861748
5016424053636394413893085477547115696766496366559879974130957582838442176413
43040266999576674472709177185652918143708599013409751523818379272023653615192
26402972114508641774205242596793394282404859318891003787446347798083499859530
10473357411393393880867687290038606854616132904046240704897695743683224161628
72054434040988109332792781743823663094122779046961169818100581615587229507619
99423300257266002612715533663107224177507877109194792641019748580418444772266
12109560155033547655406914821011834742809440344747394393890168046471494558385
75534923297073641552528875233600660632396240396342418071000164195682601694354
35191341078658886764507404621954930032507774074308563237077228042181453924241
45840330540684397183545532367709976257647266147260894238202791287751369763556
47719938353983325367687193104411574970240055768551395495265320275859736112859
45986797684025121955979682128357768317281202181097786765819021341271912931959
109632579119830459823058365470177593042709724379659103230640499592635921317252
24596892377611140650388155135527468930196425628373338581763212798619612673410
43118681962548734476689562862712004799955435258243088200261546976060057137022
109140703363523656365225040167900247397927439550027062864083907999918496539175
47505685920475262902148315448486319819286610321556177036529987573787038991070
54042231586562150217432346196392787163876551868881776093067495024420614115513
62195505048783727418974536557493090685357779500834936270339327404014420631216
62154318001329601863842968527217461076603645865063619044673846904164241074660
84955756185026872300555505327454465323894456757345461991638605011488213561770
36183762039413504054830533845296396616387002284594294784361628948387782126486
99152774501196766307254190520988904772926042195680836329806926261243743764516
99732273282482164675094995340276082670717785306227098527993735389109876312388
69199206475307144682777949816205174811753371601754124584316837428790805877046
63385429127719924802645833461870840083656472245896220561409187751854296260735
88255126763390740857018088718096369784401936656550962358233034602195215926675
38468579761120843846097810180654612740303664180598310945542978845043817552647
95398512460356605314915649349048537020287351088201492934991049351804935523518
40378151611028145944411199488794223088824687972272604466602753880879592430237
5886653504804569261421620801534019659496118648845242873133638869161832620209
107715521965641897426897409001978855506559452840689927986638401715701850324505
9759762376299145150995451298924346699680770836745194552637400169985698004746
75227228800751928420143143259845458571200456045172727098478868093908632811272
64932876342009229600990829050485717282505327541806232168857254620847146842578
112972599009868075606662918696421537034568414059459238379665011747024428548993
26577667762423255426295642347742472044121717712407842469761188057016602769303
99596762229124945308105178113279503634814841154189262984500964963383122872221
63963134192772852592142808847161665947902611415691918093779925760013253898486
46460868312753407379598302516905636525115702973342608343118592539298015897425
13081363296947197293106075437956667538481269728622922688139820912036161474246
59609710033644928727268801546324744163775088233667380590282021920311963168148
15076446840371087788244517154799994041017601662145359043290438416512853988065
60089812283314751163639394189418082521483593185785185453402242500018179080945
68766153446284932986546295810544969985368198313860137809005826593056879334898
63342738195247449897479726842730485101159192577162891827042716818621696033380
12279618321601499305781845349833248853064249683370890819039661031226905615096
10983439022545156198248757234783010724984148522532522302747365561075233099161
10061024200832175211319433058262071066955964306803930548337391483985240503512
16151320034917169914879190279597082569210253029492016378730088220319202327162
83680580444413918512062834799023227935561083169262114813655777929180984450797
60548500603219735894542732162471589603159055745215042672768006608520146248026
80251242128494393575964681826168125427843804710720921973078089532763581110043
3608599318488024125563567093865785016194646983785195708161213377024624887986
44770094204968007564239619286695082422850868072962234343576657869968841621797
44937921863709924520475134254964642377661079864785005255084712143821637755043
93225387957901927090658726958810424507826178240526769278961155591625033536281
15463367475767529416723291089476109690200580716784004721938050168556421494556
102864006859167041672465085860370159958416750598473303034579449264022938686627
105976351849422062978452112212321978978557318103441544365765863362968652236423
92923986262596837656719899587865659197253529015623718749633494475420409395865
98594045966236293259834961895831882124128661310037613970387608370957369634298
9685789374386392848246290730223099660540724176471099436403374038886908276049
110281116883882656461609682313065203314703543976559351087265564305892554075246
91487797699499014128535544707855567199329520386256240587755007594681971843193
48033151597417089981603573928651501011206359802644002405813681087960839408564
19729317287854220473056946036366656393168034985400427410760791514428437954639
9825799595366197353427997042038351378377407356448128859503213122071789984293
92979304436412162959368514014480819196656992524704232175066652573400033255807
27845385074542833098717356172846147775611980787134910574440304691061915102339
4318072665047910626714272080078689483472535620974190558184319651491954603314
31209191654100085852843624761290352612334750851551953536578280584465021939799
15178881183761923473333818850562739886170171832519513637738505633606588453910
115741307749217415484437048340543321687090631688590310949047898337778972962120
81260759570687920240390140024787726095576751509284624522337238494762675822306
108881392025376236655913697059229541195700850238122405605314309226364576545087
110236116696090831855499161179135282564103987779349346501472789576257639841840
13118775173956107544263630014275653942709024308796182651545065454609006852944
59565233620527070263958617260733852933719756884042199988476734869708337325991
67362478459299727648191627541189932322470611779381607379440191051942358831359
19438301466851710313203263442357949503756953188599752887484776759106627974548
46684356165597253746250965646962530321671555187261953247605281822344197008997
50829243166194391306832574544342385928486939800592147011922169239248885240751
54702886766408650990846603116284179881597899102918662297073723981863940862104
94226642226064432411052147346413236177558886834281980849573300128884979789191
42788884291567987911516853572536939074886338572203460332730418448041892306623
9851291655878602584038628190683157378742412485644893632801052210840971103732
64326509089777383135545120899014005256683279953152380554046239491643968399797
104198986778865183323333963845760363258629913238471079254974585011673931126870
21590213001335127184278680314422952702165239115328596637079722138590034493898
21281879330471657812231065810571331773517126675424802107278819874818711144828
65744517995810998232055378494993841973665748879284215664680872136547397204482
3599070408668748187662659402905425042098072413122393146938404794264020610147
55090395463515755885941112590011908691457733882939475563569291489905081855881
96456502246833478202593281904437706291131450125416664077069018190735383656512
16806014114743997532194492555148303881594959165065983551207562835285514537108
63624440544683903779217972743758052691011044668235653824113614112278603615357
96901369074517869169771864278758026669140005098357608557338216147378985125297
50984995657509363404661601698453857350799583297184288556945243367189866050690
63921072020264888241693440922860482173659916153853682001944841974874954860592
91594025953226079757602078095315712169925628235808172445073756853589308994365
105856800566168699900134609904775084162147466781166780012470733820265677909401
42964223651283429476916036993921938379592232505963114488130382424042694128203
25160307327087462482687045792194262424463139274254967978469092246903288249791
38196104185434290820105031905083389549554445621434601502239796101796305194910
106201680633776726349229438517732245376725316966641364794595994394517196174088
41440824452541200962982019482375246272133153596263292879516441207270508865231
30554941356240819456463216800799764204436938103461642188001693226093199676948
113531344840974599300282627675595796269535190755019086766178509920642040570013
83794194247506787054768364186383458022924097622562894305966582969728941929160
18023923927756279666274278031000971084008497092405253973928628224309682503945
84324581937573294223379708800301566552428995175971957973616332764772706078550
71622367734268977323039591452252655496190892716057118660111373150950249300579
101944138881647733204549523850883228669346701558654863837353715615046011203878
61912285065492208044873514825711767600081089994351350074759579265711999168220
42811668893483422742873852227570540433481664939561095892143933948174572019798
8479174857077854397556730928680641644061045207923205947086651819241239000248
37572646632367455399128038310116499202776340784024770560089004675997053633143
97814424047027363003249355896312716178679887873163510109454162959200246672108
8883144145203555474142711203735301269483442608033600520447341830445646807462
109841524293338028466063078506491163378919277955713761175481636971252846971296
107831294967915007483275549183053970409121566749398108855926880676629618567606
60091816766346093469710324106123696022799749184136710467583296029292128599344
55479256379935045210789151302721276921262843625842520633809272155957035740899
2586669686044911812476935384844585560724055604959731450729279231616203602275
45588923822996183855693476026282166865647484452589136434507082657594662087324
33367975714266753184374746669558246289450908324510938287342335708153427665021
113628677561281429691964212568635526396353135103488417330572463244587884675802
39533694985097302291524745706304046565521248222585496610912923925067140038113
49230420799951656729526267033355201563536993879956845084494984382715549829956
107270971773334595198021486309249188981701842060646903053567997423843480616429
109608425442223810086011953437965086540090113240174117560655326192872892695433
80565513539789487205031751346520746853829898952408136018092855656699743294007
58613202491320922087887577271279642320188038449284224267690230953928785867699
43564976354823847181910481120728156176045138106407600563045268364888234566802
86411033718768017977222244285429708535823512624914280158181918062452281628640
34537399378841029649645702715294288436694234712890873800661931107250883007717
33666999093568727902808132684792931059860754066572226093832919109094099202435
84384047188822464778187052817119528333185677121681959168318102913746574129391
92455523965577040648786483195016097846086268726926464200209567040639577991936
83562727682951810667612196956812804519950794913330917444310458693611017566234
43023243684564955615876355301678691560327904257225606794194560749864426895942
112096991438420440486668447022807032083841842917976287213299625821678245583605
75482217487637478420195834586956579153926482805191955408898396405331983316691
75554859851893568393071507282257942089487096539843737644680212391857160578567
107891955268154335229680915009924461174426180135614195634547623495383847968879
85137244617274823181242360709804039416113130520698851383977008709887087065796
14479116835884669595166926809920289523597780106816175059159447098930550068610
71273493495815196362574061843881533706086015614666874111491073610668552148718
49851703406431514565341064564077346995489479162193797006808632779806810669961
29381400312438627260203313539914998559229494818325960336427789252000874986205
28935178884043641236193661889915493505296413619581197878180669808905366838064
111264853750223897719387975301331581243931501355260227460113365436127690825217
15880588557027073703522475940342741254525260352603358210910063973640594965896
38496965732321080554611553916201498063254934062991464717847265707597937654704
108914902203228945455426064498840098073639612221237938214441705706219676628034
11781493829858768412803427983313990527638698660525115251760273901939061723133
87100620543022928332561974803708368001483238094886797980555606982206793130639
78887210910182550139595488690810292365542641096664594685731869937459237707609
35349162824404974555504494341527117011080713496825945436746220922084559811747
49982788205079638714946211590323655257465903362084239331323837095830554442768
89076070726585399595162432325037276157434509396516284450709376976232167896711
31345511062141270940260218060138336944880458326034746756843781509770690692329
85769619194577844609320377645729718292011082589286082697260211552182087721609
4500383490823702362754417071333739733520403838740876680270690121320097870697
63918998810330472809023710625397621817279933554422775461772862977044985734519
95708616325960920281370520241867370762126176928445601951464300409996308182286
60867860059561763367010702402314156674985385382131960849520925341994191319037
77855531241483959582417029415691831600106580444794009602252507226662577204337
79113447820168666283367442600888159278183339522742999468005742675931950799996
41614289495585500946648861061875457761696569277732869904972743564071014928240
9696492071171567449187540720220565279852460396981666546129921326344586733526
15117794185012463398650563561667296137091993398637544330119686882560068384532
75125137450140722937401959170953840076269704188062479505565291309721993334892
19685567833934218992012250399546642185872334328984040796843884152918202775026
52749436130163371241646783734214573381846950116955783911840630764223215714066
45220467743867700783870769388299547020274089808147917789442713299308812780378
47057099812117203469528403574541144033948011959863167854727455639956029539489
10706192875506411504318774034649088884414684924715782071603808552438864515945
114422253529559002947495195480344026151611313915584072015594411050906382968174
58250534855455724319978964567516172575925450050193634838961631956895330247315
87068035875291467553438503580200242139210410448557463693954774307884628733764
105494370093307544648603946684127241449728885254200062418405428932771824726485
58786694994756467802567151140414632335929295969993874515313684920588464772541
74715240278967389639350084145631481768363664938876731979618060023631849894728
22080928890329166594597400590062312490958526394233913073831971441132408904722
29388766809051788698463539697787112293082178073936186967257994213598473947917
33737056792044167678896837718125788005672295308590912235167085511597927377361
79621202504755694941991745571512805445984891764455939443761942635745667516085
59632171827654396959950521598339967644636793117905212598996414795538838637180
92680081259294535588833978118575759863871329070499667704478516956659560570047
107053020793573998856687773472399223116364197075908267062558399263455556576104
87886503466725250749582038347165529792284351671570671710848690205539863074503
115426570982344129564340964043668674157157500102572465432205285433494910085313
31437867083954346533828634019163405175299367109383271232652112959425655297597
30561594098605289545638376585135259244647075989893626736105406539400706575399
37041168713422117655789740725797440971147041725902634033446848432769173698964
78298434404086971580939589059778007387936051462503200708069852081596781734877
9451241600468182231148601036225406357586996131174833255898887950058628562060
13420272973897001431815925874320082970029176516468869147481480842381257291362
103105915688088067888567465092726119240144481377393279277270800934134364332327
108075077346469344797596944002824685021377597676937461554846863559746131365873
34137427681106664421931981253855052804878077149844538206667915227352473460289
4413992289868722538145073212211537791099800212519713669943029498811621279091
34822184977933299921102641534244261964449256179789494357281574785044709729699
9817549474640014063064607390984454096086736818922864025357573746563088742663
68161087691441194980996095677646499738364388440236003777847413163517239657968
8438608674814787173751343767580072268456514225799544936503687466450009222982
1244618648054058846370377783390874604744267198014762689529652420232121405087
79240097027562755244983143547387385521185851916664887521227259400586679593419
103281723305504605095271901308548135851021183120060777630157762573177723489534
100271213046311211113344653023109049522350451101606091070960355659559644515894
63880201779537788533819599094156968955567092035203922682502119263223815510487
87339494337628747739103171369641230782250241001127472223767477077130509471423
63377104260300315973881072408771163702097920628243195282948445286357777286599
88204538529437773603842741447923184495032647908813931064484949022752936206700
91596564234441324533915761687296086204393402696748923855589349590519346796258
77622402770793401607290409121293759583011263371444014702886999076482031381811
56937488379633552193928179162696106212771160029532371023715213514174182022012
33641504218091386703672701411086236632947077882905590967466875228651804173050
9583866019351889845232933213761514788608871150481438444756968595454149331399
37262841590293991426064917583426014565020246495235203685272375397219999190753
27141565616167982117366612843982865130019798455682747018496829943840409501493
113263522737667334015407268242286689084493722996735996767522057719211195189768
109104655599270201743338991589577800875218136597693311145149533242300763530486
18256530958548607654553120687257543467114188083132576333928401676232572404601
4192703195797074192019434366764831429213344228023789314629874417454600705921
105305788490267154199523305570376668390302838492228872742780340099633663302081
38592574161545821676969248429975804094901134530086895142936767547178259572636
14428273141341840845465222429712740079100721473654996214120632494830404169842
11939036924639928006300486698325963785235876457423416406786439358531995941449
93202687627644694728899064592866839947501467400394318777829420717995776060879
90706276988289043403598612759801693358084199910443981157082164082721865660917
26431391722612477873115202348710234848138773129461837684614973710428913047902
10584914747089951469211138734995410066105750689253387653128261932408960656757
82698610847206883288594471599980184127263273888240554175119177091108821739417
34605762823366927073965545774339297042542974241859690609189947339892822146512
74202206363313743283639629351383639534489535772489539030728205373924546094462
92704159715233142147352788861016989399359816362550676177798075379958075294523
105591099589338627288313063381267222279252266390371714124333713502044028437512
41750707328740652993462872070228431008784537401234917906640799384006566496263
96915421645823635875698829225001905271973914660781971706749680561044933064802
26847252885385107086967271525841003369820760448038684171618874712633070490907
101778545513801533059570968415769170073401460606473979483941954478150427476434
12005699200025879428373338249099074238599958456220656238258322331456635118707
99873209914341916366270164794127056132306191880162684859691034218923777159545
2876949776229615530639608848434546695691565465439180969806624323886838517763
59277194703784246415907646113677634231994916153686497146090726927960774633843
74411213194646425552486605937855698349741833373330787404507325229837060523185
66712888674161183054464585314333299793138366746236263597426860168208407762775
32527259136891423998026589646647417117404155498240372096131623590738314136551
37080730470230618889364301071118485487635113701615026872024123085951745092912
63024744864588369954122158490916190828917601164265508752981381699492615062066
18833675150659048303449556254817119123402541173307259296053947894316713794827
34242942228864370693262052809265961764199330504275419919841405803148534948292
13339973831338685601574582469803488022618276538262967760972755927269826924957
111568132081114430382774782985030270514308182820684484242083585717012715148026
29845928052236853049455666017855019316301108402200585530454343120118551556719
97902213581705242903206627936378063194208256605843416402783927237489646353148
110322793691404824404243883028880043405825823164157315483355135675370677741348
59565034141823115283099712980776281095089093744699046730603532870490461329802
94787372563614168369040682211372227181881580800303759099531898286422255986488
342511081980808414670269600846084935479242726317766714712036794827275001007
58288727443400712865020276549546819503096872287587034875969908629535860645570
19061174203946625925215580989572083383213474389308825951818230087029761155204
25944403787779661934864956253085905893518724515765101458631873385497658330039
63331112733917828536871873739106776491940468215759090983883101091085443182191
14667975003524867555522710623449319166895982473957209619179216646190586941628
104333055608544021757752323529484898930344003232252538920734558272833098997029
62856872171271376254040710882325886959474378419272131023048405752061021060344
86751226241613047010669694943536170103694352539000447924872403201262144098967
52511881830343291808371225716182757896951448740840448665585823219944946274458
35635875811691026017850023078542781679865726959333869879671032937276856589369
97375113765124573761625065926804895041584648337568705052815277515031730541945
18659433969899674712864511489462097750198702680391461272860424163804543918840
102385204813753928339210081961543689559323563274971155701759254664039989283905
23559990652864230387279897857888078955140061327642820021482862773065870562101
76015221923822186597903849518649980280609330883111567051749229352253945325581
97895500902266723173122669843497766695434743466601132288766892919575042062947
73248441252617998915705987498053396202281586131201563709027601433479205472959
97210524613987065575212798206149644375967926311066268919215877267819676013125
19800599788256781407214108699662283536082294560574598740205454752297154898363
74094048856838820530047542517195691530887569358362869863697914064987611926715
68309859078482834160817843966924184489372227642353725414501989839949315452986
36909580920592478502336646877011024634309923838204930368876694219010065429217
13077039611246874099002855893600414743586226661839130520731811351922395437094
33546821349921253624004669140759746372652637215772268631139597781579638749998
47111051890282144790290102686981605938061295238169372019777084250511133663512
24966012644467356212787434538508185677974704750443600177549834914291954258401
15491133143739081876350410411457755840620126574126023543323946335672663666376
100412418808803117544611331513822319377648897931824714814853324450220994056361
51182121871194563804515930395711809417984512194452095681378075653425128735053
33323383538498268642888470236617734745311424246805496892439197436844175700841
68797909269737080112869537169883432898047858921342541058115874560098522108370
2376025472993276633191955817282390978626727261660956911332154476490869958736
15417366768155769276323556313589880065499432616254880626057515723012681772647
37853381828043273393335559630848041953385508104220646980136339266372048802482
49475843799821272774745862226528789178891028672582389102418005088074826356399
13726199532656616449651142882688700058239647265517263197495963896706963197024
27008563930032482861336716471880984088408811126508996644910122330233711405278
20734562020258300135083406278600479730576606752052966368998684520188385542066
83552700070557143686647673222291832103328312808381163709758825931726155017000
86738376502627851682745382912507084901013986540758723579085647970282110113478
55868686750205678285273392950945576784279264164560644458393131251751804668205
12687333660766121785701908947525321425189913658965518575216985007248406641621
11368992943391498900854956980780039874609787845393565114680010605907147243237
87992777109295509330948331919560001432512639446875046155118480223753613622565
28196318991980119224970280433186392833557090104656479291274332421204623342939
16773684053137266333403453080371155998964469832502622424239419776478146468988
31636172766946616413864191262004122621766822723734407794371101963409311316905
90483762710431993455366366653978358931116725820036277961746154236269974345836
67279920727908912716388358542213399819070578861895375786291365413738916574316
115787453176795149728594873594075297696375337845296223606174363750334439125291
59825075420817829137326380291551711373970538053606183681168898581074255032810
29094422775953399549795484300577531588810703379240631490717731581492839229036
17875332794805336928415875087634463815225585199774002474103572271535414494776
30391473179867485325585994585200719657697085607204691968196342141140955734180
68358383761092620749857433987642003952857566092889672708594396349902637481773
112245693743370155309079261201611450696499857047439952356414414663754057957889
30963181372968390068390666034599729075099744949660226940949607052566701070557
101386749284086837728421507914614788404435924772982035877174647874312523205323
21262090427028238434915093665533767242216141290417819325696256300389198931831
76904615995495036751858860695461314598842942979741284276646403671570854515648
20954220732010785275760041798445315644578258723369485438991125447330327643983
95588425655840372964848350652639617316638357381367529772932918377128818003996
91310530396221247244276038211592102814019513828618330503507085385193201516901
63069296739365263708721659134039739802965565208735102487440006194774570305502
105674307374212798779074874701311820936867829159623672195548623025276907399768
94638835427953024337440408376898063710373576235530845563368648391145784743805
1059911765671564583875757106003119904115162602330323520789971460329083539728
2173038090534903507480963861019468893670733407403032945311753384856295493492
71570317941265706291154977062595119772819792591307886712107901904267567327886
44251753447910299596433550016195678326147416418448333256052387438018441734375
60315786416492019296037597581413678441185361870271929669789441761046521359081
3150754469471607684242582708862931012515219743444598034721044409622437706922
82217574907550227284911715263471240957119378731936583649553332634095481731371
1395966869635137582143441163878655046925143665285363178983903615020310911387
56080594603477673148968434499562894278945304021284989976809001932007330135198
22182462652588372879037611390503783752484534543158554280665897333865619846078
106101762396727945809572643873739809697843561447467557221802710377292387914312
91159425590258822921321731042227057308661702114690145813528243912702726673627
13845666908390257170857304275872544832253686066241700237417187761248848668275
7893075777092956935536654521269751470012583383190851785623815279525882090121
91362895461324970953473671153852315572777633368648921428689469361308457216543
55512363115373596029214555656356611128947808838557673566358589982791603746531
18937777629799572213112074751481125414888627291635950352878955334691677587731
71735144143177933417475844644968653013458471806608487928740990258735882295659
87891363615228671738759325100602405159327843288776721242461418755136661202431
46580069545795082178093436145821953485833122470189425130275436804459604146829
60781249981665283294491836397204816010567211501128495245498649853039200988539
81397587027996754036766024620268583042927086096073859487334652002034716900757
54793398363430581073605390596610516885624066983991342770464995182965620374543
37020903428193353067680398742679392014580259260422403981316547015909028737975
16638421896888007027626563558295610363826384343731862808817661608004574394393
110258405873113519406019829506216898805843308678750672637372263275494563812026
76686226626669891105948012581551390488763217541786355623516910946704326312815
80206013928236235557968353862733539535436605787802343204176919276936977918174
105290937801836780422007560316280743565471060754048479902338480040448064986589
110792813166256432670043789642342329721208862519865529574753151363107672107528
42992080087472361176317717078083432869843807841923083459902757006769147674225
109402686699910158529912952054636896121004990805333068262656136843314169343086
91248629414875871247629592757716619892645859771170944292356684435361652448167
53244454525686556455760590845874450346789602863983188998659226896509222364973
85953713537290366718040544430328801280386432075882288941604558583208043892017
33163806862902200646894139505108477030744356636018527833388073495404305873660
15879074090112984069229935590859995902093012347012258652349660874520664786556
22729422016959456233153994770579743723416130063102044414186194285311118106163
55549548140437188247797648892452607299055112798475977530468572955787387930962
16758637634226282665872099097873992918240845171528558773581386771344732622375
61622330712402041783056882813715474492855682493290159715106715620816440947624
20067823386870758946279179115953013392176855053033838771350692619173302884105
27310680590285134738367103345725948103525633220820778092459193204233721208684
17787921779291552477984873748696283899246395568458552715594812427838744715711
14747409337789186666573646428868748584614722854830861001696963096058061293676
43234512320413983393892352077026829162151059297321368936607809389643788633337
53894588482950448950652652321165550060677021293988651891601111018914045824087
99090181965261581648777870807949422427296066595134465685371510504587046423621
94200844582487670502436459791225651014899709116544103507057726616241944321861
2204233266452236348637205109543568917171834380689354870718552944712921288624
25323932377428247886209318812441712085510596465561638713991443774961533726828
52435286806669146065021245361111763006573122299625407466400709050309136603655
35575545741746901301686962046191913962028500861358201742206199606118788696689
74488201456678358280967902834688737092403121802724823443874843409206195510035
52973141925689682458072022979159697293259608239623589869235856313726545956662
96948388940288246523913397042056706514493858817669350012160948435597492239059
69741128289713643057364969590924847913745456113094577734445094690432221372639
77466481940215474941124179615596526686057354516206412692925597007725076283963
24110758905440475214511842158527905073882009629549079287897733615129805912215
52189584716658576253036539016449652630133192963445726222573609435984737276404
13213716120790592264450478008345408945397106082861998829011707980310588377652
75901805770557871603723435430948342254573649199200755796439708087470636885387
103480274432689322305989851334850354976821433159284985898985331242169136076505
38035013295735608021738677568994458515549400203432284375823814649319469416851
110775622418451539850774894932101529993134657196831312419828629582860083954377
56688554277485896145052113644534699756676831359985402830172397699236788912552
59789241158708836691330381230462948741442618865045523124730377229286965584305
67354156838694807556991832654633519870153496190016849934791524335031051007432
74347192738703182716024911391306252682827926861633601692954050250959661534912
92729829675187683291063775946268142767165542341211868067259817021304577788230
57850348301143925925104795252228017684794443405863989000071374202238138576483
29250622482843745155587298587298137277437677945453043016925023990687604808729
46085295221988870787733536459952516764232611206954900045366934036297825810447
3020096596498394900156644728065861313143736684020469572624960175356803712389
54652353689201502577573420864844756258148499292861286641253395438337852432697
60692174822366671692999522539640372722642841610116745480012259596322569725010
52438953365644108303599732278933166414316098297742316862915823793472436785350
34731113874069524842002408499929252304734655952832007191823498239095764929267
112771862927733539660105222516438079288756263866630393619243341606358961862952
11914040710457086802476221246052472776457507649394361072575959366222828262513
20153522438882285627109911115887145137231385481320924442099174230063781196048
82163652524756373903580057299830105485291222994633822538706982226694445866435
110493948479943266474313826131377832080597268707564167111638260978842931994163
31676231734013956317390328999642724808642800488361596424822873022426738751009
4174760868406508932064673722184578048641412846182016306311563336035025885803
52368969836776808657926333478058974663441241732003053848275885106636124313024
51260162456535959344655264449719943520025487000660706416988776008233932252401
91586810393536246539077346328652370426403577148139779412393075710314040736629
97231428973921526191754999524806991657185397106158494470870631404264189554616
110001329604483166860849535757455344992065688005104948720961826289549144503874
95223658897224716009962689568601463512081353281706556177427127903136659160576
67932729316200157648500931865231441973828371961086756696770638913349440048318
91230175495211400177917301210509814944116101629651106682247061669456973675412
21448266546519560483500548425064563145509690421725550465713776101122870138295
14482409659237519557899664864052247866096253472015679517108183736837196703065
64999181824429692313675147537290882187443169062383919946344470842774793832751
111153836809600749808182650221730070411031911563234008546919202635879001576432
56132868957531604485538451424175288952055967886070269563003125107374953790783
99152706601079987600023540523460376882114448712213524363213308347250544182138
95172288688306808815612935529401449076053162427561826968562671155552863472592
65158104789507401750436684429766941154739160657701781612301292632395039513933
69513221617139704817276072718440776015002731733166276207241599755622587215294
34047028734811984849701399115417325717171508828103705407317156698088586455628
88988421309489017515369719686953121077433086533736230016261814479076798527698
99468714589619809455389147664386428200453902343899100958760130757537847251800
37877759924213002797034731731769677376859612713772834986687173841593099895407
29353614697323632857044968586688492504624452789193745762728658615337215825860
71067775674490590147797816698453210464178303737810600348709242419634085374846
106402394813817488898026785648497892964609903406170606757833678976092679084654
9078583148589265957822708840347821989806953355512242810821422994637011629005
4181740909045216572914925040505010970491195585506036198991459595814994631562
108385849677437418342159772921042800121942069534008951239881786691788370627862
99317591602795338267265021349199011927518057841949370592547569994353507310694
83082996220758860221185716006527121866910976464552437977049111403847163183649
98246998882222898852008834168063349076228915740202785886118237192261425834676
44007484197996039011636105337158608005317439996776866329300894541444136663629
32163986706461427412969431916492479816600207326529749610075468590323938694914
74654951500392588102433560968974516410743016714171665034036552825910859490894
93303216430794192117972681182117914794119278941882058371483652398205734531612
86931006113745408825505567327182187027294392472043627382084349302485985577257
103150288081516297033432075980791930401120910099683730866445402836069413327564
83774480788561737694873055451507152687386595477236779584908908105331211386955
102476001856023817116714308809624056760447995126717248407982289571436005190820
99267870864516481721182615921280177679036720247914853359293326326754458600206
26061553699765122448019143498787368899830380017247328777910723193449777089801
14255204373532329581318059151051472076455883131996990088375384653755311497537
2550762094378327970340686861329175850106042909674785826332632334055989630360
86036160161984223540076979691365056284685149625218341710438829745354654455302
16002904972959520956735263995964355747781658104488755545843825335922060488292
41477815966651035517872547055711097329698845804400476741255652766962019539209
85145961907365926704957773396026188410656471877123935326462267714832906455030
5548072637662363774055815040611977449891974176906899262785540459651924651440
52392184764918562893993161061648739473421930520394746875310492681080265191701
2529798085218180678471482344493027970153992716002063863798693725502765978258
69135107003884839883162094683668232642669814204192954289384860554979288234862
14373700845488496118314892764761192336908742252214328889073895678924769672645
57976327943147206984289759370033821009242422920415770336068565998106700091057
17767936823533770393233352471596941012702052155607883222408670828804475982781
6431467873074698618983569863888637447863458478674662697640350086850326656011
44444437857814011778067144598386885596765645317384227205142074437033555558155
41266770019735167223322485300725535843508044230541390103159786078926403469204
113266404526501977264962791145983225525537473961714750402870855395265608777020
61076271333450196367755431365161173363989843503669641328246510521665945385498
85005019448918121724405459934374642924060949620004260513951270077285801763890
87802705567738559736049737138907758457025273886024234435341758317812223850200
48113278906830184861106688834122214681642064076620560175493616463387300700520
108911763786875140104329285957808099687403837993566778854479079146505077191627
90277084916234917360556993123673194948600266077179338018186272722418462141742
11455680197080202450965601549217110515417937974396361527973191480828796663520
17588609233184645856816467027562268586067127831261822132586554322542391094843
63456716204549553118461710633443716908394012060217752077325542480524811512867
45264026308716559866957974778016488347950377352400627749763549412437455163104
66427258970441287240467094112245539170892415446502300059974567929488466376724
9702394693468838284642666061672015272541725553725176865028389980849731715374
26306501066416887004487447580146333912476700379490216623350009368119516474594
76324925805990594654536299699989270239336944493278287774625121746398286220035
56621944714943599308606831352180380159341574950086150929829894192479460820450
107609891400763822279723693849097406728510516010952671581181959631511873401665
90278300721466487305341392527996577350528192069846509278079203064518715877202
91209483725087091985551681650306124686036463361242104815053329690199217984140
22780439560091359005957213611729436925327897834131397363981300870642545728367
17825176679403631657277043115575798634815638884388676013881023924766078543486
75996460116699836248593187919107638084389658175977773774682827275590969226781
76254911745572699223578372219056932011137913470405862657396783993153414354694
14856012501795664444624087257900370708518520315450582938202335616294161851990
113848089472367474104970096568637214120083676196961695573551982365032701101785
103654242383364079018126433769573243129148200093080648906042541905321341629512
874603595382983180635253115900271142242919662469547684966028887612480481548
50169287873110763093425030793482417121214331930608157188703365651649235550015
101137150730724055617219817920180112037014599085678579547561163619322940124980
62080709102621747245391960798439042844750614149846699949295564225540290496935
52039883616805804795816295834057601664296102517121113887160857198323866886842
37587544885731908205628989969351768221901891543901353409270529855254721086447
83606885498173956371132429439182318478020365353111622478962564111339558725941
20757914298401030361482936870414476483351639124116960873232070601559029632076
14341076063227054269531159407528637332904879724186973504258296568643424018799
100196006788699371812551307899540074265599043341171350507775811832306033191564
45738988662222938654116270832872272167354837859062808740477436602688097039909
89079554898195782060746035343603624869289024497231784276381035023626217024473
68284665775209993616434753271415982662683742072274433945535662568038501021670
110670495191178043114167870615211125737968882663231962115246294482715357320682
13233312580241062288376755185955273324227523616835473459338685046044142469134
106298168187089315911074458686311582628050647431622601564603864073698493716602
61122383328513732123894369783528945358332881078743035043922852704511064590928
21908794301329450648975081772693179489299053509131804094847292031859737924708
29027012806350430896564783421425732277319182806588188760595869552488503341280
24057063325591760525959513446123190425445817391871512617526145622005455568186
99577844848769660667768080000527268380142921869019878879420249825196620552687
22935376267793565214340250162602696600108603380646598679973801440336713857568
44873177582620862008858680381387985531008519138836986025974140453827757322232
25183958686266506932407961047721500912032832445925462242777324849926365113758
22887190953554989758420798995427459717368954089042230765551361795932126187834
35445911782541472932931879960706649199357428368596247467350240439942780060027
41984183282802418280770211522949921988836011940701002375866133846103473803493
23329006937924131009076386207477046990589791850770262666681379665771504901167
38592434810097444577080269248421444818653890679970896978273588746392506483682
19817212943566526554022661413515737524246081639591907802067161648513904454218
32739277498829171095135089272755933530606618688251635938572226546165933293840
2630594518597530106209000374700093725877883239416242699046722558603332799505
98046445715792693041544864890378560773758594890190586645859756442322181037093
63788539234278025604045528855902824648215688583726625630848440572118449058102
61895533869584719219201488479280018046635434344241445928524910484107606375165
99125996391016232698740479680378188903654517926407193151664103727341082490195
107049622588591338601666051202387510685089436444905576409856479910845497950127
68348252011328470289348459134684414617985569685723472102802280379642219190215
85992888421508096738859850484132664533393384468613326373064679829936527810030
97207597604742518153607383703856421312030540611335798052558382422377355691562
105963979383134061063505282660619566260879445883301461061282583464422492046689
88208322135795849783084193200285057827428677264400310150911509086542941294131
83031394061204853681507644277411578266395068978489015773578005893092567328943
75872130346840623549637563606521635313459816836986484817723192208796210534067
70028120102392421933175194331447411823403746575980646706749531600813256921700
87493054725302655044453900144532553359790118549473823389168396556531675585615
23318405635617056543168128111572741114176117836940290799348369993058528238963
95945426007884723105924091770827935856342794900061546275353559442634502269110
40232876765140342106697476268189492296611158813920556197249870557525573699728
64634674659577476433541179148190874263635941042307309055889160448167184583099
2858730181826902810381744712817496988203634950400112894809434575181627685257
72937977377411550529218281835456433043174275804996241875879323429909579652122
93022231710968502053716905283940605664285452588270292747272782686100232610094
90830719985410374937373606737750503406199969442943511235589101854792597352947
83497851134230512641688099585486814313240522397885978450760082385754043560162
54865629912652037212482709342598522533293503481064781091410073267686883185283
46505659730090910263837106445665139153868287509492761750104853789981875926995
72987392159682620730641381988694079351587841704386537720729302089709863380640
90125173266049827361966253645726758655580246102188818908207663509907084296971
11903315068207469057197931600710881419140200913460624564983223131534540272365
71396675362488660264529242409113838109216130514836659631274640782075695500319
62188062900098046837100595053636227442304763006640071831519213536960551217388
80282706958717040568811561843525762587810920334829062565387608694605988734282
34150279129615752762401206290237246223983067955101237171635840065319581156209
99389655198878009689202964352184345217663749683352044354687883322696841576388
101142568475809215264133463764752085328516628615615256815370102000164589647187
65328263017010289942125188482470987107384707103500671939385749685740452072778
25367824322492609713975703371717746829430950100974372508872292485492909140680
52249313680712272097905521239636754990858461044021228348634204555755037206265
43809433023074966562079955148517667891219245792524424004062582695786989446483
12656431613882201321160154036928959140497413215820214345179357708867510765067
52618900979220416727573316655140414264733924545207713935883975119147475164160
32229973668007649372905055793920088326983159482966219984668198530124683274823
85531042567360913624507259084307791336425582796249635992045869010146104624405
37718432794604985896090621213888288334919076308081065075009646558087975240984
14114774010867942499857623788839052501551408325439775683124679411038634713700
99405385593284724320363859105846400631599122072282352517172753741459042405325
54242781309340542424845645955504029395101747224310314429819776199952112489134
9762341899876553270807292251079471500382234807146676963451496702559082442430
7185056168191011956960838407890954324098236887467132305882343107997223754808
84738407223404602791290926972919494257416768241230911373354980858254377665522
15742029953588462119237420530509578201527491548441665864911975633564026342610
34497845461107275055286745932057660046349775466418647095725115026412226591617
37427275446568736059289689692043612856730147240715520167268736910420847904991
87566749815801883365634421016709791982601128058327006904976949216830271198553
98533572822220970962529667927288322318575845170421790966946760285383086755
76180416837690102027621925530435135865792865822974186156736517540934147953504
68416585632518591237305185272213365985182498321149516411364862259855048096166
77303196480859092318919145121885763922744374674152230557983489826058121640153
54222029297859660369633717637079130542813737571519346042196185431421225845310
49425409969513304175926034728762206921335476794302733873609620014956309229365
43287985486090725946055883262543387243805449378094660781939356010405071549603
37209471245216127710644351317757185995069209044725566913562801487662168879053
27277029253905277958006408387850904666163951734630707165377574885327961763705
79772941776618815984117103913296124940911077791626053044576227791456353074529
83489626239314515316506739066451749173259006129155459134602648177300418385698
