72180346696857018677856408430781781357893508851154200782722621239103999167021
53327649200223667106706395371626502200783326193402857614701091730840201638629
34001625000339685793366657477637814121531295596429025914110676516597765617912
51729587069386980092632346765281366316203970350944839605503449873643920203853
101420380287523760729675695570212705939944795943523914750438253988800937746841
2431265631058526649769347829903027812139610970643949156244384742400491723873
111651358271855366894283981305906710170010107509184606457393238337140128966093
9232137867335073099804122089392475288012631402379461449902027630751939941537
56026363986023186174325215138601359448934737522681519721844365739003356417482
33000040476207823264304629029244643616565772630254447281211556534329439119564
85040027101983053005345944123909739396056445628054645883479250586382108755166
113670877442634734481100323631936289278443890657475721449180086496489956477884
41964514648721157576607004081876033908714933511376249538705290225626462911622
18660201262111462082932795492601630563505556904681766456177413910733496791183
4364617301959224933026909484294094735138180874826687165691317143125096698403
86966644551260320875709791506305480645544151339667955393393344578906998751913
93589317367935109517783453072694748504053791901240553085506202907019129623552
85144456308773178606252544953802349969049029373735487524333658557990698949114
47420612193363714075120165359445316455797618350451366425710328105478162632977
95989305900051243440627299174457552860477836258193996614734395790313379344007
95362003750954015113257462030158815164801050529818636121458107635885610804067
76277261621906329554075635380134584447062990771791208569596518768707541191693
63738543601768078449671496041829018000028610681767934113175278720350864672910
79002645783345519382821189461231508660013820735245684355031503389571866272305
53087090704472696914641498612523844688326509151602395116312454590660071640508
1630500880453164100623888735810029562870371687934530107614628833891321749185
109609273321585328443289298217153189103027048518805616767809480926118413265087
105788447220273289444499378276092553382373478040198411361379134732157435973286
64757429887462316051615407428815132622105077632606787251542198300438064696494
52082544643517467338387435548932765316864987751005726784048133754772772774801
25364774313739683644209453024830021199980935098382869174468008465342462836770
77095631969119202069492202204996247270835943623793811563714239848705029193604
68171900842656825908355542566764675178387445166640283289699812910390866472479
45290401241102738338114744931693020535537689752693147950457410165339011749301
6292008843063032274944108812578121400639071081575467124156681843691809810293
115331074561359854363104917260939384855395985050398024997271029569620668667914
26639373811128065417801989598373075692175653167013831683700188682484581822237
70470815477511731314121290302549666359302717357762496286738393522784240284573
41235377959372578546645371268292076910601525767079582536957810115962124250651
20195682864740217329837521113629887579689452615553115411899987025344166608798
72451460385913216587999859213477068530666203573785074948827224059264129775664
40347757933560030898869067715763812248478619073409349613190371031570200502040
14068296697260382776987856162804211598154922171584045599008682513220121905987
108489258031411691106694116088809981443893532266353176327420185099065234112183
28805842363185363731405448873781863188568406924810144761557279420249702270814
113505608807253499013000108336230705146387846492509700966303602021114473906417
95061011192162650378326690979645045643662883603156713013401496157540411454325
112254687236607630240435922369875844338823226729781091560443619295754840176925
34036616640774840055601823234717055171255390248809598586465400837690366094447
11217480015619044825558256254162006962401077539108982227359244956112143371323
100999897606802687401583596727888022840210216721663807290585262891593844887092
60862880673371045253861638851552332646626509930824255697418923506232129749546
110146218091395172269556619266061954586277250998737386769241664965618056895419
106110574044031633931673731941585368763188766441709557130404760901409582616739
14786781864492854208409523798446062097525871575512859661086431854005949334338
80547069926327700582325762131433353213074843323237954315817587935044518674709
11521437190532043127828423855632846880407859249274610677161688859366357311752
20431173576569270784684151234667994960859121942912634668270725446208335166817
23051949467100984689168527436366207983163182591441788309507644984610919556956
115570001792391704894270229175134412171589865634439143516250569275545791564926
86369659982670306368551010998236197200322297581276175090533042819619851565502
85330990311189836597427556671512253471756143978894058885206474122223845345257
7845832663966472819291345783775047118108068190342906378089721802132959467220
94314001332617170024729989801361527552614575971241592480866291852764003467757
90906661345716204712564915690647717831613105956052999926882029963065560275432
59972399251953813725534250526249177263590954738113437686244798902961369842787
29903337980184154710515761073716397734353326008026812114673251623837930282630
37345367970089785969167640524139629374385669692399766972493155908603174953961
75437132009438809658524341219155024050739279861308699930754531765262587507375
110605468901527930645311926224176492925216505885455269380811560584411704536383
76372458118868492180717500950783732629006446825862620793200737727897146663893
62080262734908550108803610061223032512850585653112951827410762986548405156103
94679320963097966880664767655900148985555354690461360092581817653425937152368
46602831756987955824130254871589844440188149057422105012767140846418724178339
56838993705555700876752818044604594038452339518527505965444405556523118887422
65838044967441785891437861040390179087349653471800267536693890345425119840627
58237380196526527220070566236386306779686076115466436430177454272157882705718
101090115831214780982589398798732181040013235318819062232221272322937375436641
63564178713960741895429885047408229381260062846334554786913768958205379215155
9077452677968321777600886345376634811568261115665246292771257668756303010770
98590861611461661774179113506756585109537893468676328608713269246245302842067
10389369608252145264707217979840320777822789159911059725238053043082182748828
53236740609360140237751075922113997104450814812877988101340900250924930151734
59693188960379065067897915251794840215214570676591976139240488860969459695743
111908870717414028814442635986083041688417913440880871859144917186328305109400
51692779405073851998185693949603705613118348111406800663608688805135820952129
82699161732969397678109608943496932387527581973634121711785968218520452294032
14205718646279704821000878248570397835581620035639906430505645604242970723053
73192916326871673579847255065662291954796653481347127757432531927559202237433
62556394153055606590737972254297202820611702377992853673425231807483372293970
18778125830030190943594412858063162587080074023269070850814603520036082543977
51047775634024387762660862760875129194629271051878897716216931986840022260341
61613828509241961251883027469821046225654651913323803766891574792575047366608
25649874394510377166812037491169794029990449186367667206693698969852683195620
104092372102379068474075879784629295461261182485580027796747203071605087379973
115478878379279886598345286067498994814333248970996357778405616428847397898479
26449132236436685960619700875768116826178117778298629515826554593317235523879
24393710004576572390624736439238418622019857925674773145512254920144819177048
110808370589324871365907169749926653241152069713234744649421187313099943594722
112770313712510398783410102632505681731261985146701330005727234897799411369823
49060460325887647282174038403164957850258565003116370535926713466648335923809
65225648911760890715035727644507455945843793499409050573802283150004873524743
107505122743378178619498008232456400733336872171390944118764221819895489514075
34740238358379268243431030457726351407093823001148857047824345063019636215027
84153141796393711376643816223025493762017586049174015064192752418349097761639
66483669383620693370545464015065013429664614828755716872155045814375307237079
22480019264639206091796981351535899846513268554072547589541371573529298721509
2455096830851001974847867426679844848175102446696210252390192017771895057059
73722497639682974633119304305958543883160264510544728865106129659613337836977
106843238055101028357740378556711213917535857181212934167326657751278747303869
52102718703987641385943629506359391637076925956024852600057681484691234012024
24300899783391760652667115026076603829202634929357840328230805541907712593836
83037668745064935163376602862182580274465789280633535577857998787842589787499
102913475563204583962003928915911741079805402481120246402968245832773002523104
14010218535645635254153200825359550860204609123829511486779449559731679206581
75869251258923617359358936645872472360012615389383559919618524083978419804608
112975504089517663960470043791659902151281904500831939790392430047871544414504
43112307154383122661573026814637844298120041632803195846624679233451902079258
71092285599938679289932294831326106535243906098191566924963507176238946905930
28031164296904001749692641869271571344593747895038545414756287155570218082672
54824681062571257062297066686700709042931605053144205168603623013353331728623
4479412100250247736791293629243153688389362240664342311625010500090957832066
76130362320349692513439795068726837950075355326524979433648420672487313081105
49110621400609282798676455223559231854536252429759802072928286515517337307297
103292758340081683957840129371458023066220935148052643518851863550738514283753
72447237896915728347203436805148406475096248645436304994230398613243274593879
61673950131822449226816452647579509195252839800871832074429690222704957053140
84221851821159458400031990062360277784078317132222835713292902453743323733306
58737715628921475262529624919994205640953987932284424461158312388252941177632
23867039298570782702870546213301733008841623158031922107898368121201385295063
100573789332150424484503671036466611589880244225139960985543029198926532963639
95686885077729815892799083166302657902907476467960442948788946956302674310577
14884613838856634928074083413743858012437983022650888267649744195388257137892
39129683770379864297825353737777007776043722496033847949250055128301484429066
74953167564195281068020369055189577695117381110998349458981807754799101648668
84716616016021528466207083357629914567490401894157887847558347871024155298212
115052055625279904685152723105092988859495425484840931419589612033051496407785
6694992639360723237498070539787708797366751937299132100042006965809825732489
29554498820337609702050016676176101207907484359495621518220094222698356765393
6323062980927618230849676774971751604454016947391774490741560248433458997887
74619434290120270852350008226136274054617803555490557907356823764067318024022
22677336003849352404998863798340639489675762414050475684403829277514517771318
58169017644237604178186341462731323192998152703315731204869636345121515958823
40762099470814353709770923460871445826554491737985260379950771581400185953948
8675699308435890488040173324204068204536063463811004703584426645590806671470
14175985368244991863844503390703086209704069699050274518132316948880450940083
109148041247817544264771236533820566224168897408854751416374912826431876592373
76839256534358901879177981103438932846894359854173916290112050075739454434096
51756000261365021015642322866507173956457956501596502681561579693804973781071
54769157685789800204122560071875062871462828802913495428222910466441958759372
81214020166123994128545707798505642005507220154267296903506292431182465037294
93126773734149466133876369161604424112103368609791314518633311209659251114479
29018841922654934191147303471223853215503646298123381805998881501636717150810
113553278307747949484481532225308337674163265872511985277108262459159294947838
9193102851595561796106788227159763277244061088250454794978356754410614334682
53282643497144203571284874259509713218946800187211309350994962657045769353674
11885825516401435522563448578764213959829699455320114418728809602251019049838
99614938638413919466939285049746941326005223606941205614844752207913603703751
33432243092948037456859216004594951350055297564423082307277985787814555934604
114006734804217143359123113626476940026800948937900700009469067651221703954843
75916218056640578577158874228197838930575463495598677154291918184994082205882
94986632782653115847387313749374831173412439790062582739279121732880858361688
9925989137154457802329956320346942426797880800375548095479438628776241058849
61892630104034418585176768768399138349252076151927033070975686386551844404691
67941038568178088580226817657394881846518987522037595137639796551270129573780
115754110590694391714016001923376327429291134044944495070839771729228754470040
27146837651398684672160611274361577456092126549894198969095549972282365880159
104797388524676667285729777616724833543457871885654717685258453542265975818340
60953269143002432268651296197972990473121931769212585641982672916764059907823
89446287079850499538419642918583578670354282319800475426508209774584935279830
84087748811812830788213411659224487722010656371281489912623072468316453828356
48582975973233812757950101342629713250419458382352353965324643478973582013015
44064204843099163654412607848637847685741208272130437399437484329832404508871
83125233654735053466872765815286129951325944943516059902026493741528407128907
86507611585418131633655168224614993620066563980492952144256340247952761884256
33097494568032977787896440580864490347867797716613925985490365925880942891004
52126711137885067792072300111336435686652669220734143641667501149424900704740
5196102180903753678196461018216863139499377051730646497120523571363879403923
22907326401625181340422305569220423885880592633803884389219796757941571077324
88211799191803688329037225533217863020566301149069273602770902116895639452100
86180034333706507041680383687118771127480063624404707728995615093122012595185
20030154124934633007758284132775751181512559394106609014079671045054873906663
84408233366024886918450754666753028118377353825965222249434523540011391728380
36242047396082815482026632757748816606819121726651550025239119742354192634753
93631292270141629755829740123208564420246314553792406545422480420266876334533
21202970206458944685509671810325535696245588571839349990408383570499653800376
115040879552511309176802250942758713147559014157425020598977366812126806146995
8023420501733635123031169064628143960366767073761824058786346886828262440889
73526766209928238702340361160443623012099500412451316428420734307751999420487
54632405511828474389766277022912122335674796658052959730445447057571855603353
100070053511269679371033213736707471821698580578911093808905899938545879333892
101419950467650833556427133604991227288855919424782666189275086236709058667029
80462570473545385536910046684373254305241031569698363524266821827999644027629
47686713541117453222922892383136018405152194559222468448799659230506954420155
1455157850026906985862948469099557891136389543133137879287743605290710853699
63769546188958388646417913842350758112174505270684030769416128716196012647085
54398492643244528552440528602687603503414966673920524790228747305595369097289
85231086708696917719303987756307674076182769118708275192504987389608163045375
16107708313709830588007032568430687140446406359452429027942460859125124834488
98680849930816596383018036255317087939350197454000584628698812174784796583219
96183866666847623092705130981515140535478445166245022634209465346570146787968
72469170928390156531295183054862423441034614836991156190203677487371305060836
87979498454333869663305575001027087671766804869860752882224957536131683981026
48002556790898073604802564569263752895641454471079046561166965112217080330290
67546636542419371518036091307483655943460883110418748854953726426958762289791
105399642481763987221127033540670187922932150326098322407552359191631900081283
46980360569942170922073329045951719744750129630715290982371392328708756626788
69385026545194466764044895714455651479497524857422325275061048400472649047100
92547452383306573699230360608007431256795527475246849782105580955494561097611
2275047470571053746126226034358790610057936193058595422235052283223745194925
87880669534144906464369812512134947765449392060774792979651023365626729834666
112565049963246291165887769429769260958054810514842103844614977717996647351262
66516435739479104621529746453994603447430607184332002486397774164308154760055
100492587003576475052721754162219645070222149787242222458839625009622012118997
97576663388789001079424337410926677125761361057888570207464721866463926460172
79243598460864109238913388522438747935456484178526822796762208149949065549582
82092020136777208735815781534858456947534366164953154344357699609224912040455
86336970133438861474145295265391592544655575690629504005693617358111921115130
109333800708571673464822289023115425551230506040279491629401632840921125126197
33853446178277595463410276412887905675409155555147481999828455481271484879402
6817272619319854151485520689221995108176388029054536783836758587027406016225
57711084659648389145257669837157349700903740478645893410783853200144377077376
92455212791377160628369302716704939526858445576769084714771329063766590817169
106265060945647479224729834405545568792594372046685595531389609854893127094938
75988668268803516064130544875434932427327951160260240202497476377464612236626
110703025553201410920134480420845355235607123101930927673165482922015369305036
36089539684355686245807781850376264750409413591224043265259146217122052807889
41719437228550436721874927560009544323541645520559073773649749054254360494586
101650915910127657377650097709560576608676255119259182546744771285280175842739
28444171346582926963284857122404195622607869260212981612607562917301365410854
25900706754220235809944642677737870635454863771813938009040333085478697488515
48983987936298358024958105181444089948220633254252086159411041423434978911477
18905083363792885304256497440273805938779046532736250882638709055861080767333
86375041568934311956394434032876664905947096348518551722142944514217307351823
91123443814892435071477945052528567757285319729105314699193363430007403457957
10980998881986612957485625292648255815826339863825237893733387145005064078892
89155214447492883099181980889988656796027969133797054030954839335474362325844
70377284683248278436191330764586588067826726654396681365338882957218883832809
115141805438978594073646858941250832413339029260237199113872297225328058671355
86123187856771727537538784533639492243285739527440104415295565710975496099288
95135420893057629106822849607384848465805788211205124163236110359598193483678
28139410555467189579350385280471003820784766138327315227925835324742752718819
43367565889100316472849343809140670426582541491252522394209154802381807347235
35103233571281126845216992956180523145960737219877955463707875187107895338045
47091801725525032261323662792175054999079264709317779738998137942738060217594
46975488693772137030722767374046563653375433595830479273081530839103033116436
102736474816128236650108994740661767890832797113916108244256411132011298275167
81160682170997514421547422432266036737714931885889733097825674543613302735181
64744661913320043488557627656348833447192379370971063424026769505960411998944
68768233810549677631200547101976795578561683294822890867121300602056387226439
103783144901817904414779921375072896588260028592159427874382479687168182003366
56781336776131843128576917927353859914107945978365780889785691762731934665473
57655462592880208630844278441318205670165680895101629218505603197805780871247
86952363454689698454721279593897635452761833332769867454699779777667217628131
90423562835748983940159924484082806590200295451197023771348981592065647078052
47233777881934235307179570138215891798117503143501759618341481830285629717594
65040251469361593405310644115247433838528858869127457670128150527366099083532
103828850277408628558393540294614276443731100157558564698218244947727766324843
43028766982384788857285501355252411153968051736891301631367663482248599153129
47579093915073527239991164193549245507130795382818360315863415326323345913468
41489741235992266842391357382923406376954092227060071659552019959786376201485
101884138114536159470669922098782137409872531720788828770243434288467514112212
93077669977858833839542144051883983165258442711133132783331244834987325643830
103200430276690075556655117154745249466767099135394954535576876704005801868905
37552306451453208287495081218950016357240107442723719721269551095184947839863
82594153014182493188930269794931130550079674357868177599779939028730931650914
481197076174455209211803312233925605058133049109967139224353353070418451087
7239006277600648605197043528720370884520683261595414251779035581441310883533
72188404305410261250750378470791286768296099964181902526021186143876202413154
97267560935180065691015867834460504829961259801182413284454392046567465866411
99807813866396622058762499367875175710484442625742391060403733104379682359110
8807993515967709320067238956988497897079504417001621824384917240774702847786
723099025253053513492518280677288819974963035139285467712984643682502599765
92840772057899989303978596719304287203944694803621226442584787860456733627412
49295557328257822455217078779431766507383707915726922220988930191389465556436
11105287445090492011721882014751200221118103451173659723429008686564785270613
89633851593912340648072772371945380785020748094480787468083468929322931208796
105512309904913127817162341486113888209784514109857942283275472498149278740573
55806839495394533599380858048518321181489063481813848253480397688144740322252
114287742152804934228785013281055258055292519863355120427320386248134658756842
22284774485817348775922806160989459191487670476057722857090978389018902694848
63487792358401692258968983129298927482804390650674740984977315928568098769388
59346340585262444234862185335207979517103282653669560343171614871890619697200
19615307033490798730763157720655335331424216153127655810894746725040978432973
83077615373289819477943584560256236606732632631087736340270007598879851283253
26106870184484312253938976862756053344825895285775672659236416550406755893949
6531291460991653979737490464364271597850576492847802408263883626821972175759
50476166834973822062853602574680808861068239885960833086452820188926984728058
34503929930425226029999685699322560780471295874676979012547161924083083402683
68845898633390482143215981987549746584544444223447156671096992370167510111693
726898148869557129021141706894854835545678395454424322898776864713957290827
56854168540592932260279176964925115107462451613502348574473580333006577648301
31826276098959648032680171729345384495297636733682158550583282455056336728673
38031569602709155611187378576309245241878098216516125452412630456588316247156
33478317878834510015820907206010418954998672209880098433632533185050105823540
110369404321205473844002001864793156667599461864815491294118915585396374108928
77972104148542813666796608898529287116108736358720131779348538715217087906881
14982663536687204739790254944994123766211968531077865244466982186820752905614
10858174440792946970441885325637154768043341886565317388566404185372128819324
86691634830919055720313944043489923698627933527126638452477103610273925389501
64102863356740450461001230651187291559967908299486163784019473185771329693276
95077848585365032701427999378096145924436333640287897285249490521194534183930
5524586393626624672573092384524879989968240950060399640693341515899691325132
9853611855264267221120047501714656326695836818982840143348802357005790601858
98095039104259650087141947491998218414921612176488069760778637995085018345504
107007450843849486915355236949308094192714465846920893057787902367741615363724
26838954480407144205378199560099300792938309570996641558901081873522613278080
60610414516988284557422131471251333246325237077599489918985867017938298675301
20536515809329778175564793501676773463871344429721667282753196088015768961459
102830462406850089827758050013351046367551419242859133835273465100634911882453
104865901811822167038300987983222541545780108200989326407475491504695708726391
15463773467166412199038172106749098574770252725623510111192373338325274815457
82384308895529553041088930324710295846361481588044347991652996235481057386839
97144757456976742934434752673245164002861908384719528783217469021589115964449
36256529946824514940416275823277040123738364674815804198250938007296172709530
79598157162590695323059492214160245024482438244814543325258194042620621863898
34900107625128991390855753480112311324103975930998719898619762599152144335923
65567452364428006855917192390368703359930610461113320820399094882823561780921
102675974345013120096775989644072163379450008734575213978673522559963666385413
66292711034334736253007400021722399074680311114275159505934269371825489382879
73542873595151579123475649666530087883382538177308268106398683197524285612403
86931367454341637625641169544543226343668901057583037966069341103092764059839
48129408699881079604399573108061130440341610673774121301509532738347177417697
6786452212256458222902457214383175472774206413213245555683502545372555828868
94654571010744160003666949370003065954762985714947945842602359470123107192869
35474970920300430939658358154223448658260075130254888746171744343482097380269
53028756736933748772353011123208130856974670932164426299650803188720366638819
88517905863213125500589425347181620655228620976911756025547414209630861996694
73574776061970149356976920264991057453578530799789039662449035973768469181227
87369847708758798735954032158187459938393777696893907023166793640664360024388
61799294106724621286195535482570254946222628076493484840370917827505048505628
107789445398846221386442784228365058393293858801456487215364724987618741732444
22318169985479229171433796624295674851568299573897381305134250463102961705174
111068893864804982110554378071085940551921510534991268347921695023577714209295
83437425496870863339113177578439699795985590336096404138811393251629133196082
53801110289275147699413086985768465552637590559381892402973768116624642507782
64171454700094622233821076663653968809146096700010987747022664756515553043627
72664547064958072401900254075420847736384822827217190170516028123176626944394
46859822840654230967388812831106518564263578947468575220453341996922504880081
70200127820890490761010461151593524852595893802898114359493941844722973354406
97019518745112537442012076814748150745882913745897947660463612949436182753148
69735949229095270355246201201957494515094967055492618368352611549862138735365
79117899383059116216436429619435234554932814622602169402763675796096113300919
74151417120249558927476931406365856900549193364711393369659874366206517683563
14089935099040526825235577906199883211851645647706249697726040302731197318090
56963735521030076141251327947998395227612099885258710137471150420855669736038
24874074398463025686750192857175572404665415286005891606794291351004736991064
111877732782540137895835019990876263246557762295460921380936946537014441865799
112112338250411282660246216547930302204466842890084631693263374317700534894744
13831650966529679865334555338096147786019065532116992738951457317790564476153
42596895688216640366872800438714159942425702083235776411863092885911339523880
110976424231843641750611175903589701781329742243932580415515135060437759576909
106001809829740922759965119627204679587431141994810713659818742508665594626344
80345374882995709643872937756971873615155925531008215178016371614061070254779
54948639998848478483960589819701412207377019421004485929970704221514186683621
6749135482816877217298170165848204698159933076140018166622223243283915310345
25954132161562250019537804543345119125498688995059386147143235721087192049727
10933687012875271171113138716758301661122747521594602460311699460815340738679
5188775138806045155196977578537465779089630689568620019401696259906289734339
29997958415611688027821365719766222546562134649451194181085684853422677311423
20968651389063110143807937670155288567707118187524648466791305393026498926287
49810523049312899874491413613104983082932543409424320937802639813922039922604
41223391091144367052012260222368716217266625048775147411779836549298626642515
50927534583757980617986762863244457350686866872574404702815516728945146771705
87480093233298350438111429918493271192881813318369605110689062542535385942578
41149449840659796094157729344209183322586819581252572705206705353470569695485
12823015641440347096933040335019280288509057220928135158350778410821130017043
7699847452623115027005618661108038694252732758324339781837335541043275525170
92376371189731379674314920692204185313789440044306355975910657118422226428807
87903113400573462339562308960282303879510536989033244558780309525694342823101
62000935637540503143233809662169110303254044132461298983559811987152153161150
23681351948602202776244656720273599492030059671769053751007935793568876735353
3808037160823742898171198118794200837779420869027169452906419826065876994902
78680436362290391232928165069493835678132647276115409998978251170459132347369
57534176642526343751966742595163011194854739573403357064161676384647287803001
77633539836190127863597510501707971357256808326993106096636090237190401418110
81073006366397815163136250257396869439621482455341626089362295000906148792223
4961354379922969339251047926432335476564650223453189406053786587745864620831
42760215679443784834665924175430535394422114441691238773215633545713419546829
69517025457256517285337963383677062630671534188452939591639148838484031340895
54988393941068358218097945130220182134891383279946298568544554737927021029610
58800854772165293415021042658326523249272487279254902978780958848494832894131
109930587375193033006725118323434809097926059397497786519136513022228342197193
30393584839537145107403469940330402864026084896927434214201725796833185696050
5448560004588871119454015886636155126323409035355478582630079456279804226830
24899292708880391542083472948007239445222290305128595940931506379118922071460
71400790808799073011825706272126665941972406572029317926042818302197546759728
1057094359556806960512870137267394556219804831221432100910780441601126786479
96816681758885510043085327947106570773745333228823533046613213059346654584810
14273371176433322334697550176681635410007127408713695536160194009673964822663
25029374180565528174251637045077968963913758798805151611942709416883930885095
3083860148651632477894687442204561587262571301364963165660522649543573071494
113132214464817609930799514439633250332324413481039028483276564531361170442602
84583506701182356407401089332840270405410665892710892351525818294059560216720
67039897746625804976080380984491714078665020105305142274672400126555723982690
100962861131543418369278914432675724746764108355923993781166010541575171593733
87233321239397607928755146951335384697716256463414978532132949880179913281252
84858035711273378020532712489881001645284946004725413377919765377843751803301
47297091950333678821743634915864699916557158873103975891946628049748467959114
66615940521200587550794719425022270909905018034889887279273825246168685985278
100910602218757976186113479724830223921313674407721058640921623884491201052384
94249465956640162255151845459655772682097219118441680237974532364884590282842
83700841270338291074196397998023021758408896734801327244948212756920855249118
51806799417248839838860905024533167649033428563790276680178026521184224653128
58400605514972976808073718019868029241194537953162361029543714533682989718030
85027831188184067689124684577975181409709394841543246023003011839478372873533
104037711772113794037288008870221746100318290998918011418314808604449475889962
84940221896362749679368010385785971129475738544325652673097284607267118014686
7682408058031298042711887843818442170596659561844550854545688548627007413885
26082837814815280505788019338264553606504357961926681092713693814743533441855
70563043447466117724907634853650838261991063476404652718636686101328821663770
80582219433016717329345365647929301267864668660581100356356575035474516874743
73645375552750770112629808286314919432557619732907374849705312581005017047725
70329904733435056910808626266594456370027596011279510127699441689663299958889
94458233425976774443929172000898471345440743917765996793278725827595709417349
53726705373144264468793590300332232563793900296375682303359971041828408942677
18048685802485430076051244865132302570570390295716514057439056614268383238723
13611369936500922763207277291442048091025293038055931922777328486664985764256
12071776523291348554334409142268891505254558163806722389522903026048266897673
22932291797323170209634700843800229537467185065451230069929657330044258329944
66596637980132910752031501011428187176043473438383784145916029921264334006244
4106932462068563763578581457830865871158237855360030543742920400982606341685
21370445618721070590929140664661571961263383554028401840044054245624011431434
45893744125186520197933057064964875252887223657267810046427671298788777824092
38167298221074510983673635316787839434548901561121938336716603488514068319392
5644260406136286999682072710112342219924153183588333077940292249712770653383
38601718843621846563568936198421711937114251686953099291650267934294504179499
80984947495253862854882505977963102151939073417583371620741482332966784162005
19653749312626561541774839011692568780053249388868780462859867809744013386104
70103931878207247948055377143218598548538210696217065024446500456545439177157
69233632545257450932131020812964838045734860166857759513776298648360829109508
15981069639117249121604323910484006329253440401430816046227876886405239623799
105739918035548272238571580802535687847612690128704199119738231914572519213728
44835247467318246591257239784147937638945483249588372736148125853163118385394
28400711264516917983795537722950528686423122309844223778066390366808437655108
79575241028655893266232829786604808059628845642763007923103543436533277673165
64489382388051356963042608918633392895415168257992750637136458751401257342161
45194568795866052792461177260788223158115352221830847915255587686827137327561
95252462369514656269360992354803331350003988602565047425135789334238401527959
91628897116800565566913931615680362267599568836232975900022106485216105706698
90232495272033881523219371841658967418891815734385111819033083159050921530181
2209318597003401884528550729604181341218266717222717100356775600076537670306
101396032195360487152754491154644457814649842649632573313758790205427018332910
5612405240174407959982274572174148274040597240451726905573465465340615333415
6437648290780921435252381553654350676294572427430272199925088994255048455001
6895519485189047262274602821760713009536323314399191462826164846533867439889
110254389964604582265994638443883425925530080451550464366824183986488414088492
2740862941322491390146837832877035381261581717882758194894573551061434739800
46596275399985134758491425575693418312613750223309010695167017520218019604418
26433272149370567210416960220094248217062787744854762542141338669816807451345
104305358004076765524921050937010893580719654086355233544051443832425634516866
35224673125087283349796059124064455398562332063306228585836698208711329718135
72015094777750233639269548008481280697533782273838272276952433423097041938440
42901780981738230377167215641214981822207387809418876697618007069076237712856
17108183820302092742786339818038536806471223128094221542440990523960669315189
58319385530733440925249805126568373186410793610482618103608255821199597363234
98251710388766936981314329605604569318056107125090490826504341298455394696736
35808997247748099128503722423775774109552752307762858982563390021865171394659
7683280642956347400165820834620677517280640889603398136380037212950698031855
27713603065180669223899177413470081150566615469631817069276488656348441402368
248714735985465685997997774415914145405213208542094465060964221493808905820
29686961557081665708881503520075481736164523761173153198018171453285943868523
84134002220479299121149162713694506135412175096662293898702843668336916746759
52681032453040846634297676686270427261009158955984656031683664750398020055406
98945640062154160792067818917884264476459074112679251265957943217662966813109
82814813561217538611439697221615233367582656103613426542958919065446081938630
76210307412918361987087655040111172339165091934438316748278825156012775852219
56588757738242425439497838979696724684270323761368036822006233240058876748109
11562750990470164658242093782701622877811566824545589206001638407342173891360
14376706651461979878826314204112606077004966407088511409274817473039439128721
110477112674056081223505492436182877430256127434145114925043370671318678644954
25528534442285060888339480070141002264423848744654130118562579484624948233483
55467079242517195565025380732885228338115148989099668419310254870018114762020
93118855704076915688235614033315865642436604061986546803850866232521997494997
56421367900918202670828804177106350154939172683495513803215920545812495914563
107599703333127657788242640986531371011066608909652781454667841289173109365336
60597786217924497404788218510790933818783578957236974328787668454808483272441
94824825868239724810871444193062251032818371728084936986066201834163810665711
15400682864413699791593874728335713343020710422743565031831307062684679709481
77454369725085047115161818832074279070842151250589638135321620576109450702323
104318225341446586936891855507746179005597487670263912885928634076277472753302
21927390720286551283548433810360506871501837701298072917851464715718542023274
39763664020643000534544271987623743078914901464319861900567547897016791000891
40509086245392489262664453425932214402541540121362568193311850718419922041337
1262688385268103866141649826168352001625154062274071830336993032338622854397
68757185038626574346071641432594948409519534798690485071439822653715620236216
65260348672295919161021547667657890986564115162340811146344055005504884213363
39827342634439289318815631788864636499367998282139549919784100327883971049261
53429119399211428352998977497265424919818618293252369986431224168794253858042
38627733417713987614640261228081601887468093976953527302303211313102475731884
68623712197159331082798676923317451659434442622367880005854399900754350968524
33596585819024264964598867302625556298986256766969181354725983096164328378798
32884322264724379746956526333689344779705466972491661160348349871868473163244
5925197540949115255256846118548938529100322715538120517250896063646272754024
41698431321635789266694161492038002304182750106093972700785446928926785230498
56574077920775540426946138045394561669051807117349341277547672640511043084741
107179916482353138733513398529944377441069708830979263413967679289172197828529
57527615439357849526040716296696099860487944408592429145286907627269957484656
5901002386306302022862472103345394123501989749356923935398810882432578072804
53252460648647869432022904424761269918875144975483658302911287012487826183013
91676898330663248011085165299441924899027183355767759673449850264557408904817
110142312676420633498424741322289162755236583356452224138629178809315493250758
19844505461367629712719806678862779873761582281057143030829612421872450737713
102054581913958035366868424785653107014749405269869950889910113813853363477585
32991304506730470974579018218668074672840560811835063921481377103160214293726
71066792909667501272152583777844139192806270729145467256939371650691979121126
4027072860749537868920436342928313468221781147016549798169512312786150863640
49904796315101481174250583629106248440342980786401249803775366716091410959039
22061915847519170020789617232897477928268951674838658458209974505306230686866
45486660137798554645338141092266694248877249781081815581758192212713976631505
108254131485066719168332903913056049369211202352119181487262935550775685705059
69129552832684955207202383764299324246318065599233340078900753499615882321746
78620368376464018776337235770522971292264148187074726046813537079881278616396
12975820304393078325748224492451977325981069970893484599515019626157745343149
67432744011498238789414542493660858145119274106114247512789629029705246401800
86776359411860935311458320708560401358823634051766207095212043977162665525668
84866761022472860118203753743567018288371904008381182112034536349970514701706
23402474703788581253387666845043430913455756565535896108704864869399771476761
98798925004460615902757738732251437257121905107163564457064606791971772488306
3547264865531776945026691932858379716594221019031890362994650760669949714046
90225559356837758754705735110606944820743958742583053735993689349243166552397
9478722196460424496582586248491263666495583282486778389467830693415611252103
102241571597436104744606838847198748170589307604378036523625266364187790780330
13816151651305527340364090698404279906745959932194952554227502630340898661229
93444760119145548117152918561000988251613892215823937099700252527296512805775
66977394896200758335160609695852780232901820415123147391268990560401639570501
50421388774775068813028996179461361468439497245803375689072015936376950639872
35654147745154416581953052687830513023651274618131402641075117313448951600326
84803067273852036082239458220890204367129427186856660148323077722770494900294
87339271121328370292282566877671298379779708122636343398776394788889359787845
31150313743459588176611441685805563544592434451675520610765436290608381079643
25307142036871932083855740794708019695517545508000878995758245268561139229381
45384613869818764735788901813888891190151317873774375202202048147244028691011
102639559289165873508843690171485534319949798843104231032751436805949009124926
83892128674387860505014019728193267973758311134532894254341398995684395340790
80786581460440908114628263721222668739745284892929897161330956589274525441369
8667544277643219067754511014326643867696940799125858602048123178010899464905
17121686228756619890759175232855094397612272034224167944811580123173724297935
13138413587562081852540465078516991349794263475198711131979583062057535551786
14253965637910122198734659416364930673786032537741240524730474895926520694630
35224127539311909312550606172185606120104294182817195347392238067185306805596
13686982273545994404226981047222725392658098460933528499572426195518087926847
17612700622575908947384143488350379298181257710033603839093326829556999984033
109950086803822073455573945522734649038752003989531586727080298170997807431302
45861793594553370517422250416716951485754326240029143447241651611662717588374
101186368376318753160124327000654024755192661668098679685925991202407888809120
25330543991216370952752151616207999285847201268091476999846973588855992399266
44011593747536939333498826621736359987902478952571150359642452494785822652201
103874231541584563944146275560930519170931735883187463458467347999583902451656
44494882322459471768450800164656081342134414873690041325060126883175990119349
43661190577650053125609108278742111199729501767890378211973752615986491641433
7394101737332894354481325725188589568389083722228616876520793444728242756152
34742069735426504915946558930811316542463390654050468835705842016400340436320
18495238959215090145433232645129909307457557237394885303115894832011083685332
18178035965610437355238415205210437344126091482842603070529927544171627906955
5025621877104823923000001367612790807167794853688554517139370564168476425238
109556581201137680158831081251081938886127966128725800532308059323774909677250
60525702688385827945681604181379095108322624104600037582500965239045254163343
44836164433623434606611098590903745344505896386453877478050040432975121006783
107048825096396115972546550138220620544308194595325511010106503068398262815156
107797958837733159867298186855404396303480777512266075714862037160875223412970
51914286883432681085312893054861077898776724576808551394620533730756512252313
26541514163446348229601130461663775332630675768013930495402949257331053289488
81027290315428778564567481772444754383291507786751792972019453759526792284104
84564688352899603672099301468921757109773923233982285569915046325235413751722
8975986820759188855852615205304027262790113189266007979767556652116081313008
54231664871254554296616698330251171372644916779366460148565955291732861061057
46470421469600624010225372728343069253804776249903820967986271790629967101220
29830246334030261650938173128123701109299046327056670738692181628209742107908
78026170232214999054835265950552161259836758490829160076015732682756437217010
35976879889114193467051185072370342992937801709535818422361285276051222621529
30538791192078377698905676756949950973979444667334622227772201565149326610035
113270996963714497553327425780313418173667770230179262464309046578806446392940
75542653053021570053926907183834047347208928492454045484466419552440186400708
79151917910960686506158042023234687114255679275575600766919245280041778714673
81127306629696421752513671123556592286963494847112254751272814207507976406771
108507591632796815787140207872302292037265796461885098169617223019678432856431
58506091821520639491805207555042277979845066770051348322845117318018969313092
55074864893555535447844770999668651281929972627046558952551061337884920629139
84349164177774088205857166846595526617838335924230709665073535025784458208607
71434521655382505038109874471381724898320374100681462922545986517069437757734
72664897609504004437941696133498182286174054325870130463176119334203589830608
54114031646819314405657834740127425674414984600095337125489516799050374753106
95851163866581425453807264549224735334334986082241742649471284515670532605247
14510439763404754739521070217609559021397579787325360854499557436384680864888
64540148033225987110125925143131545920691754201800410283312248718435880645724
110852678022106476183426083494719905157970664549194480115931451343650898005710
45959494040945024555200554024244137414984476117461010591952214575663601781804
15428247998337144368104336167554213313943843813248394129396528901148114815578
100254290686317246395223820440825299502269358645684888164574431374453921783357
52152734542511742011462575016718546189510430427451813608309261446730115538434
102733309684775995229426095489582051386619656998874614372083558736516026243133
61674643379018088642268185592268191162530894696636311184854277984455519172565
20650179026782027973456118598077969416304281497217163129437762715897135820270
112966496414105483394335581225151144859086151833046571981436702088584467528382
37057111545268105132211098328208713482483748778252036762583127639426040887885
112476722279129028786126708291731450168079409222662102657657729347664324008718
100639171784528547641634378408527714178541941312616645960530757373273313644449
110959527836793784101375327421763879301224144718695658592111204836216636396094
60697791014885952319723401684651896508527847579419997272564173251844207208193
64848742571866748449293252216860574833819809330955891981020700185912343478691
109851492442828351547691850541304846491979820560090313441532942486685830715487
100709284136270667641238883228968783220035633219773678095743325447398573106732
55283940189805302824347555624360414349516924541475106155757324700596176737474
94069243204292271978174091929862154554145621434847814893411360876587804468860
3216453653191067142751294485877093058974760377121574697917324131230644259783
70880029037024955230245098701090346969573956882810054047165921992643238302432
45599941330085148025716007476859524270926256174083076609458216200187326120351
80693794549114500303409095741559733983603559983395741631418456367485383659678
55864256288016922429943465010839965680895833825596176672513364455791145334001
84809543212824685460039237389312146213409337490834446759970989561440568400176
39614737251522027203166524838754832345256326697420839724410214809037542594983
115433558719410622403652881848295181695950045537852481212983546493720435330778
84129017580271712282045025919606476012760215249602198531604213014122235580643
48424286071560028667438443087524879907160094523861496562415336867896284234648
61542473674337171501750373323418494525569812091621573319194437989631361563113
100207004176129639975838083696003449979604300233123965323203272136386304952256
15924395310091032498605680391483485344247824974423183672600053681736906320408
27718086855448938184618069897070364907253347055128418832572356293629978539846
41617304675722268148630340271318559503116945202540995211978027148611964350447
23739524474963888173135863897722482883957476248127743423390128758178377220052
72358370445496206721934879420171037682516233128021710576980291211235004274600
29287627580444068287278464241362043871232963114726051040776897174980604784869
100935347682064706447092677419340518295284379905611942503263924470322559618869
15924179835875386677960106539152951608436788165337354919844388349062873504234
34634809799685838771978863534006175403050335514899840163803093149748486311337
34037823960949519544306210560037500672609776913318003868830743246097030592722
65719875871501027914496005075139061617726929612638365945123904885057925911530
45286797724025379585027971302005165949388028219310026420929618124660420378809
79954820447664593619571342729528323716861388754027815096772072324116082972248
30096007971355991791922831595717810932973200494059479361608123273289519787502
90898627210566594795253985279561201452361368325084993403430449680159440686427
89684996650277366366620826311209178789670187673215640479596748693702596524191
44486660746303874525608628747487936157493001957871325737980855836926029053342
15648943446711599725529833374385452516628248687086975145929576779419425850512
107450835800208616082366348241750208344164773899631959900110533578334894710656
36874351321958790091664472672606041622937918778485051941751099859687026427914
22007811619995161369250688847992491548939908004191820051320389296343649504154
105931497098529559692862403231589575999407630213385329752635835890668747449070
89892916080355871247987111338331501382582896704145559227509620250325475693184
24117879976570968337855499364920677331602606783204190627734779199887508104650
13327190747915636211912518082442552551411662777084277977975549641205223696965
36491572892885231567236701922026024570604559533642584659993154882953814927046
51086829815130290706385904177777181536545016158547023754333880846816035782281
72910895947281620762829124858577371147175994808085591264476097439127213917023
95797953352330084015382063682308613034828064252368014139027444454824300351790
22376697509475562538011341076113346427444281918620151049061091990867543492535
94595259996534366636264426325384757897899909873883678132144558899304975074823
30595072543576739272092820897456630018291601568582239277073197792012078256532
93640519369944833447189320708561704571806135366317439869953383451350138070590
41577231807518658800344354323310832580314096918788015223878788267924100286709
6261151996468440395545440824855662451472764989496530054792867725070636288881
63670908118971470547184537551376041649941793308475062592789988615653322275557
60205276879729889478754432860577178079613610895169953356081653706748044759975
77821229079017277626849986159981360368822264729005879372543979495358873639758
7757587519348661704616137574793820431867207647174917665364268838510274228113
37165502552841222039355689611369412507368091611362720086662178810773928323804
46093664261896061100973016763428627527458149809336137085012043511409447939985
47684871182570559471129150993902243037648820164918254946004246652916781510907
73608505304586639325058070225168832927013205475058279942274939026175886351726
30858921687806534803539123357059158808229818967209742274505254163582476800772
39068426922927052825221683061920078881724634631949020900080456246247951609
101168604226168789718387009613992137241497043560555487580686742100807165355468
48754863903576093665843650719166522606448534147630650504501745605932409616317
31378852782360400756991832653750880285078052350243111643504627098506292214278
19949517366523927276294770424400362468367826432855961606006346397835850877225
110943697778671735416531532362211023000997313817484737171752097580811996809880
35153798508127294722253109289174580213795207633426744489194279726053707415152
50176994976684709168598568759306062968266140439545152436217660053948883805744
76569861199620723910825318830721414214493669128511364830587870513247714514113
22901132995349149977642903838520069430326993058060531262516726932626805609177
12980373972474703263301389033125915325600404301759192776840810432558129265865
76340795676941091974900858619818548585890314952576487347065287095486536590015
101027425145448959449075467799850280398775756340366051014674912109300164005173
89875554815841936515259967925066344595970309741960506959930683215628292162896
1850744437704877206811598209458342624990897629627999916731126777636740198891
113866859457759926580998216096216538887199401173020504746561652134624336796721
70330027305169759136663913521739199103689888409421842530399950443544000014206
42705495413418127267771047706897180048595880229778514188597130068243953218911
96325514026568939662321059762664609942344818217539080219130961821200640978153
82098204121271264692570168712395332651203691928243465626503843662331562471063
108075539199463129172789866026824203782805930228523662905438500642038526230865
81280302853300946564611460657604139671619850709870321739235230238764942678653
65623429389914706117450813621379659169536700908785477090238854002052844176208
68227584403528796632624673637350738126167404494398971443232871696592694917310
72801264807147982167853897873169663823380415753799058064749538933240117077980
103582271624263473645446914397042213100155311193728879402029534838977158225352
107353233367161514581014507124237266930120226402649338944692624123153534914256
36025023201132117895268687217055609165646525101767451484820429823974155324156
19311181628570941469035399017001283409054737129094767057848728719559872491055
8156618499749473325058735363472824271653473183317288813913133945828913144993
106903979514176597111289528733042900661882870331175327091077716658558873684326
56467152470164906773183781409836802673520319603365821220927839130772526926173
71985870251220963722990158581788730374857701022189314712968875926808593567360
41416155172013270075519128740880436068257047204267907995546748448661851798497
41392305956429608872026639004169262318046636570870204306306174727722939453632
40661897252297160121777395918645591331181399713538276870217091113048649650606
23134592075244365785136285411669611225405149146259034636704401191133908614577
77521018644936906327389759954826046336535702419780570677937759839887801224306
81762235419902013235967478476001797537652035987550387703881244617175387586991
7966738192557334970191340281827101684773554792276804923378237226306655904990
1590378048309679843902349942187919828114608571471230983662732273571184991936
6015711664182384211244279581767192214676633671209998332047267559051235705949
32013199741302832902666823468070984072953923126144838469340869106781756456780
113737365946947952359859390873600920043373785887814131901517853283325675670431
113044838890300266325094730877244311918204863288603085048808181083805193468439
2781661865023812876570207366998969631252673716936702464466793200024196274730
34419953178615483328372187877013469723504764912589140550492292066039730243339
13380789583667839502042726532154290304228509417162974328485244598921459118878
113236437261516079682089798716597861334448554524214190870764433566898189615836
34005248336477247839114575500037474733660616675207322413395246759338112032517
86033783212716219000542639065488559153268382284436300600587510302686208247168
53963190385374087686550930302617215233002569528146068395470548796840749212998
2833310731995780105046101275027640011887954047056752569121716881211829265034
31711143897410346515999408300877802475612854300969328599410253373223907872675
20124931853335826242442503918813103304692555500711207244373352018081214458107
81299975939296607880432443499283298683477636179124740166919053830667476136380
100010414325979718476070946694998245456984537483170659099646595690229392546513
112591450831761260213818909381134727219025015675123603711885680408568762318420
24580095557859083535608144177746125459425542168422632476957706158368577618884
107627668771574329047355810940612383317621008400636121298230146294216189360978
34505626594055809122745444057688127719498189496565623743870127166162157618556
63496264137675403311561861868988253600714054474264873580660795232727421176508
30239254318555658196100960966474925438499988647751851904988517394326346823182
101769031671057817348287215185877415951530283377593653166921395068706490084130
85856703179963053476426989330049871015442751817561897223548418617531124469536
51915153367830686529905470985128392395250499808789128780289216069554321203939
4599459822184570939501299977752551553410153447306570293212722833767662722789
3539796757781378346660675033405154740654620705025961272718497359896930692567
64985046519261495819466709667226540961350835319122790385496798931865943186678
49971196339674098932851605533478233345252729558696616712109964856971411402518
14899017230300307650859597870159774812747972912787331851349832545198453152842
79097094878682946211821917872172463237936688359592444064306319846506975307868
47953282800141172156719085679000544788598383209376469058413083439646376147760
89291419900623112461546096513603515428866148261726871278687547277124392631624
43480764035412843682147551523553477507515817280535926282475564790640433611881
79090041633254630141055853882564387680040162222046422258098205343692905048454
37590338524102758153590209249327528551288873615115376022049839207181023183915
3797198944106850079868665136972228534132550762083036413618726712925981189139
15613751946766390412198679070836881085667113155198515489132992609363384340447
41126262387154876791397558970983076431713865044851444062435049765952603025863
670530447217627831784130229842522645567803097863512021802034093184034774580
80663338217750220559695425250699977004948564495088798357364693940284113089042
46909535813149100164688933907679321759901211943044563855028418305890118913659
75979390342275586183885577933072240635442680882404465784951369216805438346405
55567906556644892934852012954705611699084023544456453849876872030887129341425
93127150896166044497756536254016704236522405691890658783789012327521901222272
23536702142288389830566528229126497506969087637692363526846585340559320746988
91577557186444965128830773648226075666610620642551911050450460206341146264653
105802062237747754427222356683332576673939229529183024614341661667117909000914
4938637746087916147043955068799606909853427738879937413007935409040623334814
51754474720505485535484563890849799135986710056796455308187745293073577214601
45401750681204739526765389825006056264713040994645617737789897824439231710904
115653001969682730411561392714349364814990824549166964347668792743790213453629
111191385741749209649458782616733641128398112684468622554435455681450924579893
102494500207639877874016441058515423739474178260186101504671603628182169896745
1884426363513344027612000825061964703940551860100396466541073246801096574710
25531426881745973898574868215321160841308572010099193107280106965369778093
113685467247717459825566762527881981848349233407972156637420578292568239891565
92072563428510518983221517659785103405112295324298079283724536525174328841759
81033933496816946842065668727843023675121871979562117140122389989293573105614
43744653526999251545682138463686095439326448946032907844923435619293506441974
110943980141401259901760147878370589479751761706587892210522737133971989581848
73415723686826060315954541720250610090102698758202412676172730326765351214782
69381174663901373147635901287340904064980961664948931518423508634726673476034
105331705827495941004188491235770561740017938862755483395157236055595036681528
102382711453500331168866020249314445166808529330668162220628233834237715960230
76280559723833788424102118415697734633260649734117876395424712606642168674213
99611512903586547416319304543521542705961757484661708201784958837506011851660
102652817509580607531342320042968343574971443900592603960818250662592898933979
37003806395922560833008473182905241263314627027680502548434191331805309820536
39344925730331611787660265517531711071078624045106354825620477598343360853615
34091337900203807863187655484442031335475474544366907765286454267331399230404
63559210764607678997145473975436001106642129127604267479826239509483680588641
54355695729418294963270497886550495978356987875668025775873640700239993401416
6763000014008529543509247595827205500050503636938415314219200620180848638435
14831910965854342548637229390572357942476464270783143699520192242910641415358
103066984356712801043782830517034717399737896944355155777515711903770365112414
46335884679659406640831793975974253263805706354809006514546517051385933553503
7455476034014861879931147138071680241418744278844979593872600492678591865938
77109332579246777230353942688064408496355690843081224749373902689832533711109
106858952847042244656569737664704117285192536444162077833094197182879465867908
72747145728192086151559399771140077829003304074288126851718514787822301782694
98963024866040329555925627998588392316325221713510511424393598808999312408249
96266818163906359689869783490784756778569625243902863964933761798836475096079
59530859398886573765926505567520926083465712710836807643797827758082318482777
6949478650895393314795159468860389820080792499142533910306875446904079794005
58849565169671159567097289858176497520900624531121139239232535239966119372233
44861969383161639511716525575352756798897321215232804975450540465467472632690
47728197356188031057284457802710927068639001331822199708643344445705144916938
1310525417711873790730138312339333328766948837326197122050355055403467501226
19164039315131998474421744569492163114737546356197216568283618044593576896508
53469494009610465772001418853402165081187081926670613880964726464065068245765
11999901056749854050919463190043559843974059839478196057624721207977244347638
8935835401076051886455690716687528544146155688838773891395146466388484668786
29683616339204133290041208190659670979343425676644940707929618162079951641545
41342388687569220852918011498413937081036172542866279983416447580672182563118
85904867323197165195611572113985841024570270083057642548690187927369015134502
48482151857953595598650925933286336943800027389898501069707211942851751469659
27561845712048641297570231655596668638672043057873294794927152638140315960860
43494835908598690346542483873339278792686407781438513486016877378409599871437
49404586343524899254402056032473210431478513814542471048110299575171037565553
36201530549243059682164407938395940374066681749999028647843550571756804568543
42515611811622500804341481661915725261816058654255967970281066067766199270802
113049912058172734008358819676637593371390589701960436961964520045843622248620
20109512468373080821818054081578462229537646765349196189383850766798174104937
54373692185765159716769047012841574521663334525831512832178958105017777540637
87163090364320225450731221884546278597622470416637842313465537740581201330627
6731124298541755505925743009920259861175152069848459061682944194537546507428
60665857043778953187892428220947517004016525014920389416354112065917377898471
98614732664492801510998250120238305571989153045713915249266730675140261551647
103928537341485919998194855972684296093147728710070007950452612833668290267557
81438209856508436545791411771788018103692337743616099099855784622410068391617
67313249829362603334891350113742692597658982728701109040575463606366368231038
23095127456748842621820287994465533992223859177844536980948918925401514707755
9819795277338555885704584270224012569982353898345259999642537015543639495868
88524168925800133803273281710624244012994782004109855983257874461704040099362
111861834713588626393803919116493915800849594922801983059284332747938798442825
110723775085844414846888667526213942744827217223848888230723296174136479874419
1707867491097474144018852503462961830814226801804123633547088351832321066713
61340022011645906732869038533680242860336950393275349281750466150342455036444
5415414270956290688398096329825318311886616445636847124800860252251341984374
66587409068297400518515089139917257029238970014113422184027006456008920829545
93878122089170563312421198037379619439285369137744929289481123697013499739222
39301411059094993121746627577495210711533180439346259848343995207519499382162
31850191130779638033747783051156859912375534234239686483136091347015853964753
96728447566596799436473317376990182371431043878563717336403652304947445577797
4295531172023041360738281677502820975814868641648029422478568561118001228694
103545384154978879872825216625053077693238984146409306159158599356990221853410
23444799965275277865583874060093016054846193530172886358647765429542442567825
8296206752140960605260080581129122269071171305369707939041962999339574092994
90670600318550502460405732439454414516564332279439111993858001764137545236177
110973674479227217594306634784600211786204212972824270593292563452187513673556
94346145792774701010091459619905276232110817427590740223134018280938330513101
12524067288658518488846328898277440535812873395022581406928227828035697711123
46325880542221594557933077449997147281703584082428819499485932591777884052318
34015383022863986858510038945687749745726270195024368450716806777288399324913
79577301691119494046900159899202662977889600198955089307055771515413107651899
60357959816625175756206509144081156190767064311494931778071292743725115744421
61484698784841027479004003960807609906674247102597375933608873343754370250705
72814270625951635913113786912088347001807003460796855964609985054145944617921
66872569324586249419598203279323146529892427236755980047487359564303619572306
50249126709219694403163142324422128116315229534401550645123477034249483940758
17332690369647210651657053825678263759173870482562856755395140971374688004052
35962045671635239521304020215916503423044297113557126481366079491291479987046
13699411733036606363038209524204223574025391004199640018120823741036627344613
102851593035116392126451369410247431241047902052046902368009848328879484579933
83151009072446735736333377561824635283876353543723716606656961408206003834681
62005478125192768848905509776161685344416494763631799941436430025337171458978
10196877091609193618255011855827652474842014569682281116282447814913792569720
13723145090272463814552839231952834193230809234433147978645986837036048634111
27922107785044881522356885143526449535024082331418012838778484213514904388097
8920086339339224780764899599589679913696218211063719487219623616980346936285
53894348446910961812149588296855323558353443891283506008033783287355142203791
90697266422254595693311927593948360818548040666563120657134871460116211028522
101438979476370705951783376215408103659664395374255438248366814106359765467803
39919875461505578831941966793430948882945021347404523142324723141446513491765
9388311252595590439448219192754906543036347882996018737941883616737853799204
80899313600842136384964627637278301962607561797924162065413361539388472701044
86752762791748348127706847961530699775482337450790298346529036319360671023812
16308679061459994094429633477193047679490545930501750681735617710630033545274
53301030969905419643757598966742399393924539976655537322825796326019434554169
114661122751485888598904313071277980283172063984860052549502648523773837602238
45390451725193959399032320837329757809927080702646310856743550005206525329499
13246099206880701556335565772164950619023471695447552759046853540303201090183
17117930992018218786643406020544820100956833480941482567363893336234208962037
95564699060028104240330815262707262648547212011776199685049259411645382437607
89179892720528999766173751410354372527263883542513821168991105635952901394127
65013717492981715890562728561248286502016144061457975799661578096264380776888
105575083518931108395729539292645063083905571794817365205626436956173975694093
66883444434096873713353898224497223752950110564073711650118026083081105527051
6495675508441165544275666169155709198870987323566576939145264580296111817041
15426673548283622829157304911904705876462815591525657668454405981183941070747
51546818986983270825636330373197660481361441639133092940139414929789831323859
63823859304945274501641609970472921716972868752335200068767679459420809765461
64894934483016847006958364929265017198525878834440299741163553128668893381014
24070231050679896796750650026627847647518552991524593641777146164922415290424
1274627711719393114764587041804876552277312872354505415154499178865876391128
26543377482385908415695997313945469712655019492200591248808629613060119067620
115017112138106579906863825469385001720570171239305630779600389004217180469089
33352187022977217388112166966739276022971880453791816337273729508730145934971
17467522351274926038170787778103329005751105713323781016342105925485205342229
32100106905966370847075315444237623611268281248785703415912735419860842399238
10411582260688309761508638683558665315953176522904275722797119910282208923091
85322545801614790128304143980909602808246582651939990031100774176238378486699
98327256169923581693321610847093774850541369958490248980713677513981264374158
29825732080162336534539574920460707208821323654274277336948133631412381057033
108849180074179606427105196369627055291031316622365759215160647214195013710333
30516170330696402945947994214914479446422145852295957482309723791872718335205
20017715092532511508320732909373969372103363805381156375557190962022268837577
38230912228270153679717820514575875953890222048756047675507887969409529117759
20941348284586621286418482768897661826825483727699824561618458915371022619382
1845875825047346924045880292802833358947088484523266111375310318900124252311
87734975250587282023135717847320581355184392868349126822016136858611379044591
90478924772629426562931971211473241126947312456929360896942892273207252259753
2631950468627360691196169609252100745406226696024296952925202170666465038607
50697934540423928856442254787160778171016691746601155332786861454850076112311
31247028154921504198345225958605509467626714684849118210688697283003223234156
97211237214413629233977622594398483428863801407750766107923509133694605114044
30348283490748581147735724085224518053082260241031831646007801844890273316993
90252240746230528374060557228110638203239290521770411216337245057771925467472
36854316411273151665563477883467353787946450910845095846136276651044379740619
18741781783312711011055467263897566996638400618592952430795489592324395706354
22221665350396977090860817102448140545801197989306589009375395206518261553940
86446420233201739974286403431956685437313604929777740359094463938210378611213
50291361035186677037730880697122999840539737941365374918081868622767944712346
89957322272917978325475739112234099536256283570558562075701026085420093337821
56787673587792662438544227146445473102980309691825097293012519680014673032357
59132244678206577845498112392551634727937495595427152705067236135925310482155
1953714321795355471412431237439298051976094979921101901931224371085811834277
8036317440559669136602971486897724365598170022339401440920709727339918105648
94270419942746749799666857894832067726541778208137286074728661508490934564771
80987209712870385053373865800011834904458076167651017068788446099846602608032
56710234482667174733661566669065178920589545605240003008610361214387913102798
57694032481022539426799008721813038764048511755617798022269920901311476211186
46532143961052706692501349388895021452244076314297801581207821694303416262382
101269577499655732994893522809713358965602225417748386776091473096929321084566
92086920465821439956374994995833533297277438195927501541427368084283597713811
14814579690710373683959552770395496585910490991410296585530136101131325253189
48344294151556517838684121381772357333511896218561757279454786620074653665964
42928500303749488896588883594222269093492103388657172751781647410593349835698
37147239720088202955143009171131573505671633938205157644148904857785105016038
47888284177508374526240293086795543673785166932860877827168642130822599167424
36065574810113580091239409952250540729573807189224009118858015615865770077048
49944831498611616514863601082040539830000257747574626712437232371774428539643
97625585149798329256951017587116588465374438142964462852279499460489164665041
82450217441671323634844068921800497097103695241281564468003688387932540728343
80479730431335225216243085788652413505204525570198847809554608157543010211941
29677182663139581123928653991682631126660464059148938479777157441326330876586
60994171334171462999054503382171297139374515832531407059923010145446895400179
114140300600667101346255848940972991239012637453312264112530448863544230759423
15829726687423281760415144392468420257909739255574536034007214537050819769498
80402374912838215832120245172058271539676904814776936264516844363702051681428
35452593150556336354268363673427472508151908487133234415610323736694274447673
100077607720415547911368179638896504802183565143725821956904596791310221758364
97782176706179413231640065780154312773259609896162786952729233460101357884890
72426164699301227853839864621616265648929883538580984434253893495456767637598
84846594433738246528069330906771313983548966106927541677684231308207203234480
3338403024559348073545110989594170397719620533898309704374786759275737876434
7851051653366231941268290352131059068369305637477248900448196454480737540741
97741016704055381684105076826208781011166571802769965129028210615895931142876
10821746461138193715462158151511365913581080317968287972620828284292415354519
8160566247785862408034393194438915851049654538654785246178732703687125877975
42780893367001078414253609227956286618132119506238217770616168480769367329252
13771252001604330459666859366899831292216806260734668172113127327514620828534
72720706636679247945607990024764307525279891974464616789850992376568689374353
40953485562192392004565213388929998479709789922832793718372372717862126857639
30462302044724487671926810336503036031527510329812369263545895231813920177569
45428904377447344462723407660442101383142417418010338135194050722655542735800
50926658406217711059104202397057318109611469692095669368806429046765151955143
24151541261009844101821873654402215600334572324772292312614977272641239784011
63075568213677577042905522311503453222421488384750034758172268801349915080299
72670999159621891617340843477167924261245123919574505364697209940097726879924
38877189855856207040679904676766959291125520657891679387176300294281319591855
49397281470426055215851234860702257980459371264230716765332792255094424131922
83457556203920808192356641859280398834976981073875181774930051736839534350702
64765611380102483193864822565345185627557106180514170303561050429464174085996
104393431620804926691947316323788390018742436329357622873245243820395867099898
107840634594812194820853442621947036453155179190778284844371699747041113587055
19663425041247108776299117968776487319748196153948813737907072831380442873139
110523281810243757715614089691576426002266628456413090710001352064736645897270
