75927612164154143408369371210938577508770204048407901211897624884351796406407
103963672760272546782943519861957209483171579660476002092794209415654271683535
31384544562821666099810050459855236694747710398806808353663701703535321281370
78547417946505534237194048052504549081303936830099889880485963194129331128690
34597825813634644241270417861741428187598649382875482751740893837443851281546
60176155446405920412550338452088031274662202811642665360916213160910500669888
100619089834907704239898351506582993069152367971438410429948132610113727311763
109705673477618481673431580248465042222688470161316959419617841316999152838096
41819199761193112872024053964041470711191617019567676255103473745944892928733
75693276760961559476205926424371750294218836867204421736376595461969901837222
27613268568933870542180565661098134264318530482504605551642875471462732605011
57240377561299052764328598222814308514760223126166946586495033382492584944041
110352073965036138650709177949061474576806596402754733509894488612807042795177
22551787247143783950125757435818391815204357070811238727942265991815495950791
68416013472884493285671917668450677396183356025694460959713746751127183105768
85613849582629754013331074847098583867140594588791683090075486087102299413760
10868140497212712961427583165770886133931875764579125545743391035869319326290
68540358592212106881985496743216047848172589825274318644074121165136783298749
32878769489386202800507755958532799554562858102402392202478416777456988141441
111355846793094221043519631078486746258170049916263009941746053968448845991794
91124348671374026825650461643713372041756971143360898753036913768993062621036
106562643382007304514479653146627074103067425921737022758783678142386484362037
8157786206295181496248448225808333406607262431222510418214924226346435584196
77889560891426512665466039498959357340860911811595376461273695297116489055060
83810500960268168272808803472453303930474998596294098797955350615940601612202
104580216086085603406058985043414488621315595923071175191230935545172936122958
83068582074603662313478296598491943190831806180466726523498850540511764885992
111852510050180078497224136384574718486629264415822835764350166615313164567921
23960180379841482230581125183061745985061910398483324883800386438493638873726
25744079490525646939469665528799861119796357700215374847321536982049349616484
56041055372404999194282584485538517780409755310137781844229412496821715299041
71669086765060118803301352016645091050963291042735296255448889976811106050637
101339873922940741380717405457005032888581784497601440936434726501353514474793
67110810249582850477760397255317606804111783805643174913871109317094171977663
47618316862832886613927382736670393576357729426156521641685500138657377605702
54115080482635207485146745050681925258051830953340416413966091471759746240122
31439791276565207279339173757669981412345548222911693823971463879017820948155
105665871533617627047713990383967376035377427860665610906782104957663643620885
40158326244810721442457745864339250848369712818898472224972745692791676676906
81135664208065410606792181377291250949688414602459379063351805543427869298408
66350480977740700624570484939264097516949057132765573487366951612571043001728
39067201548800337884940358341126616399082838525582666853000025611124933784698
51495198568485722108124955438815751998424106299854545919706157394350649963410
84013999758345068133901267393384154682794787810669039305775137559387642053350
14021550242148344446389140840936440464369173706441745972269611654512945151197
93576030634411692334042851368139321533964729909828910366045290880763666805161
56110345458319461132072115264333423763931806250238790426443834595590073780031
10017844014772879611925084090581019875646878043852662722178409418939370156727
932421022548104408449412744525565467914176538612028403314063986313543381699
91255825904155654280194157371823888854295748090473478600106421736040459130720
92308704440631098081619332429355660310450647667256278794573596513339420039572
107026264898819484074187596394285876031452818921440275589023921601866308745315
30525141265453530373178914928459180319136377245741960392783347205642122528235
92799059374438054258782246587462349539413489845912376190723169480598116353113
11909432509859416334817865136795893719628793123905900202720650833298801378066
60878584368127996203429995136725555220447856204708173779653250313782939830499
48670687368096178990495020745870046579044220325932926331571898010199458492032
89933473702714754765377651119791106510141205107740833232484667983592911872436
104067835490833920473494504888198669461472143832672398304802841389645596151684
104678691984106148597820680591262432541456731935218662199071393665981510553241
98952213000774569451951737656472585216522465236128564550617097051085328172519
102825131569817602235863124324908112538423033400852066478618882164289878849701
40361967364737337328972158628097524841559758173847512742755940524695119998196
106300606978772913633989797162509881560290852509432035269544863314361155610570
86469081306907657056495381319377653276268082685410113596876448591884646865156
67707413452151204136880746907410466125736893106331259427619617238797367265092
51425552074842026486102603495488386693748852260070625539907499735392681445665
8435197084023236860248143286685776251829309116272405303553141479798637251071
82672423919932038715286075412812238437602269425110385720649233713593118201885
46322414024133906538493976775945621936704990229321607809502046009054955545680
29723952968150132659372176078767337364109628528767128280946179542841492055400
57690233859314344601393764701271753603666591872432626699326916867572279897844
48998017588054017484544395375105888267635709846972054013171607927686826679626
47460971495884483953256974756724245216211316013522801770705574197439365581873
105626740412334197816254015152320931487056464172113590308101235635688089361816
52681928481513748923692539293354200694840189401936596595304978579615872310012
72901705461178619383191113757924011140753455670569904478819837065930576518149
14288998107931294104126292054717592663244797187324630807399141856748340129078
19784214228532937873836917149494667180517713423818623192989537336217818299825
110711772575734000367582738961929311382811273026519449757296365265579810850275
24353498140546712674159578410977311634731541104415597437389864710852297088332
239187355174339662137416653987940363381485233728687046957566306664159374182
95672933750016181514613697270111451687412186982688034012361841079226797670789
80219899662453819077453863190744444696058829556984010820808744574648304316236
24945623207774851783716575326420667908158416790035971523050415353658711062280
81110700777602894239196802547848809021188805564309853839131660058855651802324
27281291117615075282574017768135137600313827784364260579292020359813001210651
90152600719178273435232310468489456597394919815389904831512689569943145869717
65620339736939198900447026853385401516986462939828971444673735264291970486259
108194683822270532574520461196534989641386796801494194255601727454588017309130
106162405742233729992968714855447913354416595885739503626095970812163014193317
92225838495395683447843874419081068243949169376191177710440515183125403154730
39958604589603168917824644479815663547599751587920322840387800502624392181741
31591856900765617477750780357441601465542986978991897318897514411772854820389
78424251900569140420065179974919135883339549489606454186608672691364693626478
57024012094546803138953422683548104624759717105377644330733958756660715662044
108599345301573894065273095885767455824594767317152760963643099396448556169298
112032150250513203499903546062694186061492730787747201362068168023554505889617
83248435859710292548675205396922866730769786811765011345686960413903434737487
19851966601213913059656509494498461015084481072601373723480564144426570626098
73779981807965333500372394419777260052038302495145069855606582479852545770591
94696153714299434057380162052069402209791214551540339718202732967682561967330
58468808244500169645542544090880941704954718139067027947645890321553105944402
6512413670999327473845774447137121224309458816234579614940020775184769774594
98836302187611455711100532852695878935913839962027552718275745423915100678763
88132945430987548338155653722823487850227859814472328963478608260888890607361
67579211315987466389783751462153504011203455974697188311102193885002098310019
60716728767489871569592376276569979387405297669634780099298654598160650961441
74500609293627154915724957782720968883119398911267635536378273746813293964774
36556079348664116703864301668124463819464776431737919850946770002415928710609
80814997905045297470380290932152812777700682437104573921341371691536048985971
57021387809963599021419634754846997787305628073348751906065437397963384688827
47047836319919563558836808620887280744409936320575736211815376560566835978334
54908650951931398437768523877767574995722029194178642183032992617604029030202
38957728856587416723775737659989202246023924060665807136108879752199772332261
49865832467734348445987652668840935486962459878029081215609350642526064435275
21221597521096905562153376103956321335849657763704837223236587028776565570649
23300897914322341974483366392501296494450902459078021816477826524415117445612
53667853725600018494701092120731510087785302897443165337565513183150214860924
59360017652993465334489584864364793062919963220236912327281966188046501417321
74865650664128693358635438968361201117761209017406312381186307601704777266329
