95928591605057779546965549698681362327024786978392659360662742191610211632659
83587443610667937939496291168486272412632537119787439938309233045784343161136
1509699459978050594886667418027412761913894043806941274503767411646302639720
29200928449959832902228714237695526771834217247756530053525828718537398244403
64441266882276073652994712889597728631134388035382014704781546630760971409076
24703706431817049797600427614391415605635479618660248800446651995291077786798
32780293304880692439270896188710606793546471995453974110687172728412656166696
23447881345571509014418985735554414230787190706487861946768834397019137169020
44886420404336998049208630231120955176292976937139116558700015166321124206412
96928887865079068865328280214010970277331536722685037163185664503281026267699
85103309382621710048461799443839015264816745377686340314003480941116202746055
496061058754596819242587446759604438859943681772776864640920205764255934153
39852569110064660104427022806394723366751600233443159473611186859554346941853
4333036095637792588689901633800673227838180661031040610477632404463913012724
51351148963201399128217996532416479558945347104468442541612359020525928252380
81085685623138530886773343631635172135981329461962140728942546929657406509173
72774619971617420420325658322081133872169311518068686923181354632854994840096
73632959282652270473592410142664729126288951399362151229792041964185030843579
71978492389807794013881450718229358480920946805966103832529834083705087947916
101941716288616251790328535596013660580685510691357117401828303592522544788430
799495107925743605042505233890993380489981269760988475918975464647618451531
92645432764098489685830041583869503633752073816635041581329004467394494073726
12698271740273426504341569784039772855856416245740068851704877864620762641847
97869456453987959167218017263759749091254789295522960990129399266889405258485
25479905256433335202293010889289318504918017229680165063472605977440958626664
30780992017460825694058660259724150443222861338804721094558919221614031289923
71171664171326687948168877952882586571215549898854153851439517724082807275695
37971040304001567311033933571850199409425210059404529259874648115357260859918
83983096950836147752112454740931924400674254956040271158238194399351883376015
24724641711376812344623852506343603736913129029657895313044174932406313668922
13366267678100040135932663180386839016021560811263107201118089074059601037175
57752415761584315390958420691548108598640263465410296367545673227139347731307
589793857107031886375316732228179084990456230185072153310693122124899629721
16805773511720327253868953293480530159416689406629646019418471676985997432653
46161764551169652419170390090956431520283298499612287592923154660312019622749
55515892813833331122056098093980247234068160180811521182186447597343196729845
40990567913999745707035984105853212576619294233643754041679257111362569714856
17471109550291378675536953315834954763524790852954456961798757698878730224366
12292395146178068423511949772759314927925573988806301161734814957432132902730
58925507490490264979048996858650170098328164690267295182336408813401407704176
74872293167576036977282790812929681646420489225063161436555797688741160160538
86936188618526824923398635104849264324878552871636993787159459850925307782096
109116778571334448167544033957697834715182248038801634097172257579684880325309
20504354471048111879740285873010059675431162385392048780321601333745820060548
98342090543976400482090939918052507912941444952746283727565911463706919131026
56408588749736365984605353754734828403347189293346737755699402266319901400986
87088329987683310690683780453011358868280627493179251187042349383751034275409
54690015522481464247806724859914499507058433324558048754631439229046995950314
92179236949725494191194510455436370133374371531072805546736035996894198447148
90369655815875562301095525439929434901608230850905739361748552330806915134808
113450896921042371061654044416767715273110398833234785802452892478863504606615
3971817149278468780895921429154988272507750085686450973337082021963050246705
29952577192075793574991305541601146513982131539010507259706229151698608195741
26699553537231983437450546079100102337588429797989804655306118154339798739828
43917410192347920223386908208606147835533056406114966541436170688706054276225
22250847495878229956456444973996675635493798402699790119809993418218670615249
21561452904837446579971077734910129671142303560820581708208889522580604319793
28050706851947241677690586201089907961968410904739142022580150081276641191011
58327951582836799065582241212948612268048892274875280541805826699511112728634
67051357875087783390993202698087123459702027720182730738347539331702167013509
110302277042374785118070092884972082822608015483681258900482242262584350106637
45791236097180770462388781718983079242941561091445731584848953844037139270735
43608557386006272664466300924312851102483153010545505465951299659393060502381
54846175331372344398995735521199326403757741289761974103859724138129197664838
90764077646317251522963243989010677605152102769256437108869515598038285931461
38788389707468171772975290631700082336044385393694927936469795043125757051628
99835858483200310521973890465958974296264446778583248351570587596554101398853
25284173038234821797018735852617498233688515051658248777704275983269787900985
52226917217598837221687230627440399999769122363490141697147134024592634743035
31788598211508227096242383293819545121743554266214695707373257120214279093355
113443027452626104008940384231750672741340863033533984061863773202441748809428
13797256074336602136687019873936727600498068001370808368894655740905871272751
22256848524362387986155791123004794977030684270559527426658422663297362889253
38225639602325942169049433628794285610355012599228960237207431237938213835440
113602651231942075092428248407943576517170847208950173471886540750243729381337
68942295550360452547458856868216063567168541797798186197387702690636474858478
35951291680358111399742531428086802298711717346499757341182623431008316982848
98591854308677675910779998519837888576810839822538558146427115984016093189147
96305863839085126248532851113210532344353035649927794810029481894857488673953
93630530770541247974842260357272859280040211930438814571819762924682548849524
94622188364182827054992900777015875448842190853900440891156013490813280247498
109229458245635557427501717027083225555075410741246346026014289620413348301825
104784972529511423184782426545969003486830704526085675583628512107600715228171
73289185154262329516507469159623136390398033460409433413552588731628789947691
98694183217033733652969956685056768744691220820296866500722536475067578010802
76811230677449529520353281685724925845681819939214568831251826558779295387849
14178758113178176209487960973947044940817758361994386970338024782236542481616
95346174054786328919213585214512359303448071550539804955324913741703454051099
22050461450512911207811061643407274369274104400595377350201262644803018669224
83887928129128914876305742231282529721818759597916730683317425561634033756986
29681493289401993158999876975669178738435699384969456384494601080736472560110
31861817208560001056639382129265034191636433874716045303908370312106012289046
4962619585827652797945112309036752203842976904320126431207793486354888575444
88908721356197179860435343994780241866227906931696289775190784140043365734674
90175283610992750126971236483012913087581830914838066161679151751394598629025
80867938621997374669276762334941659743150400432503510455616234986694614974594
71466207182729824429879062229170254583495686011814702043786462458144201293223
30943183580790293192141140662629464733348417128264526344801690664916324997543
22677309780562309312992008600914740720457177429859216661509800995282068520387
2363390820807826083609072348179308253647074180795980447816193181438881584928
54690721501655326377972916524842692194086755503345622749825451791252751363223
87950878001946372537058337976995113518438434415112694824635876583516084011341
9045690265598850763131860262147004189214391388236270882931592243979670637458
21021910718036662036855701438525395020005227529008249866593115386460358191178
59298475403418861684893166600384506945383111742057516995223642816416389759407
38438389594362540286396169059169357000783714463484427709631153222002329172810
98920613401665704579492751524679364302388141393995291615310508865123985612268
43367322911536417028892478640378941317026180663086534028969743845013753904752
46484152636740671783163745962191393962046057458722221291701202033559587307256
91287456653831534242339172493809512875217681191518222315507825338880337802671
30980123982001596611506109435910680683758390700809653213643855921352857111842
74133755909913627918651834121260315792395262163605372343100667700930004418795
5808687524761424005462036595926917370586160368063771869917205342224359287130
90038438112764857635682597407912571418819661818006469093046542922184491383764
96901213003260853800446144609537522919815238169684253516170735082407444834351
78269112678212607937128400167394946650556390758428371441792475406900558646847
101428538988512565283927503827637556224351188108079967483526423250226678735754
98492690580641648997140783930671786662889758664555286420812789626717881990733
63190325954397234556533869074074697558292649201818156080897700282894736478324
16070348099908626645314905876695729175165272779580949535969040647748537554928
85498478345008784792806223692166032082649311925141307642714559844092056024158
