105928952291646063642051929428091020913581778453800423887820660459612617726532
58407641744945223321168095340879298684338695903141963338847904206325439903486
113196411173493007700141684758855804223160753878676736365367872214526925183217
53665628388422018892984576857209959526088451503013939416309452191059653004183
88840442165148410432540471730193746903131006701059281693080291178117635619657
95531679759606783062796154870968255360733837370650227903216427590220486374316
18387636528047568158167231145525962284215594794548844438254513861872708424520
38361687126121913617388964867797868060211286604163124866759520973085959369853
46427361445829077181222438178315189519133668398453753372818888608490243618450
43630134235313809851740285018131641617610277155926950933914747804993201107276
77970857877238744260822637305115425000932643750084280129107107355165347844929
80830541913124346310869345938564260262082522716484482978781154165499361220186
4720688061784008492996191518681928320990077842364313102992023453261803994840
37779124563312018663116431021128330916129526696296578940859994680538639568083
39706148542455207610533928551148126967632605701252456141914583838258202100229
35507588248075691178685872861656748002360320974225232216228344793950667974195
59621337951074687630151606195824842041939322183115663695838827261340650230915
43892842316335011661453129662717490798276403617333296170534769939793004754
21417329982332752332592784161642654674189018096780808789568177939981926180767
61779575568179110641886503707060629136232057293491719139451855268810123697006
24067207462426196681148219788843476117943819123763392689005788283674834113041
83410346932509225300446860677763628565260838570165255692289315755600523222850
79417096143469647811687346402208631835088935681682187362750255382843485222710
4565271912033149005893504378294824004837133490116109584556871469267047229600
96657775238602859485905027427345594807911666514053151335862546926195200189043
16900695368245514071705335370139547954487332654062173096106344926819887291887
104686980263723307306615656976324557601967616779428336672982443498680854898849
13341462282836803462582560034448182569830322855332029945494023109839603233278
9083935693961568087506761258362271744403176225150279482719112659629114094405
69942539194816073061320444154883672413697276634178716656553513309101849727582
26795941324435840516341599436123100372213148270575386836254053861094360093842
51791793506216333045720706280036730615737655478711839610248623323497426272566
104636380197749605047610391046309626266168321455302375926145871922909595464829
64736956848099788709794837268171306536913557840161580068221277034868237830764
70659258736567343783320598269242390285423527939581572139637940069531465714875
80674431200802064184462105529671971933984916935150104743400113229928721851274
38477928365931567781849184718521375468599790052202614344926776086493408872110
73645182450545188271356976717499572575356383983622907828182651349704934404256
65506191735182804563034105635161294925564350664235940930539544711071598979355
17564733003317411506912975466958161170868687614150919074593498111593068254449
84541306351268944330727725907067083348372802609697117172715165827017309099501
20455633946336859264144953413180805635776802233680897719488895247754965463072
16214229309207699315363795664189325466479243115271852993218916391615878770426
31900806861731426132649205675562858754718465256124062805946163622654951744838
9851595193305815345283341218741359730020009672721099017375581260869426660874
107372622461194343165025419658359732703302113838252890586666909766008643179110
38546026336244306884338653357292048603206712821668014941756593644536681617721
37233107297292700080420740257401891438684165672847591418636255722888684422374
81905199849347264307058364983351742108364048867562525771454369648634601068815
106605918823372399159014127054182514002721772931029862284362561235040489877271
96121316465718823573716022145485515076248243837333375540939650744561307782483
65357950317196988370249476402166836389622569184708401851193436111265188059370
38720951092150488788349380751211740651884764370826670678562476163257718048693
29492090557529477027392125214449050762608458768081136066917873845106216882719
19207849411964074785387633221315538354073601898870808067565059440264013210885
46501338666074804836930361968558164661766096164933739868940538215310637611279
4057641547662257826259529815001804270792629130371895389949495476298772125020
82786728260155580368376392727441922822960915288511929498988450116019453496514
110440235181771025367667072566105874021189356826279455870753541600765394248531
60417675153187577483434020357435271432643160447028805827857083546599749162049
109685087889936081549457815099847040986842305624728354801682533899381590304985
1941155132650878417374280873049032293787781513331286738705910748380309794712
31872564742308923477815861239061659382045196994047003300728834994849191181742
60943858219412676215696395503310791426880151912304607243933168982434276079136
38484437957804223680562705318019099368354026228481270249425022921473887368711
59607217657054408906156393487967108409431948272087559384089725069024104229771
63789320926630701074966683365072212074535920582057858431173404833740442186387
23376256366700849260836399437713776123014740921289248545062869614872166972150
75205909659617023731942622082650740271057665859089209486808579154174335449211
105888986104981879989686235909808594881220101070375601518805647691718861544856
67246959702087537824156766293034154965214410552738193858572891558973011791736
55733532087944927423583453048182131644017574817137837608831003346048923847417
44479823844244389195693983262978983017987983406198357660313948885747588880823
78507922645741268639863011924517059156970048309041485964269400481876882136155
6776074567216516168470894749118452970410996479578753435270133893295545319334
24768499862931028267144549658051865787456348923753704250981238745436753295027
59164316642517501028023848759173737637075847545426506727704738331146560339983
43241457321929173014669890347504390803259062644395957028485551560557851386517
23680571917086213042967988528690600578811125974762689407008509039055717729099
84775050129330977517008970010003950607730841610878108133914194970426811209975
58659483949748952352633503850316853196200941080239767814427474581363099147554
21934648669461029744182000979514981910225109557560459359002472612859865081136
69643095037999342435529239810989986051423613286899149149564868458428008806904
89244741421683097991118991854132205132828927003791918205754191302306346413916
113552912013775656880485882073861251004666137478061703063277410563016470541942
94709928992860366749290014503118722330148570935949234940151231031575050417456
25538972312285142978443938703583639651264286154651259930211165192911668022735
60895939489607049243239616226387880454562567556858759196620605547286654264958
20396673127034929567246424298221533387450137022917600116878233051158992629283
108283597071553406938924482846851194614034856817417336758378755672144970934706
86941011917900705711233887268109804929635721229444626111826263921221928587872
109478230484441359732111146440505967001988452275553014704974230720956174935128
34454416795209666967706116692320023484501488768184852899377632601245051313708
79449695633202673242077977449944952582828994116867890466789541693555485813915
85131191569398170824521843493336381261480401439782748056490608992340403508875
53032049305691433406567293654945907280396466140823752429263397288208769172350
104370007966050707265489664771616553581540542365980969979255418795753069774706
91489707756603956139729004788255502085498993787314959228575395598171260845774
19849621098219347443191154507359842198060290955881845718845333519368297148294
79256701820638128458533587272549282401465861892715300875079630021724952729501
85788579109564941240299222772851136009324312858483946067805361577451811631197
68082336106708748985112576322397926155517711927319112892780065739463231133651
107128647980857471325526741227937655925141222384013661984272539815047095532230
16030361101717866131367195980974208789031649787481477849039180375369923429207
64926437317609005745216733701523389719827438604521125237940580804675412175435
84826649288168270540136134290162936888071295705678860723646501994523813690855
76743435551688576392451646922380989248273231774876528729830210831921966861801
10279131119961860815660343897071539414994916150089135163407005259973745627722
85381554914547564145125262282660180658921852560565462416461775582804555245380
67762883520191120621190969967969265662959913070962601628798493281937732198096
41267471108113026410179496420485330273332858465582687649372560025398182546355
54275702137038172977539539853191484501770181168897496352037435443824356435491
113368198638033002838011793704881708703693775303079658511271736372075834609594
4430023644118205157454276401983963907160126002440320272429647730917564705539
16011747196964302411379520580520940984287188261705197442168731087699723350748
105438730270849134504583355907593429487440472626722793274570500994567927016703
107049211589821581755050714447531848255391727902394459339061332876290051271780
56224483655221536640558882977455349549474579084740216730755629979151562078452
50250711931774880494490967505200629069752344396421535911109954075576798913016
109180754033688460201649357787250735971185852322264116548577156168750257885320
36695978910745064894069191846663882879801258644780667359260507197237874858490
