90547480998810893487181713651753727616562858424750345546950697295338326198905
55699218383108992471996654397296753010270928574157512160521449933826947802777
43560262302565630038280262865256563258732999754315554491882832679646976239832
25138654405291171861083299286587602182949637677550833564383176271572259218285
31214817840442121317922766396106860435284153942334260207474993337174054791599
91420383043032039413139511884776271923096084723929782862386102578517684510811
57524924308386215939558383902577536702377714240907115045368493896790674532489
5683142418377584453635621308424811521375374342333264523058488822273456948534
59721601215881393437119009173039532714225967974285260775725605638967510894137
98633374968873628696010587332417665564596537422227122118099165448154991611367
43033141786310679573016593688334821319308608674065624532306193537300919734604
78395988667142832974261948077326095503391845511862905161658733635313952561409
72235512484911340073361608316607894699477273406243943490547095154359358628007
16023478345022491476842442621045571290178279100980345932802242662156399458914
27671483620450141422376276601600015715102246958818855070345606534505016144317
113719531587723290791303380806245298916838002163605302676121444237120821630354
108768131565791930654736318075919895318962315584566599626224046251816955965472
78078755896317880870453578698108199924034229537135767181713978246959989724261
25421761661828136103608533863976604231607652198962406215900768881514755165074
64092669245293206898228176923139866276231772922466207811314633853363225565123
8967994837924216935224629891389613015466701426711662144566904642280834333730
10689885840176239154683672503091004487871704006504610453010788802529402524899
72690073916799675229742682545223618362666692156902652044954658171812803578696
95256621594127110758466889240603437442986445937353007690315656694275774920358
98640247345958425408608419717096831450847916812225120673593095057780320048143
26354912058359540918256554530825166723744550839989417121791924348611873268148
34160619887994809320061245238934140869571138372021192267316680205385767164182
29052012491110270173526422136359076209367900030577474794206583091648009143449
18791587725010649136185430638443227930043259255724213581326451995955642292814
114066650718467610246684126815333371647105749179856183418290840948751570101962
67477908100703013157074185128745096847408098605673849351699139294965333009081
86241043544290906754778322612211409161857825449653594798015521638367517434604
23799044363072040106791265759625303218170457047617304862537270930964996193785
86433190203456226974957140609125341801583637500191140212940531136565592203010
29446642216259098882258445717081765753476237863766199226204840360151851889327
67207235990183339814965046931829910445958306856423312091342074490303746646761
21685986744937673732191303452502725100301290215255643774221478521811914947688
101895091227133185501939768053178500797275011883101896197575309181510212953748
92786287704668497530498138727042807701544163627844605145155687992643132492519
49446375695746180306903020672848888176025212575473321617380822133123875610988
64956022015039172845824112686117461656267666950061710447603152805244332774070
38248566819857203130448393550336529524835341813744648918377503605385061063127
20929275708094452368851543175199047635672400927374127089840524199067822596332
100926234974752224199579575937210304718481577714632106758401097751734074771557
68393601691925453470899412639194410601393242421234197468991561783522562522641
9864284218688145187792232855599621344261645170054347032708770964642031141413
45461297974932478601386966718416805356503385230496499119120101933093219396563
115124604391617652516127378884344040121881876189138666250665444005801745909005
33453226745163762348913514829395824882901826056001811505463277112531693381688
90425367121213433710951389975845345945027222496900057895440981232915741072768
31029274433405973311838421527460712560941944927890252950553518978526128647614
3359629018207748829505458444669942824758615420029459124180522213110324785087
1416767495111334865092001077427493676267031690367559747034010878936039207022
2658442888972151474006102494526232085164331437754427035599666189547306973924
105551584752345102696984269812909406235285156678647090100578103822520572780664
2451453914081643357860940759241862753322874654038664360887980126907062055785
5821256331930905517373352074356367546931052150839963746299077281118585246396
4508972291425154798113249008990243504232278445796885884293204481249293085727
21021921199121522075608157554421376058600785863593288916858372121754270427261
60527603794786615150046064086227672678574268181220045872620346423910850298796
49511271957452073226010486375377276049190411857820710476178830305185171602363
6017676932182618917610438498133924313317337712808703642288162370735760902882
94100728346487861490912948796554737782987087379848739627615756843848602172449
99312707174952856292888343091950138000744333640159450470389248191029646312778
62114370807431151807329997392419502100964642997173613854266226357782441121333
100740433644744095371891961954533802461194051682248058575248158576906176946877
78392901284266919102469131961885927062249127105350444761820030883132671449864
29415238096912638486732514913042938940938338228824333571781159368752813837101
2147856626696882722260662021118824562879020350300977616596515736046622085541
13022938185053779729494722940452597296177833108414866273726815403661027818247
93360770831889061365373564839548122821326342837069647094365274533799140991927
70360324134292713710204379718261628877843901546911333364618778980465763992706
42842359187389119930717973421434656190902257251616073721222607604123977998112
46447914162693461804241926006673994687971477725227599370299342158872145028479
66213057487536867530966092960354340305456739931901952333384554362826446131457
49143641024491559546208106413620951795335119455652213693452492968503419566522
32582142461152251095376323307799881061789335154228992183364029894271011033855
110564115395415574618529664216520624042599161538376130590648290346022178062837
57415400888846066114326329832788065710385800311436037008839314040754112296030
24268086214623122342259710173829700332739824409544484385935809622670291788131
65680886781361996564223222429187845325950717056413424281589066637971730884974
37421686239891796836186368700101076589985833617392436370052470219805544576531
97332542125855434891503492266804114540076588256926035490212682889528535281219
48273799398747087397248064361751974838335088354653375271398235747285659186517
70573274505224642362916334335735001485334231611137075868255228395410637122011
64970368918147160396761616431103017551724340463962927586555920129004420900011
37688985568818574826405599099657637679822393521061437590807652676130268055489
22342088437806396768659866522914286465213436097486335242172736693734768408541
106353889489523520562005119756706496146990719308069040697073269412674031032284
38847603963726236900284603726827769326490921537235174412094764411637154035089
104649737914903928511320423977538523047858742946823478500876931862236794828185
57951407870980055325662802644598618341697031635538705048106775856862284671717
61996874617042006367831506013316536125268709890236610999528458408283818388975
14551953405553499081363571452929220990266691529134963367682456767114814135544
31293316270129466280835503845057660290553351486382147861867311349959393612144
2861080656460953002305896416901874989924353603539694778723301179011765922518
78248111736090003455337627169696498749848120214150887632194191810203707786272
106060521826978309110743032762498195247232704711087528701688651711735435352394
2114883496925846889908657991233663732168305906982787319619741131154572367725
88843764386346666304178690415574378636602879130598411183295799286985287448867
12262437683530338816270431779925873856966815291841557542534669833956594857112
60780506212087383759917278724823337779404081414768473157430969522103990537263
26217729508109680668640356502862114586086877156279491392832846460224783363044
46697536695228596743269767316416048107096788754589712048422817897238608418156
57933615624733737451438962418982830090833834516599146415761843835176485158316
55061126488185438465961242862382363184404196874213184732289214069649459883879
7091647798958511315113919395732403324017088768255782608055658047111712079353
2952300794498486558317366263239349185375530480654168137300972844260684841652
50148606207509110673721734153766311044076260794216267982764873964231679175242
105011519457852340471188557049216326696003558600679654144842364254929472376025
67129119935970153797137730188783894614439155165799481852835023700584332696249
87007807865794025393118863106905588906602957269117803512374202753613886720411
108764587719353381653874449614018772404293384873046592631974880353156328426435
39717738330748531411106571358821652939615673751955216020581247704043103148208
17673679685177305577397084401100870900687898825421305278061175583208469083667
46181614208365102515388283071753815857429164085443153730715671667171121375304
92956524897419928457753351630441237307335613420195154736477374103789864368147
72510084241331189164469368973832281891259486213647479647686786022950771823372
60365741562180979105485207242664677669182083393457276458713028169391371220653
44105453514930375592599642631174624275998912582316827083885555291250779883036
21792682218274479199431807044749403667295698921708985662692649711825377234920
