26179314371456813789771344712608672946170691733140039270250271817314252987879
48248485265690304671385860899904841904964828132549402388679168965023487487679
103594745148681351919109074882863038335827582370802679384867062256775797562317
67075403525789980098815988391310467335701052829158989539931439808845937120516
56230895890934777351644608898870793786448314032227941968193341489077474127708
2590839975305658165761078327124645218386946299152848595894793358925191665687
33524716468570367487006930395623129383801251963744259536872055542977073302845
43547925267587243490664219326048337120475785025663176071273056670996704153825
76172466197611721692102777192226859925207567370554586021230641747445256249757
11005084471365346481242789573697866347336573645366437072002265654592401642280
61390040620598523995899499855134193092254902702618932490065500083106809818147
75602188357921647949518356400452285591043749409969683586541365929549660428989
67479118250851696805587824344234265017977996664011205361507083228489624039810
88633364579588217479063823258269731635282744253724468621004919999205906705617
5333007310977669302336541573347968083423832056644056809329963063599853964510
99622283090427999978455009923098393489016970946863147621417202846505191072693
88796034688998334685477694203839045320262718440419650594037048837846281071304
113339677026544894146679686774353811252329693150990270518169249092961087607518
103779914249879430022995640363963631612780416107683926057465182877964969134484
73872170493777650407042277575858290066972793865921251106088225803662569466214
66411753010918899029048559542205483713470735945906815119287337776254172199365
99045015301825834462785854579259893179454772271101343443970650948042055135021
13425294340262997043659514852752679121488300573024755768815792287495387717532
22968582843377495870231574450259841789889252240284164776899168240248830650172
7967710445725138249600904696606148165514905785077719851948746484273661384751
44268842099227352887463903007703073850954902031218107066630337776343294353144
100467202256369352756072335083571245640646331077829611116210332741717048574061
105827003652575655344518202227890184720690599531036760785836400318179898894710
18201376088585602909018608667548049868670297735652974417818186200082227232460
7744384423185131485898075821598954183463022231004965721330270343448085860873
61662600514157296091083621823182414165070422086078347870003829165740900473891
52135032000657790970389628839073092914435066131206278969207333989903221427499
35817229506302967375197604288045690393251220638029628208171767610533499070126
87075430070656466997660807166931096581135037759613233097417380518526830908980
82089971453124522961246527585631118124442228211319408620631938380210804586752
46812640278042286330624254320503180956737456841977802767333405165657354982411
34468276394931229458475271504776675813573955797046546173691503756960078674158
16970315636718681283339644086621167271802410693480001918390521866661477642969
71386563515939870333583761790986122961874049689388796287561610678925534484849
103236612079514972680578095283810348660155911657156808170026047246436239445610
32957613604951154942664740133861717501233935253101199822227533131570165633125
98162143506900866051822407723984472720213003211268207975586752108637556273951
113767260350513890156054393617678368625044389620007091862055596316506803570631
5836547178708135911448462369161120398819714664037445006316242082982560047055
110565373882621132113978609976457254605930171041314453793267441587234642687026
11908829941498703878581245700860629400015863178403913032839368644870205400905
19509951759181399016478651633328522156764246238035124959752194774330469164014
65319268864121688247685700251223755004576406899996269492295971162575838427554
96836971913830400396831363660435751157207457962491058018973057030877633177859
32649906754323124621859544179421117519395873421035440525747200531970343993146
65344836110635358930822245771466947882483689219761593750559396830409423233372
38084987594487668597093169881693537880061062209635826598465673694380979875139
94899583025869580964253227717540408773577336572169849323419726759265106834658
57260386440704743861304136085769022407985602777638678943410705119445575802654
74371233412434820407553929672948804997353764008791908422245846591873164567330
108854011003278488901259328649178839966033671352835634628071559107234019601621
72227297668998899968846730792936952512393657017830533847324066456617076613224
69495504293811523316261267151013223173944867765990783771429545446104062330061
97702186257694430139563799176123776755830435370197081050619893775036284928100
63500727095541583547929764956161855635832094147848573940674136756510125857093
92309537749730417057021847572398674190515433811159325688688573757706856443023
26922631350195671743480514811831258511396465748504455521891111212742870179968
84041090098065721026389028373606021421077741547123883060678186246205035465655
5507372414667661533671642733143881599424053602061188280162322502795391760217
62213047456232384171650955196786559189689419311274636950475830954072038454854
89541013052543416228748657816514121394695826460440280255896106667025318986221
78541046109278928709502264995031854780593217322596131812438335172617292073385
15259679103875520180236917955484536937136950634777623053476980433547875700659
109522423523300540218744929917626200180119103614975684598780577042268804480366
102062285930397937676238169858771373230079954762584930335050429932551248914185
5073597658627733865798726277265571985308739289691200177765054914503350649060
87128023872905622470169119511132825583664751392733327915478234294014762244079
47545948157948828110660385410870187754419759955214586657161259064721602626770
43441284472321945119219310202763424650051707836586299758301316077067605259301
95677040157495293632731408060496673258081038023230806953088248352406097683514
73781324998684519500811133423799967462891795900123232198712610702444541287804
28239627916758940481684434165319484697543597194900532546930502531894607207105
58576359673195029596627187431389697913537754627869417199559852938176039836282
97464936139625272692049934747707269783024719155689271914419734920377689412175
46922211318058907149801919545791633748823836777498413980215133295730659854056
45264218286150645732571431246334168321187815344139673897181062347324111260865
114584236214160285221680706155209569604994726909549136996302848831112603285634
3539139650704461989463335660203299018655031105251193818933914804535686383706
72264550701714646435918696972407192782991195532075433578213892004754101460275
93032385422982659696812338778278747870172122117429851456886073127652762719284
19373916788762419317632965031629157962595812282881981726293267145008445266596
60450302398234192351364737049165908231790300766925468810840100255246400446951
60670576919831355880074893909589928937332858102932076297921762467785898914709
95752410809977070533505787797266239404364672691015530752598868957231209777554
80924382285758016870222777418748931032927396586861800146722135241672753566198
31734684851168178546767197816555518737308810981029563897499086901068455540194
107368507100266725795152666474473877097648312909035429669657509841063773195221
42715181639135339893173209892734749231855235947176146019264073009643634890097
18849293725888677311690199027923882839362487122124699264096147021488284880574
28214630176053599946852474390595710354919765906761525902524254988438471776336
50352752740442146691198599788740043812365469784956047429350336777440221308580
111839482272668256242061669121841196178401644592212444809223754207421097053228
114637204475951992384579219276121955626375024408043912265212778124029437065401
11823443280992515562795483868010280400048937120754192094642852657579126647000
40521535202046939623111002872598015096054602025577389711787865550831202842587
7572645865239452747630510191118537774855152158377838258748681978023825469391
111745032130852750827172989775384601839507455503999701578421348774306366381040
113263378188641504875915894258013374499459226700927373636173408900211347293038
107584383737142313926748221957457057105745897420311071925179108878202933087201
54402003619034922814109073740819622831779438397118733688539137745618422127394
1405222718640932533010891583118995534118912806102474195933920374020808841482
76451652438710013072667803227734081553247119189493524335432392666414322214543
16572770335781121199334179049221507394359413488154126835611740510185916104605
86484230279818703391512552309023239768115993762358556596744247462868904090811
28630656037792669809304941271245455621445946102266215200805738399741889567311
61454667243792890302821146944106331397009987215396917952580667984524146026438
101056669512378064445160923924250125085097903544701558699645893978055158841876
60187750319031710549615969251680194062967268890821360509758150233677873872052
113154917771898259707767375417539980226323582716467616755888881679997573023241
89173415183958446058919780168295864022584035950900710741427802022422940056733
14937351833887899547610117849215315981405988069385395455613490022935024246934
78229887675134494867629136000807180595230668051967271616852690474513643817622
12572971993214456592555677208224092549842099221570464003928319870221229156358
102966331007995946984055218242370922374883397219995942581119098927245834650063
107368849689570176071624364111676898554427873949476157459718522011710933721953
30853380939822491935494493304388906117501425100401839338309971540581406578378
