101744289170951219886628718194000524303894928352046846013743347803673378215521
58767694653903366988337571733179577045900089614874848699908336400955921980593
55316124881004151491544117413135009714313486431637197309118890316644314825386
114550888551847887157930736175486815962587145104884759862367187274326066813519
702393971481029995819401753475267341956291271838597176590415585027846742649
7617410716486252239797132068714753281535628919023247376456212649189813355488
72559870763166815465628785186721884585234054127293739714088826953572453669697
26337075034009983522245490834643725175053781080376936734004637772341024698938
27085600122355893467062677821427391103423634029820475399635120188552934622813
110976561620276438042025905396483065093286655280000735543128759586985642819456
8759652632776361219138037579490783443065292244491215128642182378968809606858
110322082387158525740974431748566707705478583410819299470985094835873536252385
643458031815006009850633515349184007473599412755066324310659213208085263209
10640526080980543233609230006642227413918548417938846350005282153661629216370
60313543976304019570692121458762988592808783890906639807584077221892846767269
50419152516665642721370048060276539241545423772768162550976236612320498652947
73792137622901476917410066736812508008508812340061693293962713552029944598346
40631290222093896865286639958045307287988902478108593370162379882010125823549
103219412798243234403543261643438056624870374393671981939883558623162101385411
30763149183955379502135507357072690773360190027785868654613176988636102788117
8457914219711863412777462190630240967482641490001642812774991593982791729755
38543264344283546935726165927509701656518480905108195580225452057867555713216
3874827770690608529620940086132817014512177646346085415867685011895380275531
66604420373992203622183595043044819115874602903226380438712532966901183976650
31165231823610286145723508962599369008422639149849443572795919671584124689424
25430849039129473383580223736701023566072090144562121960465133733180889658943
57671733923796907499580631077331954134641834729464666487434285477537062128307
39322170068521453592495962320460017063445916181986970563220758257718086752477
89902417021222722967645345908282378234756306738518732184484982051350850701541
104921803740769916028953224390358937420474384756825296983118546585560156341063
63686211004127992164373524714137493251694450216653749048277608964302993174419
31449373606483086484374324154516116920132484484805802602823567358914877751802
90080251807853077936463350755095178223762605854812497926964323659785551304645
48647760132187178960338976349043303899438667007357154015873735522696384599395
70171528679503191576537134359654691126291983433403084193343182995187193090058
77545624156642566353517470541717243981657771191825764599403692386705435789711
71069783528781697956662059215410823945596833392402615211226127231573188942908
23822087748961664754545151490707880254794178602007733409326879362674271494115
37507050348974152107475755928874763441508774042896025225407554438029174323704
39414163097807166460387085807384883573673151277211139610820822966064972387022
11753654099956758373415600094604221082098475140563798763726835523719178238261
53370795185848499034807905211145113306922435960490578838395099274079027186726
91952648785631311132303598963119827844339523598478138279304637126765437200978
7334384859206645868748031945526884890194222955209841335284600787187155576147
72749534417805893638980231290532034666610581370694787933934817091676622318088
40162259482068995500988869750594402718596481078980143473151881879357355884489
115640427017974228510741263040456300325825352210476917200327281228399960755166
113981177549395726027364217842376578986196881719097524942319564402779232935391
406271046647423414564815729836551551547156381011500872358314501141924097726
47226403134202917784236388184601257178594723202907505832044750778547899818316
99810420921861971039620855409184764639203773209511191377259000481302414706162
37106097243460145112312257631767139386097100683620475204545034252772337939551
94102395120676138941689850852894575076174773049076034110633705058429777937125
74585965530502226578228142936817382430729847371418434781648579965159108986788
97473103189813612493231910148889417495514583655588215266931067089155864235185
3529708093026640113032890896128129059405434991364091471521207968584266875206
20761609933058769436362974473323155713685168123105509658622216691047568537780
70098742231422218723385503965911159123983713142685225641678956595051528780800
32791361807962954023545605465490787463280083669419250536697150994629312770399
36016510438310326329223529181491300316996724988110137044877503837879493357561
65629318524871004477014842836653765013224026686637295240798519088878065920452
68572190818779855703567629231468266846947325443141127893518830926844763612226
71370880780664202732534759417245170864769170557360598221002827641299682058010
80486773197818055955130416152876007000390375915853205502427645941444814117764
22223792791592720689433966170617712641113580801594603425431588861445122884540
34377515895122644611811734027643033412392583743007120506786525100298699919107
78967359773082095928463387691027514860222226913678540280245228293535713503972
11377328018173273287764284963791061599313241576342831353970070126698986704906
63403605017176127758827246320411507630239454452228626033563356705302184311350
109053087602277533327331230750948688248280799595246547400327252716934222475994
62906850641522643035473582953722870309992325850172893356559451003139511786058
56746381636312642912081721554935525768752124431185915885142342525878414890620
34836085331314016004299890291004490171895495781256349298504014822594221180356
114945732273779656208519486485350765637987576335654011504246111062213347672484
99399356670661437644118244160263949998282087853640897946531111276248529890781
89915115947077453856341735780742635381049717567852109831693382016794387946507
114235992600257887767505273287402742548674965067506649408357339393445439724394
5567730458175221895553940241598759363999672603398294629961090825065959699963
43903059045503172016571723084686197219255564100197067330603099310567623133680
3962523601774982994962894490120417383976994082437106356940228092102161030612
23868004928822690743700675173842058843272405550462276067852041509946228577307
82717565842408913491171605571132119823179037934774599911938822819313440817641
105533498350817481119051121511472069225474543573236779118905447703788658671877
95823714032183533707370461517341577671841868246205064542210998780898116389665
63342869333154024403938726561371353959626261705129328410670409846024060478508
26832657203341415286911067645462861027909011874257472955025751590188261658174
70177302051002874593579491026516813806764122873250667567480784873943449648601
62738929007558526031434182423551952621999322438087707121650940298339885657250
98367314623685119946188343378471272192693762164391288294100753329395786691089
107811916592959337132789375914128576477935336637984698151805621660290503470336
38026915541418530204339716611096937139134096840347645043020819289383543207626
94553398558469707729615485901375885442568081902998520978752780813521801957000
72425552671102315444016801347325238758912128437422902308248818465967050594591
4745595294971320848941039294107412012290589986673648521313077597129473921679
72241634785084647988280719604075621769354582498404883561268129547379015677759
99748361121648368289313851922057339471242559753820987177698775023774304763692
102681141247769417531173351931314579907218378380289159856977329580994890359098
13800679954366853719451163404257759225689206028714933135806106151355040276112
39489355179230187236161847126719627643552679635634137510487341813429105187664
99268736414909640552443132337399938957814488466534142230901807643677636638177
33954461705830823973260001944161166169020348652980710037153887433491190604912
46005248845703006929546649729676518242877067265170971570879788811648541702041
36429006926580081884701521436193297379368930768288933465945149055099769163856
49015326616857319656744973921428101076359750390654429364597020964837421264585
79775178923290150276356038968488672944948425141384961042134148927145665024092
17429088087940569554412925179330375045386015810412931256885445894248708728470
111112868932866187509758685986493344847221301224104363319020850213768137191947
47397038183591620592412653416038139216206427050984010436819509587248026813227
8922735191499478352306605812765296698605019107999714961019759453080191430227
2245479180554915662394699391073386085386223589655719760181872111432613922732
67075908748264161443734086305863657990414481828909966319921337723990002547118
15567574906165615641594263776257327471750065709346936860216940592345760817272
31819514243561485193311052182833700970685045351645317925708830246200170845453
104663403065328041915516198207312136125696250259731383954202429007026405317743
101122745968347439567637748336846307408707296523938888608237991626437865460027
28583753903325107772431763769545113137261361050093072347042704819891350970701
20818984847705216872818292038090342687246695652902641130726085958663824300129
52860387176120402463587407541431475314603403207373631441760803935435846746827
87499751492595274485748935511270279508365045414127714316463466659769223029928
606678108097335155475368806456245155845627028199286093770323766820302940545
31625475683580622046159594506484450525557654517973362618449253410511423690131
52399779768049815304283123728708106626902745272598657686169509890835543104203
39195017300837265197366052243741646535995230702745283340768088587013623212856
111311127225424403725045725416511666365733312760960238261187477479437362478789
27190412493304385182163452269454219867228492905069302287012719777382147626627
77400140474793609277936108650946165145944252638361852756840867716327949533133
17589790490005230641333881858344282854631676371929944830694126970194220474456
61868105696388780600855499471866564363260671664730268817939069845306571159260
22367512897443192413354130938871512625569913661827621933283880837311343440948
20171845505385377052637046070617604118846952831052034251905806412320813172064
78208240988758061527264674667953646182716615060004888185612849530994199053007
113035378848367331534958444580906926754619645971254953316846456812243674239080
22286790057064778920968206555350565439430711410192496052353801083873480184290
78573688891374197107698355113615696619642816957339504560949783050189838822194
64110019085434239601177810095398722054326317103782433863883368898199739943887
106832961234576949504515283677580097107248815810308306235083161444695234215019
32552825050659134751816956444524354219048644502208926963677553646981280133373
10666194031989769170626768582198707442619932892156665156664646740645744655522
89843038935445832848547573350073634890569906594282462578460988434607986616087
50780300252281205937381756084429316489843292720379995118057337296151045259537
96623338388847925592392763170160415832423429365349606633342039859178208950560
86329588003522058098663238504227124589518551290605992874724711930054584944303
62920561261295240433433884530191112450390532933596015458387813757823931275710
75960354551454317018663615278158898675850504732871893862673713223194946398268
39149677819903753617836507026370886805788883438057856411945174045283947404583
100349425122000774639630426174146227056646091086395645035204873681303098914158
109040848515751793727541123329294276354230694309719295218152176718913910664640
19577405976227027581922791824979570489022560264495726864912168578152891467008
88443757988900559138466064355703583542279982991218163054216017931774819683875
72262835875319012365268674442025047631264736107236071324148253376742326000020
22952404381993286087707679050812395377789053423614544150298426445256942699783
13874681774809737673416108738407939582115100788809540868396070831615479920261
81028361659019317661558502549659711250643755716928321402089651913719134249724
17985541682985718102203799893948433036544257551569260190471040248106326506708
71003180871423590244867434031580414479074120169976177053109130757598485804362
29077517425670563296388113465123688176610816179657041167390706428228538092381
98022181222216794553700706960797371073529472862443541494299099791213489630582
39587564349043032417213310640953732852498927873038682348852966103639687331194
44847036514368572579288243257188710871190945526106153370836959015359019979388
36485688824957504276056547013565247186856676456082493090390010557355056049749
63979342814188628813294587289666659428996219042530285437976489347902795779501
77073484146482935411734538704826271800476961909810451698641731388459385010808
33861942383358436752640018003094956497761975575948306203218313106588480050558
52188512948136510312203312825534348576371731438485917062559298475188469606988
83329275548118409698103107006018591588285016024254971021438579376161967898195
77745311344412605757312269837722586340240674992954507488899148549780137106596
52447710136569745041607035688892181818081518733881110805880824996468839611216
81178005388160762968418458870299354708365174445272147963333921096019686353099
86314337951590638503532592676938700873962472311862500751971265765791859604145
35404635444547541789377774089098916728517978746081463471424646439274945842325
40811633037005724863422736217705795569785160395432012932516362036217386161706
76453155297860719387714773763220781838329718721763934209004583558283875266738
63281998227102295423870550387391741818160634571268103512097279472292567575117
113465416600423330938257799412871734272875203353082266293592687853761949294071
69371392646708451459690487899986233996503918769907723632350126751691147029780
92039752912226266717844982660001297425432777761963989737317612446015643082340
52152380045732828656349153812270765682593982235113050077027984889805215271682
46182485954445839989333118776783478326693083348117369839333207407370237352163
15110783927873350792061533327360038968520855373809124534922473918525781140117
53384941708862539049751753355586192752081276676953912862079914181367944772150
70115236542293458315740539939476094477879001930189938498059565520891792642558
39239827968185917968746724626495050420334137569526790802086766765150214687617
6128374600323044582725385251782554294519824260743916506457434458005926237111
84264870053924688018570371068096413336706788117766697159928883699391078128443
32686671332719562045547462893189333432555395422679195030144375133108612654727
50261416147943630011334146826888159779281553185422514370669616949055046770762
72741293896973315504927255920560614789539531478910180209949339379543278157803
86347493566416623399883255139663349693116322379603889156512410126415441483377
39112022800002925253448274910135129397839712158084218105114897134745600671392
14686449636141335425323655171332643482699237850569696496378640825512301087830
16179083265961662773452196445102299370250964110774144799276955132737548825473
3938642858095600818130941932940077789013644156862136390952267532356930670076
85644596998487678755208560213015336598698486203298507938921214080765726707205
15265591702284654442225007778827244493083990686102561215429863068639429888979
79460660442501177697237124649112469690228652962682759005700770685440660789541
57547692183759639055203838734493051495723639629953786195048636767223813205727
56015130720380533446948710587353711827410029234859636497420129454908210470344
105662654821212197318507432170344631223873379633403702103484575346253087324981
71172550260180466513093853335839498231484104275951381657683599077151799869015
80843675991639989824562624606648772459344917545702776512264444760315708418737
45133786846339689147602786772057647837585092100026803907388765286862898381441
42856450189348239005099452029673795119514214245289379923977498220140236225160
56565766905028164770501116161437253233066872858663484046389804586021657181866
64370237733676235037156021914159950164231701648543882142600872477884489707042
90291550578760570175208518847589677610873857040105414884529082561606281709313
89049689189109383279342870805695776901659445631754887571771240810610522302448
38097265964209086672083853361398684572648214153689000268466034729998534819864
15503863000448128872571710136965605351078532743861469763642821378308625710800
53439873005481328401992533527774935263863057021734970408339306399405183422562
111171006584566047373996629368676879926317803637223498573606812778877711049478
108803447841220704926888793770583991418053863268237826313203688213964256129650
111212770146844940318700944394393891509226137894707422349540943292049596553455
62904139663894463010673922041538838402520464315769258203550048785381836447854
25316378873880234953094045348957441675891320632276375442626412758023390243069
28976149220974733025169523990926726393641808932065805599527787329639207466500
78500782208372325533503281760896635550465988056458738089723308690783510038709
5264322276735991699960849025976456626661740860615547140254716811677947910248
40121645435871344398169156481982719625731506547980971424286418582188592655823
75923190993141268221964460865954421502722750026707014572018133040320730889090
11845707653904303316557157795378990240332382679587545428728522053822791241808
49349676559777090106757451637805751848523619626416359440421857492353940080386
52287500398527153231014997683163948974223739339417003633915192364456625008660
101312472779047289133688897926281088918215478891962167535345241470372638031411
77306103155784875612723079075871261183994154246077325570561968018671524068908
84166685331027067107072143335221210212385870938785000626129039791184360945218
103196342533389128001852502381172968335921709126705241510800067641103536809021
57362690342946917376597855978882064676463375497587914016208381288141005760440
115385164025158815703826997179272480422537683111343736110585033544574412344518
1925084484556945250405435481220922120128293941897713490797103813333132160968
111222648775509878436422997013532296241686165958714804147620020730634284314755
88111138838395449948936716494746501298141835216411288063522696551870810961740
97889395440692710100926354513847148047994818288023275110729141815598321454207
102670997360858400474193192551686377651412241420519099794164574371219408720857
16431489013059320101162399965231771581670947087569437864030398013692137804545
32143598117515742802580925905450339970627505240325002200672774975121076108002
22404671369073273300531971592341836019398681043860050350165651649891167626529
88100214489322268570858716077989298742605303684198001193425706468408018630591
44085517262778480311985492265510006339546642303789180132312650301591917257032
61375477767029429060327686889893734238188549377300894006974693831676684476823
51721786678199949827976275511767713612229833009061535067484469362980853010548
24420302099255560603188798754632771668975812815288174606538380278824747772065
11985601990242393303924350185753391674329022274292100708411527480089489106082
50503222968980298182617669901061201583696773917017292780376562362225999719094
114299160240023956363781038829695405050933249631388452026944254483655668037084
73843396987052919027091831332297942447898146562471236173339788010974079050655
45647425587747147380289903153006392595278075482333619522369564177054634392290
59611689954489729374227861897092815157407120335213686862774735094573823980068
110979368487143608601655615060601902736519706950899790446808828672675021780960
66725346627824015397660916881101957241198100632014801636001724255418514117636
41728476562824424757242580083306506801714745243865033271006304113231554654380
80404609865763815023201030088563915976903624975839673848971067126722047665668
52188425054032187523522277766974950262385744371567803757633923771896705576650
43491578435655231761082498846498176778723391212487498167363152195545646602781
87354491122073664306213685947620097814207283423983005039381577986240068168040
6766155596069276320273288803194965222385392237063433158773748087034758901728
66265187649011443070799854172817916457158271076310614078724983996085570412683
54431397710884051980926674584346999137702611634365319827115122231836795086115
99864383677503092379416721329780662207303051953989390051379559581659528121644
110355814643570795435036774318112207459368718828227972657068046402903480413955
42589731469506444834051966863383116387786049901958982591844934083892739330733
22690697503607859341936883954285687830789422988879535979137534106070541616421
95651007406600430185951951609284266536463849888553567254665835385743958402311
78342661232601263470277715438719518212421191979177740936162971416968673211382
27445629428930064923926695233763927408800828710567334211865486801317671069687
75545761639302746231704395475522847246688777992039112216655262608309450146567
55115085027270730663775145585523435416011813308680554470723245740445742846119
3695252109476353028352752757919714210812614076607286019644267275950205739520
41450772679967875716735761588823478213495268410889390047520266728752091909253
51272293558735741483446341248362689411429495635791010908100786520224138893425
42734106727347002490399563166183549768014866322524992175121174395637085310667
9128597970788523398767159124363921200555855387715184539964857256386224232476
1546259287442092662685846079812873472478035501546972055527654723775198130314
30958002573562011072540042494781217087792201575085218180131108698296935545141
104926447229355967530108063149270404128822406228641920143346743064863783870198
69890088060535150980043660556735010942153768003996658340692610777103471755892
21101810173722973212916281833408106071245618918129654877889377588052398923892
91429704225143869007448611105242744995207683935172004913511886359964364598084
77411789325027511437582321814946623670509921187765696431320274378991497958026
67544955298416667030800404778460212537363502324618060016792654998146021807335
27995228938583041087042684584309039708677918675961106740765476834743069570196
98775674249206677691197728756956357002623165387014949993330426322728582968085
83407995166388203044286077667001032296468327311448683194274552795923839035799
77965853884607256287224926289455671860730560133188695225552309228398997318917
109442871191737878009747581089645569871233579082715912916541925793669027326237
63203097891416735961834986394893310683391366791879746577039786361003442870191
9686274899571264593633073926273284937049434465929966337204157823015123088784
97161302183102037529926197206391324010406121082000742865381344359950270719887
71906921885287823692385955898197405279456878363831955899386158142021964020952
60582226074180345090128998632144575738752361887443836316618165135493653414729
34599044626919246758920536069341035131681618927514183021987831159064848778605
5739038593319201308025861055255664981609596854124405171962320208712042100749
87624272739329800615560158784728666253511934818723404233891823033599707231474
37387817132623468841181949076154835974458001697929667712523043231424415065630
74016120884856687857770895166800874290599568852462197583397306922433694828395
34744493115644636772607798932183623948008066157707275855745930766396482598208
9261529589717528619272412586574112446365431922503596288440545638250109285904
80255334497630298608947689449102113648806462523847073470485821036739989238842
91197864325697908899362357195768566132169466515028248333702378903769931665674
26463678946000670025592282273563808829866980798240861456468788883221324324050
50373560364506719158385552268886587137779223862431205716360783547277445286114
25746669183958341394035157071134352452735298654949832046288212026465212961391
105926132427610448803734594156611444672865124480295388843890975207959573934922
87672857273711115261684046974231623727347183861812308134148586215242437013673
78268764713183267567313121941514889309985089889071934868454599919117077702461
88676489755845434121526350999823957152005022153242847075595232496049182952713
87988862587841587989802401247596341694024803624076915084713218478654044995482
100013352044486833246891766265704962901299255144853390577661834210808036601685
3568671699255721463226909045731212555571973266642210748837860279696057486914
9351757558778386688164432991457152282277161850617770377341126800505103226269
19337222523485427617971132029904934524625150135590971953779726603627523673649
91416110328953681314736831402077678626978606913345397907922247569421774271940
78240013464375568511410133341645935938352613097266284277021762150372379982453
102352598768357684136360480387366105185903876507938336771754257149462140181610
79384327425661008878305250507770040933748133279800834113772232777037665395796
67440205261960933659291499326923183733433254032927771320788962041483796200236
40017784762326628405109972483968602794711031523773275052621057050648775544238
19636801585230008310611716822964269365842582957141102545147408324101574827273
60665971849290888361238508398634022471265938819949900414003115519018754591638
88586514307016531354174487039850096012018899714104549161285645386390889687518
25184413435950780557004570314364454044832148971412984229200053603317838091860
31728786595902524136633114354561826515447993960921767504506233140547580144233
44353325402240976259943761070088020242809996410396026839463395595279688718272
69456196374295690100648034412277043319590702835754016590665830883689986844791
12148919109087078883542337829217815281931978172837448024029803904779234693
90572698403368630792139973375132481946655335135324391517658819043138160406887
29671236413443208114793143473494971891046624675614433594174794347174639767887
40109901122330963582344594159123702422037689904606382699263259139832488218195
43828717146912073295752953359469922394983892892179404394041357588782020110383
16802615436882920726822907054595525210745577492632534272689932700773765428285
30608418177337704999145848136496201239028198430751880382334206468767252912923
40339579575170797579116409012778055326537956586470311106848340683973583883536
76161044078431036869486514544352856772495500834981463715997670743215638250677
46103754953467462750442072385903320829881014746039363014995721534026310389064
57307655615212544407087068175133036302097791744487471209057184265534982589424
29383301602246210054482023508950040448177254661840899799917330917309012706400
110464992247725218457099795888063528332441250818678083836607115853571285873191
100746000770223773639271295026634147378364937591314352308447574609526740585521
13103587804338186310993790971620635646428018248406411203271754804102826200183
16845773857737627542494051275228620296603821055525598386824151241195711511127
82802601810145721826914298916830637212156143696924111725983654846190537261938
29389147161827749250217944239682480117186560853239881959120441792889504605988
56355959326422501301539670934012791628830099992420673263905202412612169326369
78574933916384191232839701816209625428963942905014260188162412253329349349248
11795543277850538542706362144780963274686375535637992149452883125724658121011
24421699296277648704057180303809712739109353000291016776040511549349199224889
60591391687798829427917031570393516998603583378877985879074786339308333667478
30365572557975329845287531595553020789008054664392260865525054695622557235573
92319014891305129741720048159076569653521378670481059854123764417277870670616
49178175133268393017755334076351372148771971972953911447784033951316576467144
55572788909056412064133833871679248262378853590311581606039236860155024592787
12187900348466105862180330388191691554655401329988727537195001219820529900951
5050137702334511250724348886238258310458289396278376145410218098390543977125
110160453458559790894799207310543418755704352629195786247046248162739271057244
60230151274139543709343510909372462963312504982125278938587746440274171345844
63783528478859191063047489856083732614294058738289954397451644727593229820051
83846810205604600781607474679757928601075677407950461388415760265677870240304
94524548635463909555776231208462201001264263661410405828872989309509989495864
104210830889988450871026027323495224893804139614574054673649414082161558598173
63851321289252540865670287060879729184658148986306742130681984227165347861746
19700779755788301541475545787476018710234102393401882833797833735193421019509
31575173028485855297014195193539823671834477451771159900807122765591945527574
49012118350490127501289796712348201712821911449224113430878536780324577990084
20944064112029044577980484280550377314828595389589861843137641556010681920254
104709433274973631423381581098842787964793188351884810964578142710166325280168
58039777245185957792415498737530125432729809988103371957297456274985991089973
93149346208955291120094754521258097058589032747490623792779214726992230515826
97950190344970788613837196116017401201089441656894767122763922648769783887274
106992997409780295518351496470355675071255854858859012412149741624072348530495
96867144782632244378575244125995967561259698006904492407109996283895112346476
16217392110198653193485272974091414099205567592194329139401842932706626275098
46982711787374977381831409330564912234283204417613641130660422770941472714249
112666051141314227147651334513255843090918683420952050244343408555194002111134
10537014110080833445129346110344001939438385199905928482833574642336359181642
65614494817833291812842383856358910443452306898370756299486646192645961896471
95748732550120923883283469987303602164441829011485812546295761231839128173202
63732556615660204394393390547019338145492500105478506775827454131589369574443
107997618967364068908739312719155156575835847200431573499852766783833953824370
9432618169357362307635503769858255114481576543612898614830968818962308476304
85178269119862183339150926651368733557214928763077724715205590781735972763320
34411106587252194735342661045650477269005153461833433508131832961351831414146
38518693666915524772848096462219551377307080123974221039910556950057609485070
77605907474623669341576816249598262372893836660462007255205078485719352011492
33734328087148088819474747122230540239895331260737959420817274805682188113852
54903112278395583938111825776925471371164882426212042699809942393036014862163
98910158198078922208854257903573008694084214236521216063689942893023987357268
63571424837094118980285766226005352870682069414613039285018091563808048797492
83758108814770653972802593303878037990829598057132073967808899012146418485228
107854945615869759130184367955068074210539236559348851086973901532731216186362
103510137727962711904981449380195118506425547227941545619179707637117561227794
1671920042214988653888995368108882136783568324208308255900925433218569351619
93833118783461694343453611244104351472078311040435441108915392539169492190607
14128742584134091415822557257555852775666790327838068607869346124403006607727
111150364665388843698463166832542817638544203664330518084040829591916216953221
68679749461979159551338608636033247263824179686215488907320635018900014711005
82478282715716348454893071296763257560636970328054321739184418265252881796768
59646934493772661489815631945993990345155075919091516992161213265162152668493
112309308382737541022976821733947893393496515039389001808624079957085093299389
57532254542289396307540365168506960724350051656180901487022643840347185048033
31167396000509591994994238862830395920593522910932075730316870103272420089843
102427415323819007379597634090416437754860510672366177240445674794204035218021
113868883868810331659732484679984482595542535274513792346390601561872542117692
2654860897206131248973914243280654813872546278278678838524387705683002175549
61258374929432530418013897738923587553709778800640407446888758185155073526824
32373788484637172072904724644583774027375209030168384275024712014549038978253
43264177558351672986427069889482964521754531031503968414432325260801084335227
110489467627242051832591721884636820055003750287576190430557474094013786470956
42346169763949282748009710175601286728333312948043040897138665417772288421167
31676153369487560213572763076614681705873561610855920267296977353485213966037
53151104323551257933419363223237934529654055438948544763686024229521721141316
40607373661928306600759679600237556665659225641332232580630236139936548597862
59251465253053217485007438125477641413399144346695995003049704317052656638520
46446660884500951231062060850360369627216280498862529261891403965909010699433
94140130863115409491248801887326581168217782038105957136395830544542164795717
7992234321537504612497670833159120055922384805686836853439760366191276983610
23091903273872706955668723775548219052397353877985379111277203800905045881564
82901919573005724968190280673453935953389427337090796750941059509756203261139
43896948078893475369978122884282538266744339449872893935729117208317802104834
7489799020282054034161854625512243375845881952094987315379794903816996793492
88966444519163424947104979746635418620817597918659089606789612994540095941886
11343322001919967827941932804863249451294177738365001811563027127952498292716
28424636961782643796590031478541540929555020204348782128812089621869322855123
91413785379584438898924040740209787997771216086818352720976612951079705611036
14369878330017100953214743052717424102746207772225609641337288288458878342332
87689584799940149896042731689310820329829114806604339212908212613816800573352
115665728846804194410302816507664346936977021075279271115484846746185975275692
34375292443851522088391278064597767633529345210499912321689542484458782101176
31722609798923496972836559816745341717876933952327975742803464060505561636592
1514558758633748523892348916839624261345403112913424533717008261588351849581
75364575282670518945786025853605018689429127490456182974656685462703455189677
110469856176949559755711143284089863620903016299608830504625373709286949875565
39618774331585824836245890725997515761223062061687329190222707038267212835020
105513279608033383689191302272217395879390466656159848296915556941827745869131
19656090923696394628239076148071690035302576681159281354510025752140487379686
57975554809406026241153491524595616777408365085924843418811911846043893148692
79990601570115018642888723854944823104978124780162520403498689227078009566659
101542870446065640892243425801263558358318286912894326205628022151124664260752
621160825259347053458948727110803973609522176100439039927521767776172421922
60727297468008410089019219788837997174355112954046595975462242665732575014779
39528400127326791200236679150205678624930984572453895840234972383027141498477
96767414430680424191726871631121340048896296917987513728198328219600376152998
1111049373873988965520003157643951421748862048371809713063886528867805335601
105887559243714614340061743467111777023283562311325057966655591188361258621169
108148506822825439585483893072225734705906088415573062015342571971000955754383
83554307359861587415742392643852042017460786144114591545780620044905496964374
71965174636002208232017165922013804070157451294460637711035009641235539720936
7364637722359592965319616558743334912821301979826068693116823871088742481232
17967309026294431971217721251343622898369190359246607425770834767858221011160
48207444600456755733359967875796185680285457657011181000248506481110347742498
88093420237460413752441827628406606200326114821136972146717318694822844377675
102351615085688253756366540155825039922129295523969383132300986759458377914554
90910230667268589159172484933668254340721196187798590758574380304393992871760
18270713777854660086437775451390734372241496609682927882560772181080004004999
63165920477813146761098221195403210833178342513469827893720071667257624575174
23460144207978766658697829697971650498554001650755692534183460604242671690750
962943451292846749021664072815428839683696209968243228097966141668201037629
34049550065821975485117879110160228008643834642490214297819101672873836816359
99245364456320589654633109272937553417745134732580938587797115993611128172120
115238947248060955680818611367844254961101402186759001318655569004410565797495
49121132115683178063445254857926801399849197533589710503938043960102529528514
28154255813482612593753976374753496720770140302905452062268206838253878362024
12905288310430542098685067065549613583401625798977165013227686509053957283220
39972159011064901583215702051604837668759722413548465738288752213877679191887
49729440037692644580576081546573896500072388549203463965801294532764605906305
44610307805640436869793027460287120110180308620414049133950919103117861798921
14121711511073819616877738089642976407334195525646746148173178118524331050220
65543070961051392756397043278766971464950645045721882653935691636865281383006
86761865761445290506096254603995059386235388778600934831795691596311789320767
95422489343673402038344318477600695115384700352471232216752926129869197529178
68489509566463131794294620463032452191643724696467862558266384759380880569594
85265636927267185086048194723271214323061878348012126380788847786465196613352
90293602517511838340826395364664242272065714186102208121963495936268290775985
89016358437163817003251622445963763160958866258467218760152705153694872825646
93042533047256453722566341707883493922800328786354163354581420467866775844755
54103978978819988903248801345755110478632529439256932572429199184279047773928
109793837536779489057675270562010421384621136571537297277079892234578079485581
91080245655910899078699193377232667926694852293224913822503493962142546585149
104576314108613316079888843799946839696019205443341609511282139685043051950446
4915920095322260019713276790695485142465486446305880314725146441745420186347
39485465746742710399445813697086845078919445997242096710145251272670668309128
41579900746907991882015669928237041984984987318931402055813054102939037119650
19890604344980225949291105034211282614016256871423144304828744477995221983994
58317540647858373509704906116392378174206964479338152630992292014384795576923
58325703994436485778779006029767927116145029717708864576691278023647962081859
32437250224777835711352801322024625876481398403618636708373396912318009040440
88198631601137389424873689995911875803772681358280761043500009755087697831820
94254533797914752919006865057839996146878899050595620943509224003150483975848
43730411940750421503041583453270172283686528432574569493269019250288769483378
12099132772041156311895250091162511430720121792570293354654445973411606509831
93147139202438045584980053884986496183230548229826501587358850881697985472722
31892097202744974977010401805173613940358551858529230892272748962425492567126
85035106208558746524818878974491258283856777713264158765879382240673822766670
3946082129122812699066676969617349105027442960455699252161817204272934189502
101632469840485940298013835983688476620437758644710799219876661235298132233087
89494508624437936723971556419337873091242227092236137655907428930891042555923
17904979326223651044660691702204850473978345771455822744719644949586280244879
25001402839657789365397812736949485895058316644557423198474091384655129009937
87330693098425675231522681162509586012576881929657192208488448701933488651162
113519030166030590408599272472036475305189329118918226519739391154751637540175
114257391342032496086105150052198291365265937415399927413677605582464990606611
109562854301561634938458897286759619301489316074304665765002447141881890515604
107118194118489274831411259903029168825582100372353892272051596096333222416771
94790790987308099820207555359767366515204852827512356190560052260001073567422
24075246916977739414959573058761300384158798539756248421578704580497313858522
17453381159303516278793227417572628435800386470714031554967455164180161151332
48151454820832460901887608483904679901581712755900070324187596151503512259460
37853172865752120712452533302039957539563614880735571726008847451005885552346
4255866961104021432411734276078200081021912551912496138605793347551076063759
103441951489401981170368063412781741637119520498541885867918168664482089589660
22362174557023612348527588902859185901397054217273906763973282726564933289460
19368966043111767185616081065459039702356682014084659413468548352351648797668
67609406622381902952261725311132552104114436469433225183042448020569094670730
56519115588885871116395662443959754148294967950651635473336636277487530555827
42990544930118677348068034636829660559701436964735471554366082522397381793958
16462179162877691615733353847198568235173190435463565911538349408671107429967
30923368029296360119840360892960016868963809225923012275617353747175910147631
110921309301473121602252163516880703694988859420585308700404879938991848381048
84915386450809686939806660729283713322326211461709252514080344076136138874767
106017688088346381764365922787152621877321450208122157504289535139301347903956
96380426374786638225667985516214306665003355677021649222590159572000746888761
48937816867342219432340903305294025581405429867259592463576607003801844491355
12828039222107842033414443697358147163950123806125184021856633412664397545942
84867803209912621429585413529226234366767705464905402138198554269531616895224
50560706445867996677611926271956604287084162188060994562893102780708757082498
91355755823956336397731283857131034610636883750691339534702829594084638465520
16754721594584454343737874068529923523255468501914647814498856095382070182990
65212334056180313661076789977657980207848170009403686459678012100423055820388
43128223608210328221508050441871629294441075683880404823363324057270110879056
86932602562178919842194671777289256562177635422450004169229330796188646469562
70775330515656354281802577850166794304108817391166705214667629192661641389497
2541145092260234749254656985302400262172488987026088445681697417886219437871
41550394567054497899022948798750202730660625053160861869949347976803800917080
99992632052615641058971034067421932481301317698871485287392276717668830775184
17279209114841134469939551403797293638846058879867632088863995402025818698000
47238759667314132768447871588281298397398867763631017914158063992983467022821
9188954179875751814067617755134744752791926543004990663829291114428827670660
35737454991642622390634438734298578980683617477092443743100312077366429298925
39393742466579225086815231036540121251273434104194088894415569373486137744440
26531221137719557256716176842145354673575576523060162749381902208004119764596
68532609164958967540940735360559870744414864168614664392253928969294265848237
76203133741343714353442873529632810181222990060194341635055338237333309716803
61072311319995451766976803935746609517988296127688391819557242853097420269546
74465554349010018945301911110325342828110570220344261477664682844132559496348
95248834416585086256152084472800275423206986943936644866015390460728751616888
1140157539008199937913219486628759431321684124094747619060643371287561554305
40692148784858611367979011057382759246057190341875123165320750270061117360268
34961674858178954280395813383106667721036424200200783424411216900115307870720
102998302570877308129603268952853515467292980054356340003807304567053707233292
89514589966999879250962309688075464941397569890056258544571513767900423219488
87831023377075908703092297986731691019914328875829664052242456167133448394281
10785955378896333370010725573728224510483489075139365604795432440709701808183
18308591094689180271004765637902253477492489055758329723002791588753181897713
108236224362934478393375861002391840379631393641780481461394291357252249757853
58623984908385317773867433609174032699670111280843437564118190154689878200327
25544229007303860469564066239685122092189096843214761654451119980480161929696
50292992119250982605236269458432978654929560000217893620636429524547252322699
24467225263402835709841391800148792591659867748967251090939827700090024659885
43861476084402311388461216160040932885279341209114360747925830984088808299587
27121024718864328803215189781315114034338722530638667101384969719660100197514
3579024874777810817817274920778684962807363633165418006930096168348527650339
87773315131806007352936541506881775104928949842573619680484320607032238105894
26319887314364739495254296005362783195201850093597642889305847498324955859945
56254111522839240054657357680769457719468138464874733538540511418036952420196
113021418178234892048836776918203931833128620444654546373193349019911589392599
52543019517081841795892749400649802676302521634382154054099682371073033272538
5791950686242392165540121130439736542203136441950943863791166138485629064010
86051504945442698419862471394616851092156374060812864933925160092679293005480
83535410964064596385527497561501349451046405933220600818333977169240822744297
9231290487812449888241876839411487235116633507966466682136743171357439237264
96710974358775840966080025821658707015247212011396180783635039403397190007833
8574463157735552653060217168147061692805873684605549738744174599481596736235
12933100683738296198751953163070242808122087426024456397815119707713871242191
72170237218008632076383310314254127915931253549980422726776465193236630822750
13200951710992842743054602655234825670540474752550949034317361318404369288374
50050758298380519049948467918556239451884927213491474973699681213919580187788
9064546466649892532219083234153399020048520346818194083438186058645470606924
108831441157419071272572541447208967385253177064786213341723221720856722203054
94734187909600101514137291902707852671163988233222876660082823075903351497843
92707297880523145539690991666222105679436842635098321270210521672851032821121
110843054314235961142773186580597540177649598118611272952850183290521174741275
54492882662058789492742784847484247540158722806406508871761438216702555485866
19693220569732165712847109075740633413446613208352896080788646663904979426269
89512197851751714745072233742176421033221340074317296287789959123552098062152
22430683176403442296192246294012835978612537228930049809392373325416857865304
110366213691231900414905677608572735652163679612948457674531736040362101354377
41149399620248744377946538623189350809380415733389604970295815505300323512776
115494353387713201335431282241829464958825568695852289860368837519814537079566
93559486798292759158581383495097346966405309913749656063443429406362599574694
71392187094807622686847364285920992531273227218718260400097634091933643834928
23288607104179510458171343339408801220360357141016559889604885008482439898193
103352388832479022447180753263841613979420875820134670659268824327816136874917
4798016194621494940876365124424445353032774820090938389412822239970031266104
65040262077069585368402671090151409719439241320164239135777946042431394489315
66086315258961644727871005732780251775571330200420600576269469006495776786373
49150093449431170123291105258425510949284128414167708285300678074676623232432
58324514247836757535474071637789852554330513974617585271132142518418413313781
10296477179502057297500375801164197525542876824898758688185704744014070821991
14231225935475013299084059598724004209758455657592948518533924813672534615417
34809002423601057725748613989398184513923001200904983675583910305062500300733
44338327362444188954374752338363846276369425925427729193220541920068432381252
91911220996308941457925876118161838098832371455220162023399313450101083348756
99942407250792526470789307116865113438607625273150562440057989389414528801705
70881945806203736747640036997549552771971586859105859030566356113634548406676
114840043343130200973192650889217488276998696993087736254226227132293025240021
70935852792383482323930826848955718864718641866239688992625417242823906929761
10372972496215320607618734884120891731831036047496256999536695714983895075098
98586421440341091117479604108180059916619279924110559725956010244279382053550
37098604348693180744538372715457861347952305416215540587023611454782675824639
23275373599077472083385897372048813100747585451330117780314590511465985729154
67218291531540560633582160701330247432846266700119537914348458750938761898486
45725676447014163946304645939144734321903622232770118341513070250949696716844
54981326414119944411604905988179398808434107684969741640914706861914128859301
78174548453500268544324280601432044443806036982067050688945594089143153171742
39221310164807169154992442378295158277378854176573409455667216065840368771998
90763780373612011568068472216898864154904756539594135043217779758797484020062
89908051670296697199964825868624510056333439930502293281428454346764504309321
105191874489890996283082384486723735208466466420400759799459862532405887664357
47451360974005960268667124496838761947717479248621092798897985787490954136109
5055624482066218045097025655032411185181092171497680549889156303403335358871
83165637751668282087528514679800583572710720547994782068142867964103996707075
39145973091821204205029166984798494068787434948139291916968589091524195270174
78396524153868440940824687774770922759362135101485044813510042427302650819413
95282597043627667875799306110556976761179994380931624018790725779857281548572
82411696479481057469672378073335985293506896347470667165536544237954558452545
73566987139096594284247486364848494278608277489647384562167559815539895523944
99110341261688907721752498960953274156259310474494204601100756652235030317455
62531573242288869761590332551617723413146955713060341474049491317568965392082
31537152519523239980550265006099668178596098069684947315966496439484611289720
82026268580126750936796283047926741224131094807947055033520512512980859056477
25380037033727722575622286632825459642119093020139385875636132418021772752305
7284568949637203998059928191179659562393135903654905626623343779833276226622
90826197539251897869059736825049299536889431799499216320520183487531174126175
91338678488932125051787009293723467749126448152405678923655089800142470801472
486440485822466909181797585467290528828811545179008182843406414682094765015
80399162935301603708578128546304830149956732866828272030128675986140266929317
98858649661723912702997444260449672812501921976421626058022717609617580912214
17745772013049385678554642698217136794850096812915271125180488401968641501587
79803686051595243273360017792129017996686034285459968266775773287082721770990
57550763819498888797051714129377220823617731189396772296444915461876113510892
47230108485595569795986023441348534890475726379830913374240121017750992365677
70849357801307726434796566902270009704942841943947839021237084146865695705260
42872064866087968008832949538568280866123846299173072076363042430100533004843
65155733556796706235684603130485961596696634810803170561383835984939742380763
76780640850261739870485939009255377173932600898389358143300951193474084425242
70851176542375790032554151808944388446638693876138658217815700376997170805355
78916056424641677879878316425097517463853068868689537610236904403124940155996
54593422687629210797865007861570354967645085887276507831935903424820731262381
79581721641752323524111754476839213327752715528061559012615880604986016913339
42353461686690754791414195076159749143216856942032898781567649127868550915264
44432020230705111392097844464088449135664663103680896501040943392010406536762
79075794213176924176279948412647034158898489806139370189663261968593096674801
79737645995398192936028772343110101930432320988202172679376630213942776066051
4819981739812438237731397141482586516763063159880361571188664091826962627074
98674629670550205062476510840131317697178438940463305864601667699669320506272
25491318717024310550096863020054987216611440274072702764495642857872979848503
43786183819847185682369170760970244731724712892686642012827887813954800257275
10771624945416980726357729052364578541315380382934069547213939381931184706845
115657117599116028383040036030404093193617596751791900792339969384336557196500
35040113437550416799785330406108134628742814888977801410013654503065314108086
82717412371425127979740669100396887352758272179203006536922268382055643860560
64757588264177343282686368764594578001042303801062460502806235870390952142789
49449402149349421857848739029498391784051121927331592058581509392526699833375
75612680636401714356459007207741168115501806526996747893153368104260461006699
10397492118766852569233540922708047280470796951746708008008719029964892617481
16818962092650760176272260816508026683769534695501992291653946162838391076250
58063938404205025988398252642166666004066667099541840463341771364031651606072
109913993018188084807845897801536348005587753835840500557253954870881180511213
991853870372089339171675456406987516339412859637366737529276694046321432149
27718033487506489826346025153792762298498854255922438709390406696730213101117
53665656539068480879752178784689161837991491261915798764381099948443924194254
58332770042430704475986196752219211663493577227835831973975677875322632223850
48705476755055585468866669789135403517122067562236982111502563511018167867010
42463551487352029250189281445511352912936685839141720230990589405594506368753
82197190854308167574144627084553637429932123298046862447979219558169047150827
107471689020913085988032014758494159713334776064773282179710610090205167984156
48993242549668964217511230653688004899996666447928089200005853994454203121817
21576835186673327034491499259582809584777688374808511564780334350060571353615
41537924334042713402441839033474612018211973557060752114575103170115057342297
9703010485807388925664531424317240479312980612404602684270002584500681135007
92264100949054290054575953911563202097315848844343385441067050887993074398082
15114562710197470022969640225547737638171111109499957215717644813788874006228
37035789451758251180468338417815347547894142232067254763624218002179640676533
68812057286767926019270961121191569302749033779226194778996993733418498886875
27379005869086573808118426522652252636602737235370665364546180169416814551754
1468530105048470409813153438525936758191774020483796114676702451963070994473
1013550031778216861561808439724965746315870330087460146150516482417428592521
105144736761349490787788519468780540458733429630116678483873205044730374144215
90371029618512310743680261596832575953005438167197450876617769719786593320667
112069400940144964894655550965145149530889128929978008935723349199952149917664
8736625384421654750573956378424753954017122155488293274113583212571216439186
91399130723959080634443480795679517277630179013894681812594155715830176110757
87168288133328320861111205739940894331320264644111983151989461706788580934048
63892239692198431577098165247013144612324727977813281551251405959406132602267
3531400019123574528718943070261209659379011583644988821257845872164688932581
9449604167541430627982949686386144773702572617941178959765057048287444047878
87844164549597178661620882730059767204848270796707549249826327019053706778974
40481029705500522631677205080909767906781494856277062315855981856339643663
68590509714301682429809988882394212586947797296612566652889213787119566014529
58773457335592306987106135374483274908105905445759951735386348422893857997169
65601913561463894220810363928366924257057840967663217179276287818201321267770
13934861261688819728284874612142957176541636829624732743087333339566343252830
96129738366447083300352683881992973177775400032671001575670638715757944494647
41455640302012867494506839108580033274064243741267672068935710405495909953300
72532604753968961995642396519909517532715726645894730996325647644115743532972
27623129781497795615258143056387982444282247995702055825717503097992825504330
95520012960449525174952666775157187017616744198564708599441127525211163143489
5026798179173391148469597338381224053666048905740038586049538770361329545552
5502990907126091606252991425731302979587372080375016217178665753710361593128
67738097567444677269103153710603931768058268251895745976223411148461594548811
44542961961868687238740859015775583438836036272327820930045244502151527131342
86236647423626286171525155622970063879062142606407387670786373106161376372547
182512588416080925581409400953127110110154582047333169270638818969061319494
5440904651972372393684382039712804025321103649208357398161600889119362282384
4221227293083962271598601778514620977082909100158232222476788910430142176404
114910756611887687536472767577784547359590211566967089610663987663173042807905
97282575911217739748957701902274568496660673375892993798948582176082379706932
57229846671131492400742419025169889469214987899590665398672900192701450004210
84187342899773501671898295166359088198433076659918245258025522516524036976068
7530735765235962276009959686967196777189001590177009041063582503417453850947
105864158203501457882326878064757312702748150558964243446719707155930327257901
26482841884111575332153454286742917670768004971202651045924344547525829819612
12213775594746801623313762525570335013542566349722401971118996232744400733844
4063916543795735824555335997528127895102876696037796588345779942558499999841
41681600921865454135916937155746276026420818075001804603193461427299247551724
101215306645035905482106536560676593665912134705219742170277056936020946274583
97377880729065204180970997649723870577941574346324550274822683985049942163053
106623701614011188947480940493261652304944152972042213225146163667003233336833
102349144231803829534816886853175098072230730754962107485693857053403661920273
57469412662365202607220977883680041114522466623689988914099636092598034028114
18913302792498665243442152204561697649839524936950643772889233787829833824978
83785697847489747212542404923970124357455817449934648539513248709175651625416
8678093744643763494146559144543065963032469176964369771338127844710449121388
73803930838177315471432672145413234277130086116168412483131711804226069662375
63157299150922902470028105308240500103954057374533206013433462284133645122612
110905096921210085141573526754377376232199375557486253042183930951703999763686
97936619412902631632307049189715833465294269729604766170070687161206369957314
78086897286539871854928066196246523713491044840346884072344299618223873217809
72585635693379766156698089820784300930402044072300212656265293518535112441292
108188474297935682480641629110489461323365089435087210789955293934036723716676
1798197588455447721451416453167272663041242154207259935155230396564694554204
4301472242714166530209094283512479345035711957615006266102430216089591285659
61079238783140050288612593744535665529550510440695278209412461609575289048873
102401541774805986537916616158170467556042897530473790252733424650057351373216
51568400882416100911219694669752143611883992892320680126304495700569226730916
108111162727535885356053902302347123877555175700996062294002629981657491649822
104464077103730180985701374856546646211772870720125722324442133537806533717412
90507909738352253346444650966607542925333087186074917919973889149941705778670
1673968022162708503776487880084645927857822029708930251510157890696061519523
72389454180457186248066294777033962650350616322865089436078285395528964607587
104795938545942886235114729605890985799509723394441340678595082584889004021903
62691063501729075525417036873411095885779324316776119523792516215658886108796
82212055436308179016146338308929236967047602488650782507372758999448762775230
49982068983865087169140026344607177187628042969442553509897120129034257935595
44059038537101517239478240036507832996176965249197526381378450398859405324854
47152803962528691489419464599342800977726914681340315565176962501943986825725
98217198808967390202210041822226416334558658012183190937896684370236824858169
41965918049934946846023077330454075182332173624218440011128343117535989388981
103001902716248122612749236399913701660905235652867074666904086406376411861687
113204918306537914877377111726552764460232165907631359415930622736190458218669
2444217285055269713375093122498727636916870944815766115115846568019069681334
29765085308793092384599859914217531959616241053868268869578468326010448241508
15155029827092843380324257581561885517233092829933345020327891643781734964356
86451097111092659074541303036717958287912617922724321149461716609683711396908
85039741003389738057029297845113616094732469431690214360204771894150146621499
8518108400346631416432121142906690846075512868292572882277397755119930252533
83672804211195532728246212517771749348270256986334462623714995091150682365068
106877080527539610196528149767757853854392827875006088905987149807688741034951
22087848468288889404620709996682771696564996115397626116493934500494235820614
86377996125945561291211501944395909651686848232450459166943518158013467602390
105844597348937528238883105814360211373559603836784388248171905169523410264083
46543599692968097603200231524337462953669310670418921607229425856202910569566
28431374987998936546520115703165406272930376346613721120472622323166446093742
42019310236916460278464473938758601126490039380828833003113676383815244123396
90863975380945343839395974052881682147292412590581878724489255387598553215524
67191070172847712291478603617373306505652107445197406099919663827090089002312
69816564148893062331816352564354027154502208807549248648757771707887439675656
55159072264173505477914272288819619710527383195980548046343159682648072895073
57268724384841677982038021076698957178315876353178713698097355549984114353659
32240681541414480071201681640600331014811659708016878568122311279741972260702
31593274376990648983914430105051476323378307585171388100851775955488458294892
50913436537893374758154062482825091621358624269883176441331244369888879114273
106796236581103996066746362309690312845240604019910468601584877396497674484176
88844181248797578786707599825277138368219136596292765936244933517789037501320
90454191063482791259001894341363599685967016627502211844346250569919113107066
37079448700078130272382327805207661792600789506188341797090533600938692599992
39262566628515143082891085438228758490774183913341587234405095970111036028059
28278219706144843453796147006955790902041207943263678110631207225701216708949
35230554481748376215064000653454657498045985292647898179428744539753723576777
70357212347640939910638746289624591963881667239436325008889713584783540523032
101014895670303970362240564365777648599910398207080883538826801200835741220289
87927613637126887482173784436346509963372409140763430162927070966089207082435
113235112449687194304467050854714269561678105999761154219137169855393406626468
30056166052425909298731762104910293848705304984489205076138772595666216205036
28236305800928762542496801972155356816491411679830774208970682769374025532560
83414065546771371291930905995659495729418435309048153010273823951560937817258
69560539862448141836517709619195983366762009676479220285626298086768130506991
82711556168393844917961616958923067938504330821797195898873694757836458191712
92390190178099038519357067822193654742748394454262944939446479801376600960827
72327803680641022704372605061061373447828222254894201986442579339132280517886
6760815824736899820214225077440163628112119253661754633200435404646205379750
37817883612365898187747323647687726731134978500527333661600018469795669007428
74278002444312321802232258865050203635748801567285783931909019153078918898534
7828791130084889942047459431845848884646512242571378362643370173077902973655
65188686190633260249151417909804779479823006669875185667814942006326029925653
72766352308746630054486158159386025698238939332364274109306531549739762494983
14997106057218307274046443262027945082164558938600226820562673096161341109063
100069906247273636459699620335451508535004085202974762709474183140937023557256
81696946104135402549362729548843627205586317665856026089094849824319696478169
9386707216730488332618628243183477265637000351776238793286449334306086042713
5904599345033596057277133433844286793783866704615358943047032171041844907817
79463057429265052161263215217179305029303170409352621635066429236839246353403
38713876898650196394659473902093871325479123186689909565648533848825903732475
49938194834828889231377677263974693190746299982812280888863994734936234123659
35538037201751724737228990652339641127127663458938380957252969425197639624965
23222102440063399457114319486289917879355601212701540612502217494659952420004
10214133446003993926565308692057265088094601116167951303086461879118596959190
13802878267156520095542386343223917664114425616095240865323296997493819387810
77752785627867734089355365284614973478524686890048566871560092291798426628750
70425265895879814330950869152438646181176311427922574503781662038896420884355
74285492049561482435991211095299426065384811342126846703732217280860074918854
27896074213904372907865374405692098624035347277071957384246389091575173461624
80646051287362574460683115039533827111933057281073530401741368176137819289684
42777211874185143040164798545171620507064237270844227479948741775052236116876
86610263328805717795836838934193102025193600974181214943945151950998210743840
26155050070045900657214468894739927529710068057371417528228044277789519901949
29429690610113557284240641898211849425807673035799906160895852303702809477892
71665341231818670022344973469661317214594212207183810382050099586825287049208
3545792566446031912289815561757276928479257576473050584394275302272974933798
40282007589970519780769009628776369456099029226387928534036607848902238938261
2164274869858130286415273570975279794933392844189046491445175681581916633137
35593639735597945216900358043848477194433464507969395308245162740505922587788
58818080565673034178270736515688304022140816430793149043835761622107276653313
18194740695283060828286937890072797720069679264824529249286643792639465907828
87818256837848827689282260994654038390974577241609066414147660641587726769088
35783012121640555978735201187987731390533144912917312457557481885675613447995
91746861200096415757971189664134555402927970739812833642522942001845433466861
21926814142849510055016186661526440142342905560124288649837730694581383145934
69321375890103866668994524511995396153292003871446339567690061671287083358724
100360724457419609526453242490253859721841453146936899574250806120727820303742
101629811047530212932845274118282135592316014495446101507092419576363074877421
27630333200036051005019341078435814078611275429128701429189469341074650265094
30001292170521908487707049329423439226877399606896474374857168100782752467342
33222339946659773193583284504294451444665780426916412424905000684283561323164
95035095906760725786518400321042516235566182049652383006404639140048071939361
23713213542917005107507283347671226224851583602113203834975909566928134877483
113428073016610530278718575857346784596175555562218092806527842428518057686740
44501360066737542478922983647255485988399246553007025547797335159792671720246
56970350586031516087521564422796979844001230079496889705897052611714833812209
89808706511802559371986048118492249709589550817727080385148435664437757272246
36205241863775310957264970816835912357905439604767203459945359194634357322845
87745014482359177173473804980118363535510651808288871328524147030286600550710
95067924747758066131767703753590033968765691262715939835880820886056347312957
114006392091438019298117499812745046527083478130593079799850517749557452638414
72809679459159736676255489797399332298801250452232187024224807027675530838202
31510851322398829752720190391073941969688070316280385887556843765587655713144
57008220789576408973477404146285069104245795775076840804625176578747347639038
34117058896870808683409056254841226566590975870249565432751719579994625311026
42709365062118164991466597956253971892461236620579144500898211758212277495556
54513125364990203525717974904641432700258475390699086818368297691918510994024
9305967222803702835588243640133975417969244993482413400049944918843521534623
66703719959038011682134323406759893610940608083408023247412038420255731124933
51072495408634772522870801919001651790197387656552112459794417817459092743690
92701035493669717142514985075339285118365070039515853193038658784172135145112
63763719750406038520229039699831646580303969882985624867599589498956613149720
27377018536189571708126702600303050805683327687644616804724774974221071016945
39548559104645259648033175667119892042281006405657890111640663804185258117073
79355309311800656318300475701734294754051558330483012504956264988407031972302
50654102929448102102161781988995342258977175517831752262088945316729720965642
17597192981355094057677636238327438611412255310233883222876678367421719010515
105787148724388651354599634372155094918618992026817887043745131376164492048658
90387186871930888880180857853622213437251021492883400883352835933410559625844
11866362096196852606747625223585478938428250766036307950917907544265370190838
43795965201197897564476798494915342345343899200339063481346436337796372774569
59506254206334915838539791514414062028165967494887780367545163565987550065050
100942730095417846368396082578778633985565051909447827258490101066972102375707
14916703182828871305046058139017023487291910879616034836587791120558598543456
86040964619809612956539519483681086618408455890934752277992923238590473356785
15970625989125610636257291113986488168061167053015331589150702603042939414107
39277383377331443669815528850910686682395820900539354611160768724066221529992
73442672789527685916891611482007457139042725447250510405543709794982483530998
34900103773346734347743735618702650776196279764940844036680080414195010800913
74500109080327266127208370304200103145776618937715053115266263656916088625905
65399020324411568333313087827215194127278156243773150221326493297092801966846
99490561543940237623182598331849275325213561837586732503377490253796358262601
33666364797992016316969590298968395846848636450456817451548933129479845727600
107863739002748526819080657838200737752245192117877300047539810180156374217336
79934092990533499365044892531702667919447600813804730992080418240937408648196
89657512385205216216506434929835132773880424683520749241436880298506305753880
45135325414645995720189658539785245646921535213865754817470457346586263656764
7555418318343407305621222740117025855814592918947291759484315501099707227983
3184106962296088814724544560638543128802360171904426544573554806575808243526
31185898226723243876235948784151584105488170012131910139818253070536164993769
9352203872611182218845908967103183383374916661741464761311342958059703028003
57188102205986829679870562809096876273443592972595273340642887803549587690558
76930316084511288207731519121999374783439798463971402153132334584824918906451
16673551520326802748087846870948923509551484225151802642377048516991434496502
44271789199092855766099253840713500193719418089222973996052207107736011759516
88855251831355695973354180194988999335176561487191287411491787037600981138778
63299322425576105594194097179091239688103794134266678144767776070009151568554
21666789873176304311301551397439935681280570426777555522465383388967606213965
9228551383643252311458438289621481757774376209535440167108736332135637798874
70466320252276687205422883606745217889930350965779350568603425386109115179879
8270691287565231128452287549808691179105095899135391717072854352639055346896
25094237416590885521371191596873401737737957111229032411074831059268502678654
101546523343306083873266599370857625951226036299680687819417746318460761945708
71384978287391943227515989292663752538124057723349022467151247693065589469654
71127125375704115389075650837722649496520928444587445827968831246201099853866
114659983779048691297461982576463509768126465250150149317360718266727768007182
5495442475530071319820867250943469757390197983841842037453129561472583194302
15199384270077548250239943962288240689738207467702841351913002977364772536456
95278627926279154616133944581670399180789195912609386058046656521454015128080
26323923201750675518262563756919297456129445296414235735793072446759740322731
112091681079821293855612414509065469389391843387914703555359034624400484276571
34750715519085609468119819989036898063578708985315868922139654994107030799545
6871611357129810712977150418811607115317955262925946329510221782502799591253
80542880268945378628712883048030778815247241329026847030503596040349087595163
22419952237681550782600051923576029805547536915463427479637831409326665858706
76456974165740535437709857040511914371494056388869435785409827741627412426497
29392365740162931751542001089654997518263054707433074810544174707556707020224
17157941595885930980441618515004755997444979703800282723929639453896028072600
43565621242639667947133636298923621130221471476902525741439856898540708457555
114969930701917786849700397178663143070374061420174307161540917173489872277223
88173085859810853740785592536775119674783862589138704349743224495216981619165
29815222314006442529935264373479116997264305247238313441440064406746264625553
19726199318848069720351600770787654865813616618530462551060477186419144808104
3459130871188883179355018705091026743540062272954841538287065297706360309622
34211564635584615004808078582090839460727926665676584687735936914671087184393
106737003191886281562400907702470686291470105311115259408610103551367331949649
71388657466180592743956113459116529415510232363384707074072910701627286166995
98869358143306322513125446539215963312435760307645068950014840810997415560387
35215674916257739139411099041415031655939435040898056957627187315471210084859
87827385920786546051646148716661652388791336752073340068679239566704916027321
33707311565270477100953265185626203284207845223348737185913036200419372104376
7427217031620268608937440262963869134461450497200275103627672207342594707794
107139065298048494887654732337592598049678034310756045163487211144891326214204
80714976803325281500263795303048365841267915926669879338065458452013445316691
111290125453405273906182251468987023651412440118203362610361818039668883702724
43925556493887597255603160356434096344800227363418428539985575071051907392023
59609711245441674050715278592678586052459167670326981553540399830472862440192
113182591903887269266819613484544489027155256156530678867296097011284469119583
21423691626720683947063601314057653758895086761517006865625920743108208424298
42572970763277714488680832759358062548629275562664626062077168353597708815307
111138679608634641653650743832008088368983994955136409676061439666633778481086
38328292677384487266657449107203074160886128450500872602318437748282712087231
47689985358502854978079518152598191064343444422629375581240344911233375278723
9021392594285804364365529341320494295520521449982983073874832752367551384386
89882569665560598622694401295992494872628472380913140651179310343907117523758
45127372933955277143899664826069714153529949627335636166262411431833702053685
15680928336032540279711051824210371449568742730561713360848016138675569764558
7652992898043546736208757377805954448478240292441847158305139870928830781930
70868190475381250398290623604964301964346332974061667354966929988104331678515
95089560545874124911347263141015147983260386592807778215044376013959801079061
17019389615423485012783444303000416876638228217873618910504480981280761712475
104558584580986034103169956989128976049599174437490624280487035786131219216409
8317588896976728843515882415241210941157998473189539803850795052041192755981
93178328271070131431476902364069210869589047168356115531908645443924573022527
109222603483493318228332296982393787243600267490022917014428824206452906816029
75638355367621919012555799250920039702728093584213390632821497943738851572328
22517309511289502304328405480005493646429554895120920126584453201171786115993
70704578296464521453160061079400960225277271514172989895341863252129448656262
4235641139894008701630058738692856663686090063052203642088364521887125839845
108244262068218591324483515362016279039866599334036484246213514189986275170109
