28855112696273338985157047734905358519385951588737163618849735356832264738918
88449878103846541092900021175867093922528932200991469278876703618813069061365
23992422038853411142853793574293229572075782913093872391126663664147405052096
112137856843294486893326166673476911986403928688023818119214217211329574390029
81913499958335733864330381101696595203635983891023279266784227242503108976686
80133458251703731462109182062060266677748013100633703870539176746857916182550
3373103334217629841844260270493353665690043839369404098664736262674393581657
12327713064068570824157069887102015286216763168290869317634066585937611175989
114777567766715959318065771872866187663450309216599584903482529333755582263479
88290588082202571963785291216952916246694736355064887841635713967575375407756
28381563832145867555164000299949670697120981457061771352941213405481045256066
29051958421866565701118321403366750532691977276063088882117660097192431383364
98362000688056548329857241541533191716464878280359299660662580021526602917250
20890301322267991695328318693976264759354572326464855220525339750157231058239
80891207248882417294216036844646445550755031994648593595770038273959104445406
59555605023572430770788522407160722712833495502319576079814139612113780283221
82011604022589814100237747512688474647655672671718312519558977828970537603213
36175570214081120598323638843440365882512636626799769967521754245973472475849
96749865077725028501318484705609980647853062729071492119800090004680586061240
34155546419123454000737796466444243397563093280274354124087465827542734987877
68579375112288288857513877381708686863240366746171710691583171238204783437909
53900530882850105521050527904705278638510766004273888396946288718306973839878
56407316156883013714234133449390941601812840143090723179533946077375999542049
59857184174442908092273524913288334189422511973975105631491287984941264008861
47585642077844307116090128517477783531560958116908062586677692690623273338797
81561189364596194244365069308743055418710929106915769679601953513664493191617
31786054195658164889356491068637949688973811827647803461162648898018032458516
13119573021824050413740885251525729996383765858407738062253503921516380409151
45401463476318026563520450786263377332318618671545082043229906080706124083034
67883398906150418781438432200810696350524344561186182847836897028730362268852
70792855867834558989286220013654782761031066685456271776595630957436032505613
105641326809415627669183281805261312150378525550008346949667729260576771514051
107529527405295177478232077142766107386002487723342023198885431141688283420824
19479305895244609902146176903940408119760946018402506455005348206902264266708
95682303645573643182558586033081783027247847129724348390051495568363183983804
67449422390504855990207095116367391622003259207544458725729346329922318122913
24459098463472046431210620879899447698152747580181889744350110702564633437227
93010121890881991264122621517568789574794754769504570453873994926538264006969
18235843346430153445696674368529817661749610537266655253899002151052015607881
81833079734548887255438342341135852133432579275248528861955188517453557156482
13337454266750804167617723586458503797022872296506287536889299453752583602513
38958157505112520639166923242982166664374446367590298693280113416932540884668
107022110017188142847913168873554998378771669140233221907290186877201432143784
79265410874221670001563446048782905940167357354078142561308604986061865600028
13625119958914615859533886686205513540635202384162319995131012138034258919334
34024692010374656752955973419213513919181253507592161175900887052272782119119
40425414415756692948229688112871055983779902377854168583908846466566046154826
114695116250614687807886838129142278331615157066503924981849006405658275959092
78456294920315861224219386253203842850664554290279894514009338059095480643287
12422414772703492659672225133243278281978119338748563478960261309977978681689
5384774465348503306498004070812985493674525329400776750179585180388807322090
95763037866318865702729300240970758763462549219138084238399614859705627736408
18316852832694300689115250326302524037123634339169427239233465727210541218077
101038242783666271794687912992425929197528052719715822686179545758782889099924
87201439355120111187623065700924306110489885834777339153684048978004385877225
90606279234870305406361863809445472439393407003477089013399043367097087985174
18804818824312436270237841075239712324861363208193690373208438339292632741866
63317491748206058673337238740394692880070844644745996961200880793038474335751
15136614868449828614113783548165248508299813855685529993444929415050120750205
45556387049098976212009214951022470842065056335433776804225130797170091710918
107967111022509810846112263628071897581396247696884628563126599675825471075787
61606794352203079938339998842732688587179160930392640226488478470677585982674
40162589001812955499349507603136660294565847893936596508824466358034423723876
100878420349092883163732830701515418306296310349593448997410846874993570886302
40198437165039524864939108357750054793140228698284075716628883300322772037939
80534341198780477857469831021697633594283007972484963504200219485837787360914
22424821342727677768483585963832446873543534290917608566186601847712643482043
60396410635238305466252924637057618843409367519299997303104793771647061048728
61424699118665735430939458866781653221478714240080202194711434098473413408792
68177889832023267621903625950241130627969906740411275627896058797601366183927
112148267444183602725132363039403570685995349272482944502242256754484453321811
16058610461290856674904147182247370955464043856693439889910800190602277266574
72042196096261631207924135933456056048122408783771819039154331769461270851201
31362516007518738462242738754230858824029154963316997998757855828291400937150
57216640589327773762982400271669355832245585326342606865923137792401823426280
49640764248693146991543208215466795412063427769919325917129931924185257685322
95278693479564859397000032117492195853233857836077638168587444764717184202363
60170035503630906851753606214345361106457525450478326962989252600694784174660
15620220252268860048172450573718892146495035524691110038631253549951840077252
63543019685131894585652272852794738853335571077721762715336732970997072403019
81522602831737185711585752440536783858493532642326957330165124884504375930304
53078272910548555827270912249403166945072839788275515861697858399526255668745
94033022794843408169515482743328918656271806736538712691443016264601780850962
1893920776577866820294192183852233178015151014215555095275721252731160611288
66874985577758154054631312426088692391035806860002550332682337340690461462402
97590602677905699341800853131893068074224150779734198183672588313214311734011
64310422071881303662008920832227544407609066318125010076586908210922146483209
44555900070348256862853598822465513693521103712979716316463507210589319818509
15009617754677447229294405006829087067736771055911665970169700380874610993211
65549206236217352747265420996948284037695592369963061760354040089116545426619
28645133430568448119102643256680124157819454126258621065657691504609517833860
96029634956328158440213567374249547967941011061890083032377440696079782337358
49984946044898290231789021170587522242110899898233306124791129030761371418009
4449902736402404974521246050545041193819773906557811081847109160614258950394
14941556539140302592735975907987153146800469651709340087994489880058825346824
54838766990667209150327469356826647050383975030957696420087519655504981494501
46549520189332535833676594837106167100983073620582565857645009947382974470279
89482102757092031706659285759360739242637272303363489730519487655995955791201
104074077003651531306499925690022258000125435648326379227511011511230033702073
92628150125103531524498557560643331543027405749079830735610031246719449286319
114237681216679439419245727477649125835522821832691285510925443049741013051468
107424043485043563372679002921629675743702910551910858843552940440573531530782
111189976502072583150147694937621806740492453527757758591189441572589966608785
59111757047769776591259619442231731122319905279341391193533231887838269819288
35460248443639575362620923411348829600655202694882090352182026227116600371329
111521787401402042214360825768452306644966531136990745281359532057055962888135
53010690963305963964821800201532920903454473011781251538172790435902201519351
42766419998485926788881381218273691580156704340814446925458189495319981381664
18928374350646571048503462642657698238571541895102987732364886751648772006527
111975828815540941282726691266837005510305301617168887554928123578450255060971
94970350967338802992655939966443226972985722467551090351512792846120940547199
60575347240237231645790702487450706538224005854654460934340095298589768505243
29232314549207160696546761635665507164916488282052902832532655541483425645663
38694323330648814553297301491300774237073264450025094434731381245151826042844
79698951724777620773772573880711123773473036454572313920563170761953446671891
27459452150357293043045161532019262464800473542892319075693804136618869489480
50061511532025365253388003971722878240817366223639776788763913156403686527024
11463976404932328907238680047432611360308964185530560352288171952861317930530
27399792905511650852755741106858398007300411728822771235339800273811206992120
19222800508855419288454007256924128792551150080692598551845091797681650948783
16360303743969133539952488989522434178348042756408192535526660012410990897250
18831299319506014776999228930032082896069954022747854418657092677296725106836
38253692743080061228358300171880822480938155470657793324836528020233246482443
50344907993603865731583361431611214418922133092468446816437031784463867437379
49238092330118760550886010985971081034501104533296325764179805470458870027353
107925659227110245157126191647082181486560250723129245224038801816151802046905
23521895844214106949531567763700926967956046460301471456585626195863836811194
36253638060846785761839931466588152305283945280725572251342921015209438323648
84546511267050237343103175989164182876516122171699699543159321452097607350773
62608404966162768351668896408081832425022801051281534423482802422243645801024
83844462717935093029303814032482788559283589717651110373337170563851403150770
58398895314753398104942164623207832290167831159955703533303344457134148505441
13092575114250324378016549360064062889743016815166839988189152113961341968799
54321951268073513420308913935602478337350682300447273095336028189978987608599
20133782518293527789733729165045453324745223766048509834137084398531067025715
39184428855639356087151522277282300095273486098012461278579464910701320702114
59384805680890113291731447071046430647124664089442921313206126328131647000544
22684628219037485707254908643992871179973415226188360575691305260200452361756
38066453140392773266722748098595673840037576802678159223788855439661895143015
102733320058271648250010959729618167035878150992772596509541190930846552691720
21069372615240118750545487376298022522909095329945656259808064536217072324339
91435758213531895495750788448921057670877587071937307724932144383587710245862
1343735244801597017245363599891771378402210735775128377135171276639276417945
1832191429708288912724515124599585131486453151370758150668169620739724211396
51615682790887811675007467564413435065922712653484742819704336332858648481773
52841842523442968113446017523901092701302033060275852465364171502996047590846
34936211576537205502697943518704917916390493237614458735497550810041382932410
71052340397501349164650233354578422708547889987538819360731908859157830695122
37479228907768355874858516956522150560890285706965997247635668020070940995618
8265736371251180638699628533081755356128929377408791112400374960348444992478
55091386963274458532710773729315481425056464115851577972853850558982580914331
112450497472899656522472186558813287005316038025202395686570353113724044046630
115533857215450746777774347019891427387624464151209383683927388311590197998593
48095739085472176563820310670207843107835150435146010527369071498679006162637
80940699123747891745656389506384563389703061782198334675865078464187081854287
50445538931289133483806666401201380257684493209941493099067542028217012902994
78029953731896875112430455274320390194490091130787519732554605617473362197415
53164764318876531808080370429133599519588469666059500244920759447049764791384
11369019260062520911240799149329259427819846069025058607973583434974772181934
9035558102616432706236095378476729540862566016687351957095422736471724774560
37066899822610836567347362495988519099867712181191490422669734003348420776040
81641403390202733735111707118382391640076161198304183079879877722356719507957
114651051614646968407073381530595888956333117145794276704172326656588874428319
48501461375658484427043367529662658715370498405095559277586001461517277008114
10844087125502239540483999706560637649604176600083256201135969913088350254949
27689644552781702318160183636167515990238634612787190116629898855182460040563
22484363671538427264003436379438536490668253517850717258032736123079896086550
25584195695543021838985959830540721333385569126758424162070879288638111504191
38725265972993484230597643068753975085282761396567045060918533711926265604157
63088521969824602104884547359185990151353852274453477314540776959480453117862
47065454957709281062208325562366513871308120938835261714871901112002918076431
61697434848715360353113286248763348351856578867216428503258064436610063400298
54211912918435699529926435646644150931026130131862863663196091818498880770779
71293703235275299954512882123716057398305927781104203414649472415500696375786
67869166068488788007098603481614835250379975796378916866876073953637426761955
52174109964534988720114323248551389850777809280547333779458995092452102239463
10573092537083974110616265712453897685508261426839928241849831538539855011469
98953732784735609425950329910594969007177092380750152538680899006432794778925
38882023917067207547172959337068954388169342669716015356536876712090162384716
33568379381473932507206305010279461899657626364798164016059764279834888991352
101367932732867457172175452712632469775185419756758600806664516328795566821203
1397196943841378710407467361297896227362616354752757191808076073223864705076
54952577136426969380501050903020664389598744102853292948052699328445109112605
39321604598446906452079618918841656554971233296134070333857144737371280355795
44620306592600065243635634906987620720397029856484089650347178109655404259305
22958607621897244158367895365437649648910319795812046751726955738211146298265
46580074727173551204494353592101624148962683822160030850637799065126775242406
110892004430630912844160966841134114686486407020240518685305815856345346908504
66927664332366888304995688673670421060766521426046375553564109765416303876614
96396659308562281702642869629633940507583408089378487766615263776269443233689
29270573544457702929749219320905648878467773012644697294841774631508269486293
31479498716827646423376484547764019651505752114745194279653376831538208139562
88216002333092882374972938510514794729045250536400814889748649940003552485394
57445197960739786070383176147109473231762551336819003972557607314742157051916
96057844116330329680263433185217730507277176911028053592277889666920485824413
65459463064811326463716908807191890939964336906742415442573627739413446343265
88319316099868125891117577712478262713075057295723419729553667468593990395254
65725674240422918411877378312269032623939088603480195989320382838828586499238
106897454361045632652673413119129136801071678733780232007152320923384567799937
53460964291860582016090743264892650328120702117312176128498234619798184647940
228489821668292564234517365158966895301653785220345078954518910208581962502
56326606868893651726223278134981640034708387837665365480588567183217197379474
76502020342315370746355895676023505759585815287530169975628404817062432829522
76849518117357758461674721803460786618674642428871848609913586359108274906173
87430178127361014949401661700335173569816147943291608821950034473004983410437
91272305590330379810563387309192425207462019322023906671486479726151096248047
47893447784603507142371562260017296043169270977817571665673236996514426171919
91826911846670602139087446240628571771317701744001753897963601981045453106089
73497246013150357742973585605026291866938952356065375979773150371455933685742
5805005551955538158592616346620391274761425072971890863259769273137790282639
38964675177556813670497369695686415481670130071799320115201498657554211038436
70783751593078486121867610336490882834095539637793893483011100471234968741731
29091804031642216771129034800129236012344798636525191211634313983572333536215
75700598873619183881185992116087280965273939005694161501620674951881093073880
30622699114749687436023609660291236777891428580484132279645240253442294074166
33613903854297237268711228086362210573556133338738402148664460568832140526445
49280578195711228379502138976117163092445002012289490909205145906367536220939
5200409322121038614110050055315924082382279997716927150396572499009142488967
33413788457666961981746150374189340713003210710136398794657150898279421593840
95587420359848594508199867230854318867460879171398262895411955457757783700936
18303165034871466802923988372226811489652923095825645061299478727417376115449
50059485512449321018399873317701426151023091700275404841796575551445992821661
92113226807382814657552754547741746811085530589239926139293085194984959102951
60324783893818924266547501943398631555580427125177185909251385873049746541082
79789682966087188808929620617499825343441002725709237919467235207465789625325
81722181028561138098615731638651241706232205044925042685316251539999436447119
35707220974492290091022258902076979650126988965761555171720929637984363162575
18885009756265224491406590921425709943000062881158451927662735637773450580498
32181094637887327919819395867012710011678377070052273967352252369245008520448
17382131173413832720860693019764037884365902608749179709933744996196146740835
85300744716506336786063090234393259034370052843247056308645483627446390720469
1990827127889545994854500753203923865556856570866423521113403280129169395952
104623732675964172875620314757667614715602467232257610727723618957555487954856
83960284356201364035828933615558029138479554501318461575768829196783917567633
96665353404483564579519369236508395131859491471757703533303882946013942260838
31880351908118096009898477070923790970440448068867281655310243521810222203515
49928264515565296348905700294885103817808919382336678707035251723198687192765
100293179448952864893747343376892788954660468718449492777257915646068446540503
83485841491092332298987087081317401044556040096686646946996865065680675605007
99000893138015231286849346563176382941017974260910824330508311644972769083079
100443430255418735637227464026696192608791102451774883843207441199248276650293
26282796505311955626833810722383480672808548013457716318650579589824429455844
51478543063383555037055005262069968514305065923897563201832794811097794867611
105012787362188576510477191739164251590899000256806770111869613550213242100578
95098080946399605108200757677554502743139938736719460744768820507330521141169
84500946093657605695871494493459275965229799302605786786503117455536842318416
92730052997763747907390943010330105297675441767220519549813805498272381103254
115492295868296556352314476648826740953443167441098488773311890915356004887800
4893383399663029289152568093201652138593537554002857115425819077045659597425
95954372672529685694030848580275209476877048535913514720440970730209771081154
1500109424901102451634298808951873968436947216440495093511211051715249920364
65824514162011644953876522805607295731031200195004283139764540239375265115808
29263180186783539142519100963855692118284876891495771501532607048003563666448
81553241688838118974231564222748846744107641710493794694020692030661090347590
69565327155235158154883565918681033018650664824221648230813569103863700106159
61638261076444149027476845847036915332352961275055268930397422502864430214014
56204954391618745623560128239580626404646819586145412257474143146422179519526
49559950704653930060846977176249219421295050517376921806913709344452138006739
42850009084916499629089207832771881071542990700009955891087402664919962392857
57952327633312229734009860520453619407352951503648040586928429038035425638674
77352744832158024608253493626491985451119134386502077395038893332464099750692
13947193481141225298138574653321224407539861040604525395409106494848413745492
109332098587541707405264783173887215700903015886701171668515770079497375592658
93097549927154512227311332088026553445771860759078520164431367761344107017155
35312889586113727736819155024739991828664277077775087825133064733533853252030
31415925176824073306143034288579582269139240759878213587899455258993008024073
70639701125483501652512610926313781294893024912433777698902797237660044388126
67626638514962974470615174589002825173296707289863787742801845808421945657364
12043924690437657737499157333150204233160498280756320301327734855379205017818
54402083584286963686833187239298085797873278842087147794066844667424107643525
1772098993443178749673475506924921630529425969564584721361256404119874051481
102371939136098716280182082149870965543045316504507980601361546923293779246338
48210075336352967042781506484422015045847054075179440574843205296553821634719
66734140633423834554944742850459597009421622563284590874219188034672727797298
98917986822137724000459789385153432549337513865448144834773044987684714914161
28960304040105153308125369675683842032802774199720513430574586749142032864403
72067074779703385107733541272876749095623399949494585260222325149062842610507
86145751404566811256673327824860622917322691899325715445428229739516201661245
24967671474577066479781661111359490746325240205446429756436391047544886053390
73627894096432761085096851253386470893670626375679372407458003590011557890664
83426119619488350170484115501510166179616197411079558313552229365884578521293
5177121955692999432511988006545301357999890923853663646728699415616300049804
80278203032269308720998132102739766305452175639216730141666789987172487095776
3364310620332793398247817290464025094161165111444665031119923100718553336420
82289932591129185976273899309056807560699812997665592391893359972375868727155
71069533982173654787146486123204878218863014194660838689349151409423528329111
60896689179726089138601881633468475168466285870990478676497558307627873386447
61995375172068667460367272808954087758533199282842710382842017723577907226171
21206818088008594363088588061319955459466103037348589048730959290453688304235
3262437442335936700841864506550627330525829325452508847616564625926717459915
73934357718699651462216780568903144938101112496852781743893328924910859624342
70381882641725874393190987784940824457865557647007005720452167473584689084676
46489835898155112969058370578619265677528988796963119029635197247847030286265
27747304852710668992735492252224663178004931259486834442000670431044735266008
90960031646932482850005646085808996928209315402587976515706979430326528868232
68807715532401502166984828281880136213031837104092631010006398156464726223430
49738941215551679586634869118860543272680201090911880143526602819153835942367
18581800412961906706980482592925749505640625571094536999646580559823924083121
23159883601583320293601731011789220682169884154604074465936894195661832833686
112121800190736441640896844449816583466112788956113356244777439917461798659830
67961360835114382838094413524301990399719327455787743998986320901735811003410
78010790822010557867041922860709704142500954316994507630251740217900245013693
23614075600671067620766568620958380110800747379649105165374238826358069414287
106381715617671996477528854310083707549513156524333378365926191120494202796648
953346705963269735389400998144318371597171009630040551906769674110044347120
70700250985395185250155047692720122956641022488093631069441597622189000834815
102927238738869844112118789726317942820664202869191331033622570453588566968948
88795367363313497668815029339650262214416327904837452360429212274154404732474
109109402326019799970984889020233923043728388510003594031106068353885887064584
96025932488889994094067956323917976693907193407989915013938184683374527363891
90716346559652848872701950641219063207623488293879469697276247556688289498030
63553789151435626542307767518538209752207074806663159644335605806138282667766
69918152909131730157396057325222337137486180576393075449102539918649515330444
14254146053115987725756340365894801314586537048157528024098730893441963544076
86455909508843732592794150263591228468485796277909274598796248593349275817768
14943899262169827398894368989393758289157333840376662713783783488542844749813
41700746699770796875953487979280159709857266108020556151130475894801655277370
60343586981090231086166979704650369113904353884922477760891859520870427120900
100935405922061225567492422960864616954005694580776918138561422153963419729534
88734377150714443046574779234506686598053224762363410906603903544085623695324
4437116675624061309894360449458015135547519842265372188509878110632204231632
90541082629734913394695864235981428091483426848721140253040126165757187117749
38405399164295994531681748346046179293418623360278102605983485259959549395174
84775041573698377339331283217280555753216429288099864276492778024556849807601
79412871390341244461385373021126604916988786979184862123679000150795507627155
77571207681980005404497290626493364941460608882140117844908646678420675894550
100609179629637066193079557614096759718361413232795746329766325622950052761929
84328165112889702212151347453549446871365995683945967950172328466081591681777
20339507905553816781132438810697233691368040430889811213652621796345960519020
81619963081361961809841500359760123424062285010064824739227273247943128712454
58767321419894355037032321542660292528619845390605103911859165792891189955200
77504563061397457494103196081874201669808813470002078290806308883988715539949
84133096789880924410633396072362648864597478013362440194030240661976283092082
107418645133003950806905258626788721761360064034840167102798114777619398664720
84691531658161292271435597499669433874401575497128881648063496309377886487042
33498534812695383222080912395353965627558981644490867860068636658205884736062
63701741817410950563405566970593592127057877297460884363596276295120267238088
58881431258727238539490404718392178719893005779430445678123363822111269307863
7130897416734755609347741418255132819900939433984051690504398674595320950966
13674221971383158031244045006632496442288981137620639904144447126867716274073
78857485967186941691927641894004936463524082400815313653970088584002472507582
23833793990386944830383839671072663048549976125828789029423385633959231414557
70355287801597459532115414694317753599511064910672065186270212132255587212556
31069908498602317099747998888689900689887343566123645125029513614883100140261
91934269685737545185128075101486263079628835127909296696111659138789596794384
100757862724483939139484750790630538022219452846999609283285105148604748516307
42514257918731159517094760675182249275302796016194429552049212112151734182479
41340367010723337818361340203431789820077830766599165321336591101333777190287
88156487366101244833975978966274186226709393920543580301569745580244040558838
51588100371605809393790704959445293029648659250722957998184402562156947037713
52081356549300826418084267836191914383570104733213552087236587040565680561374
29956893094879080714252297655513779229515635921464580320251751215019028737622
10149280337209081011269328009781617198030160943093877446349036866938474921228
11979803914739721394173599610002176089687816334592183529795502951528216026633
93926392648088096875362493222111949102008892020671324072357601104357451534074
108597987252145749647912981223567519870032659357449786000730048003334938391785
112840464289980634691377908697833713672063447232006710705749126675532613197858
111898930963902148636839419895849587943950172526788224072587496170476172469238
49874768164086791945875085387187165793940966090809597849258383191330227660464
10292258248396540094593179373083477354309469327542273546130908982345645154040
39017045914905234848852006760604611696734027132914402710976587710185647080955
23402501643838857557608572645196910337661370992086032152454171523520036756320
61531600613196051566324504908957654720619947081266126555031829852288332523454
96266193458070400063075557868387245291330293557121297460192269209729174267025
91023975924978936627858507410461057319589929837953312287585313921534138190176
99021169919567593777620617193388217894648636157078563657416143392055599309201
19489459383200950214665378485752159759941189678003603446074696038059758911983
14234142478326548133446216920381082882574421128861683660971868375236075873800
69120111786233329142972472494944519333920515498918400394319415940047491672481
82054225373093628968911337422231703135243908085869929087376939363215850664234
34381921030016834561548665143688747739240534826575816346426022903013997836852
110183227956847180503783868730978546243276667542431622783369966047916216971073
111858134588000638246028712546417266247287357197224283565478589435205314354040
9964361371801384958043643024361857936360102992076255429351378790721586826517
85003133247583636884770891822706517140025887208083812263156751292681389918888
44420687578009068449134045747194240222530745091062398076019158870498297123525
109660240995244592990718944321613609732040992723878723135022059613540866267913
41605296161448788434175799239780704670397638300778620671918315674213093605726
16846380786137849741754197931128241821569474570814186259888833122844136359945
62917243314571377639568072806288059446677771588186529028477539613816981369536
108369765446498137001934196748185080188370104273194145341329698081351714103980
61858673008603132455885064774710909490114321543219065292128333754533549224871
39570332536108263729497804472926385168205711328097901945335406036200950979401
45203878047197836160602636514717830527603863172870495803459088125867935734844
79496360426910133436182880635513540819708346720753524748075563288617388258252
24088945768937451171720838488648406834956030303915424248322543965574549109446
114641985060603529244313361249163163000470623667477679217210354153617145310659
36451729722845281437910804424405853330338867707451274194719679166028406844858
53927664859011930966729850326434477709779365668983718592772473371588637017307
2472556130113778021165407029637907354199957934593150637211107412950429183365
26744208694168913225651271007038767007155389697564662690131691299705912987743
85172105265814797525224364107808987508191095799668183766737134151227647391425
110553752276531757926141480820788315030627717953745652017948972861225550305551
56045824538142602102673335869138057776660708796105690107288714756925728472683
2019536276832333808581350115283663905911503569412622872776214021679587399948
106265270245217480070724348546542068193557822332832699628521361209059738662140
112012562376650277675459489550172726540639571705466074900691180927041991026578
4279876952267612107783514546398715165249864986947326133364605053296133034141
52668361955516489891504293850246366429039799456693060934831883194365760466136
17832765403609672922398459798929279470938135274070167180424442342258297508508
8334460928315634715144702670902739387108032351404613880334749287064053876114
37636001195920190767217296237646758221092479159096977694781291461946940413986
31566321613178066263442549760791587804198293677661801885540890046381609963218
69800996705730236237716269300850534478795864853860438023260460379456459446751
32391354663780289218109026561587715118297722343161509540102716473763852770650
36514302444709175587858917321831559323369143314652769424487784408924607195197
4523761975754511521358927508116849581955811586103005314111122463763670310660
76774646449501545022495698899859889170902226892837380801272261286639651692640
95913165853203406247813228894443638399253334936237811168379770460391045795466
8985758410139008831772229003915921371290640599456315879439122215626269257401
72382987702724118336222203072371090819700732105227330723332015494781051922489
51845698481865598707301006692274736271933277533384156874346883730327318870260
99381545158802807316583932015644145466910941502868440129174259019917258950513
58560654513171068141689324154149259828159483658601542189451094288667283520831
31293210880307800193721176977398634272278551948781333855649593373759546939868
44265346223662291961430030554328302802855442216304360678364170962582256950185
67919618001570144558888315828515945071675950650395611164653656202094881276349
95093875840644714932249026931144801486825911547689795410510199545345883758911
94101593927730462772970760838403993772649139402838944356513642396736219042467
6474926319109228671220395696523817073104336426587656080948720782118234140600
87210823914687410469913359308989925973437932895054805388045170437383453544733
109725538158338939603815453062055476908935005474163289898833540726618287067603
107559555572622890809144068586243769466875376821513247777249210065956330281483
55020684066883059644858982214338106337762248085519488133018041574908992927632
63499406315481638353596965849461657215339019034965916272988034527362843436051
18725182423561563038820727743738250065381081029557435446182716729683251692984
23875263833692053320034098027705704822327647837514877072723427851342158193481
39937261997726410683440476517716152455131384049690425999875849809438696472256
7858102835703962816489560663711205077908291644021697460472714664786851897973
88994469157285285279568770079419250109507105717036740545849501879872729669880
55653074003796266135379928841106649560467942623744948466669893894689308439564
91778661402468046902764566783148549491526496972542114842404735555584639444692
96639422737866100504069794199188457581899807068063871599526676124417210072972
55065941652431977068743398361503631027569930473213241285371670556883969941193
47825478373754639054362195337852675165865816925874991789974136953616650871139
114649882105790140282798777086321080547109638011838850759589517729526352090415
46968073891906548616774208262989994349386387258312117343846539216200406192466
34707658093776657628625176426526364034109997082479615034245145053145916838127
109510348638109349722394069005908534347142547030463634009119232360153349812707
113168807057385505707726210205645789363370942538590009469966018872224796641122
89741445506919014841886340729821203629237102904357799516006213823489776154238
112704145082539417377946172472679925814035451279853866183334714393256329046395
9571690152874595625172060852363590682267539691905658916432839942118111354921
81781912027889879117141390230957020594434549560215992673834566531602387945690
30707778142023916417375830267768751179568655091661131455611891720586497813022
29359595620912303947455198919303643768377797559067062493205599339273486185353
111853459037371905759630410456717271450481287500179712236857642713552894201494
2369900539318628333254392360098987208814472389624884669808115425982055818081
15927014716047895196407763741569366036257491729700881169336089028672850211199
91765759150275076057080016370298639053838992360155195531984241073158479440349
78960331523477644372181929979195725609484273017444118373726741106393358220577
49243065836071467088135064787541071317551713087629803167880852661148977005729
68234059157433229758180858127657914026451493678330354715335671214390457264893
86213094335977164219334653488995275438601719110936393876538273294614795233341
107513946327069037502935191935584830934504370352829594896912194851173072656435
95832989990311362891713100147389174143978176167055217206196350008363410634395
88946982441566017534932238930862581353682028709897787160103797482108616376690
73796743544673480348313702296964405258828423115450591069412590064317745978141
27438669658994639976988284588693663619948134500376511488536462486698999488995
54346538431660929036087800979215248032539612631239342258926048165675705379925
22317424021574233589466425328034936315526916459386111646534684765158373994180
19427579392823960230450974138956991832020824053444614793988716437225583998198
15378152514496595552814884539620280755823295128695013589561148662167122606246
90426478876711244376116702838801274637033636171914454095667690027402799586358
112014225062436873094347478960512677409237963519322316558318058618959811529213
4047449395003262078550983365617971274860470519205985964221756995219537036102
86255296337457397793094502962933872715017080898472837313747657712201069602485
44468586477353697792837663439276812651308928287185577726270587399723185506201
108999321490301971479254421048796885668297561616963693369620123792658574622708
45485256394315571957899970255743517226142720706062542437507386312068375531579
85056461719518255521669453255539891128704408089228738365688815473283904552964
2415203333915043018753737044900464667873181658907370800514331534591379249069
71412230863977095972928480688482546480846837253862516367793166955410866372180
98792745832553835784717313473761903159050648142416364481597271975678236506573
22736492261280117542160980599560394178880222948614461958960064357243354354942
85279207838822545778080459764610079278862052762308722495305216210661973690372
115244761496224497129396298794585327909876515185799236743910079272285006727406
53394857110294326114584598894267869789221216450846775799081052047713228624646
90807817758258038326405249865935024530967637004872891817459106534911469675909
83968672719438831005501610556121755248661070273037539678655005078765797891161
29819627044126553303302672148371025537859830958025851841762578438630329142687
90423454196444906846904089744694043703105647908802129130302064505431844773778
72971626238213096119451897930175548475378659891816424470850044622279291926632
100174561092174139801904766511438042828510115421630970180782069102918038491512
64749644903395490428375254512571311721542405125072813096296602974824736035304
65577247433965600293161319522448620555634387347645332203812435799557348766569
56137764018936740709429361440596206240123771252299932884661909050773707745426
75685710586090415228169948431046734737578263480257777337079179798118322512972
6236526366347117159234124874594246884151788907059513072661935573781798065393
111183970148051581539519901998477480311959250335464198668784493717278542687833
28900863193451517371120496487450763393763030805545809005320117058001349415754
93221206854995660596111289052502317368934779725860045829859197950701164523939
22619993723690307329047740093828710783939294496544502140074948794569731031612
27847117837553245351471922853845296862089993620863033904369280912453798600512
33298065412962475431181540798164851206699217460775450247488067183327703219168
14476652371116849570782827259135803681775191476186052630865404085898032088998
5793861186013762547763381884439300705695768154921054059402090264862547150521
43523294718206358949487052850619593296565802420080693034142076597603639018474
29885905839824745376292864682333862765117932326662982146169767226671015401956
40250819113177546153601459066231079775386679514761705732592322800071907737581
53460764876292652427388894032772453805339807491135598211313092031501825613808
89602945925778152879098186175447998981280005668666991179662986651450649498404
90337335648071626386151894734062488670498765113495035988444048700820555399859
81049311923190619220873496988968426355755119406224271155170076704329771345171
59167684188444202380779427286665628374570915516545469772511858506605238972914
3721026841329774245194860545683029086741747318960033692900384355349033687866
83923419530979606634002429511316370908436813401460533258391594425517106032091
23876582993100149985409171405524595374023331649547164122181803462581384947343
57915437768652823376246334218564701354769864236401267704056021221114672866895
53989626006296572630648076808886179014549795598906582419654712263715958824811
9190200217963709161308408014709519212825743803316393036208252030500787090054
15130716573793537484556240798043902566131384815835137847174423045859956710524
50527583742606479556463538552621269862331998010485912989787574943922816559981
64442874274263317983863462035539993380161974928654726288848971815460089215094
48137934991105583272546885048671552783255241711217736151274243826589490556996
7599276979144685166866728095547832284114080255915885513878194403622266809047
60299200433191824099705608925585881998188303491432750046933373655438653155904
79965874721878607347913554492670185267954273505011880765911848584503944128315
106229241015239874782938604049408745666183336934843241892564399642038470568174
21086598402359726148635655648019934769755369722896050133397969729542212381812
106860148823272090640704845174637827413245774642661969883904517302523883970849
18770489981792548604439790367070924562290191126226179612008952193609652452447
69147430916863411311917363341835837889717643174261817861600387373929940952988
7919924010019398722953339474580928295420171359201138797786155249914083698641
4617726842550961930690270973903819878595621707448622898832801111354351993061
112037057744801815744708840471637340163040763126054141539386595921703931526739
93150648586518186820455280171581608419949774553600242181887012616955313902762
84959525803067647380193729250421625357541816685594177370881678959964989437925
1981156383628943974336791694237839280941050284660686708413586769774021140893
30971258105007779669499399351762328565608163868270556273834823784931260801849
3834747391473661977117808643640791151928378168164112479731519088653977848472
55297224450388538715778185897244510892084021907099391068333221703578621360608
110621314088066280024740816550852000681592558034101835811489170949884525184575
91421084211312697977001549603981578992166535495839425779874177403044532094742
87046323662957675796473703257098398487183936940806819369471175317557450255373
30546917509911170291196692578388170584197349141075648908761909402185986344558
100018816132737437637813789692642100806763307000635068328758802694571902644703
18881708140095914620611390815418736850955907348350085832613644681912755341753
70413724535335714187337617399159972241906887416877966360687137535858406996020
75242289336728971752663443129330153655738678680814483472485348590250439147355
53616225717088273866728798551877949182573168047434882389137482433473365026341
59905308709912894012357369617680948167991132138442636129292884699782399934041
83158951641387531114157036282518827773957909980352845565461518593968099076894
66170180860195216444618756957258358554968420632315594386969736804564758275445
12796384544366052718532292041835531079337165374859028084664176042450178631579
80120812730153901228011728965902775471775133314626192402051771711014450733681
1442266296769598525097394075721972741567378783659453399265242660598865196218
98138225210998355220841353511829265358843338624446543706135313779197947013100
85564251673331686903296213243299501968598477844331796461115676546776240408139
47749658159325944460003290886438992756641350056627279521231222801614795457973
19865036818202491803853453737306983064185165235311634199629219149136350088017
110322667691635649654925512224643197268642655851932351238276407637520571485843
5924395996571662340234738806816130360160244695933823404966852160727453282718
18239111891394160453237023018395655976109284172118272977866483689115079786181
14631928758635669330028296342076652979709567701573760169897025941600628392018
88855946436297223657343011467636207305378460381751163152406104399837538307961
60370486667155999963346383055886245226831592037067886452835103374726330907933
11877956284539093261103337896445205331208106360814269055067356666510103098543
3201601517379498205374138517917159983592397072055562366070380052955267130206
62259302182256783901671097691562480903841432380407300014101000628395113973952
71313115075258262515244483210761020973725574742471702151364140165204357762449
81284238446627236958639744303457011037702191025913010214039604981735598681961
31928163745905938989161156047478680691146458817815497027878251569313029509147
80532226288156143815274090470947869810393160773025301479350526642274767366439
62756705408397249267384519089549610777436292401633025431291897518571504062593
1693293390406147805243163776664803620368638690482970146398252432602978350566
100447634608918122173845805455685228931408312258700125227059126915226070212405
102445069826488901745433472827816489495682290871544889403042408376150486349084
73857520999482760751540877738421134947596992214959153998735798583741246336740
41551672936392445799433333565968800370536638953369883602249933987452218667016
16306025056391980056651682212129482480918978452209612131580058361842124252502
24677437573649298577483127112677417963215641434050490629069150672647699390364
41877410129501649482745285374064160775693897464011425151459192707145561532659
83920611744494040043737280458959569782869009997674514569215670293548377903090
64011550209417611456652939753142937885688200807532156497289709410741651130732
7725172019112434402642986885121029089186966924845223618541194105465331023563
58012678306031270016683542381468637974225548109526835398088522242836108492301
40238217158194668613084512688306111523319910888112357260512745419440697507610
13964645423938655300093896285212736515940051580327962184194783003464370394790
8788002155513708431945158082667960731535938515561280935820844884015286106676
92021853396029728851977532922358666469538996534171306677706258654187596935391
74074426469883499271167217685342184532548323168817417347701959501032424485281
77984944999117039411146699573930810300250043803346004117332378821033325881017
93042211012822492383188684170028032187391448530474504767592995121996634900651
78353641602949062632040626069536894195765718920871026286483875439743026338542
57494658670436085065998152739703224964345821021237311917376437810218996103023
13182341439864591537549245312150523751699998161785006247335641828334789350201
27034184103941763714857287634469955244906316732012185477090704914801293036625
71293092298367141840258198103414704884734489061668279309347096182725365312179
40448905545040905118155587757072413769592629651115214186710616092533743595222
40135806958036655704810158190684047048238734253044493691704410147406239467618
73443550015285139561944456415581619400629855354668109784143070485829876136947
85556672759210803916974224540586195981850762274949049557622462173021523508448
27350903357557956852088314284022757010156144225052313830187382789903065034666
113921183323388750558591057573300249805236360231720212878659982715767806191589
6720783127953687158748725341555235585383780976134874592478939568695315073371
95959009053223906246712701897597212894745257442493021737570826182874304731385
92181046100829894136581796465188139708724766265984749187832030587832175464619
69693079675218647736467986012108965642256219150153259976743689346410845553410
17285038362238768005541745008984156692464370319248681370584394554826719396463
46227411594422336146403841966600053023876359933214899538452441930418503218082
83406941955036404733485397112163856640713581942312679269332252435176712352931
9373403637229873614606784998019410152646343575641800204738966343407683851425
50270503262789051863754099092360710811922719132764585894933657507873039173003
32213217479105750476632701996801020047449839533770598297327341134150614329342
97292357703899206015042100050182253744476795406428984495640456382682847203290
34652190715839749183801693191762520126406317241926380413219018119313176537349
51857967133661568091758670212755001911995627196667436785281249893067522062116
53861705597553116250921132652419165122772070292462857734073857889898407167296
20261859448119266554570624526117748184888973558506250848006043989400386463035
80551564888535719284251551690127514365180020168531542690864099727778352042245
79525362454454611795741844613754909915581499037218546068459718462925889698598
8759252711188078593067783081267668707935129167555797881289886008642571888980
13172191143971842049380137390362350427461401757314731864319501663881925111777
49632180690522764616216932581165490799237434229613564738121607548343336027989
65380827088698651344046389001184951199716851786265531065672490268235748937827
57286735047589032011258959712246746193273633857518972043083735842417382634042
37435302980961795991827012476041980569063151261289027140366782731692499938422
107451240266314948683950553846058353617159186141167106266020461100129484296714
101383686755209285749641309978171488074409992188293086304405234289584174618671
55044799620688600650406708893156498424023168218177735704581755186604954843415
42628215162789393787099599029608880101884656654775620284160884403733580350666
59853052989910940798152259024500526065937559518823279568026287629586074627382
19584454351845862409913925166023582597262532567176649411645657570735717240628
10541840019682209512143266622061998108257646105415735691589321292223206498157
13987402337840445644982113305938067625139619719902313944597430257577478933738
58202934094135723198846403128760299863578783231390862738012148008259073473554
111721089625779835552638919240125209736652130430763918280311306328585768409182
95702072447736799255267203651573732956856788835131949035121806207553403841840
34403765949352528770717528837138015672970245897361780447070303218998640442930
86112798136397713010047402442832514887380205658859797220310224449889773148281
110576925409456826126758470693091794616252107226064583625876460720576421984238
67901678502470930182471684974984358004200466505386288950143744517321825687780
77546461575852803619827368239426220525328783589801117936297629651294546268836
30734703670021949966874332662985104552479006010932158526484100808077734915896
64822609001129630045005862811533679887236671818511373684407016296144252807271
19382224760445428638072385778969007345750779772056934278628799523602003936780
871110054575824639886486761936876797240100405471583437149657583907720968431
381401201760440874614053355577282741532443416175039359620792265517050999903
35228165885142191784406993229633837853995514133892410896531723896723348968766
112415944067304380096074074999522701973442048754135888555626682327417226851090
40147456371876474651606366572782671007534421316257693607659223816036543642162
98541183152676813406343949878277994403195315306416804300516257053013671308163
39099447154052089890084051822847687770955608613795432573280634676644540800020
102858222954812388671054601822441312568958280447901594472055924629340014800206
53800436151949759583040018820383945013637274109282873318063367654417080439347
95993492114931962329012904734863300802604700921459255809218716924868758651438
80648722901429816924223506150772031461150391155576509752766016890913910150977
114307019477325826888975977018178999382983333811557319191391281254517350859817
82598599140957716128027614120651833723648566146020638733638299109645139424148
17927636206811581546933211841497469897759419416491424727071090041741050112597
62424667683554471953109498860270075529114599405945199194111263830101192463720
68568145853495863412908320023504192149458987438899695247724797386941098781486
36344406742472946275132446097874259340824689467273280672022403936517164095460
54228580113490627467760973581978734116795076335203217451053999504525071120630
97101328413834270889786059112648976123162833694963201460157679022730857738960
51454260069993812435721145369566484261330483014502750882318100086128988516046
70311027926811814109999931886903487592234041023303080078851421137772774082329
847313900624326038003343578447823093909429733015478347436348658751689867275
44014180241310305275867226126331812446282769161512914114403833759038224294339
113882025416173868492214170004431322529355131399255106357854996815422665492865
62976720955570685485847753430206618325254971817070395303780001675766693091979
63636275132402236716101434523866761757413640199280149232741704446600177863974
108753062200622285108942737426488545700832957730530645677267513843174385492433
31655191771472197866832550876506024066618409140477390353466977331984821343942
71028796395812896314914125318658157688880253512650560731507311891380170539671
109361001512614204570374193553070823741104702486345078355706250499793428771337
95640638464326263913953152243746411074544471133966998566462724285112012006861
42150568898254128960863101366983115815824435878435742968856110895585504878703
49297744887537402177168738372218717714031451227370258961135175873944514668170
31199072458247931600347539745205767778402243910530255412141263286986528610328
6092686378330145686077401578284790377783722853622504953652451303981273107610
71090754783536527386864903652649250679032760156595410970646115053328531094822
95878717272608151480032133338544713798527950693720725906267628225478176830756
8878334851875335622000037016181098768661990816079011463577205391866122903189
34223212392139330277243660276275045294853375711854994722344792681758288660933
107350094974368314734954779379736102224156015950339839681664026627488205576118
22519438661279247225622230772560525741262244368462153832613421526048129016050
67992961160638357204305386321963348863439768949395772727259643911629451610765
15167164606648227648277877352529855172299128546510042441001826293345061594692
106786429009356395145720084950840196741165177880689905097782861084470208778074
60469196641728065291949872205108110076164114910562433444033373306241606302099
46575411330589486313583904731120620790983496797277825820937605902438027175913
107996088616041416030713348864807845129464904552655606747981633005177609148657
37519418515335678164976661564379755082374372242007978279416944069247953011308
15931197399062857806876410049524532972504455296508704414521079391735595449067
88953522409242180049876677168621881820475689090414920896812801637606945779711
48190922484380487374982222660677801381198407680376883101846317368879374624399
48696040488487202789519915782260753328538618869427146421710987688557241455293
64301254116116355502602749696538125005759037485295278098500144422659774953827
45639418204050825790345572660126967840445401774948343074919204234409223934210
36185554463745856749473947795994230470184076885399900853642799979518178488004
87095315875256136188103920303009348001238669926334609300814472615689811105078
114510496690035131593101993288828241355589833153140450971136239002417706601528
74805146339222057402790887842132304186134461975125846834307280314681386523546
65622199556903489234884562296999631025501529737571742761204490238060179276363
16553843891437022924376110140305974132868807508254246919322667520013155363713
51148859378939558768130698202085146315110767263837107550741773922511329502597
69904016366543114157587849013420115761565565491131162126491360694450320930702
75818626523078723142765391762971624377163424177558744492049296917179767937261
89245020338775753474173070319954241004339347584878378641768067308712678931563
28393314887242219204438176585887058930586775785671110888205633913659001790780
85634516728372317743927152015638321644987044781433967591729495680944536261657
41749573239949278979157873761448146727704293879192388431800652221527274607986
115423909493463658074420470905302972344575035770122032034805655391102142054663
100565003015035464483926583842142121633359662102939238646558054092561966972415
61794026127674873381047914180555507455010674038060663362393580826552864531776
109774586216834906935653294950308999765835838851254779404727517859938010950102
531994656512813753910285724712324552439265401810564232117761054514848030224
79908301278703613652947503235271303527302567140114228155207180929613204332441
55867880528545508978144196818215130988491073285831529328451420027506218770109
86934452799120186838689002662197400527542405508706700905641552820700068792493
81974947831016995238083952066030780811802348027472612976148016009616684689157
72106381334552937727305704604892180935541139536562089294758697804905577917802
21092651729119478715246596492950847737621321927831535852506313615241851041506
57004918615006742036706330766044942664252299823659276567135504404536565994422
49572739278021838963406651097276274884604669620078400869440289197023468051127
22081737111634991057446579004657796043673375693570311159807545451676598078021
90998222991087518019590534601059942092990769842129600451363346698430017246957
15189541887523755874253656370379795231962276152157992671778761033674823019512
44292267671020624839500484401858348520857093833589291109913048140097344693164
19520444539114965132664238778102448486747140592566119236352489544741384913499
28346005852215494840140421290587193930790748849191407628988328307297457906264
34359223333365068956478233439493267891992157006905821887389532138117705079653
2056716111399121077313269927443431001390680593314058710803771949036428173867
43881443537195089459488596808242019612632500689856639364085087056899883564226
110850302310068984008775387996974460012892668938345679441952958009374891371431
8911381002074255974153363871637274341789970747107922247850025355771491979598
97197213232895717030948878509029997791003073500346449872747948186322870527519
62133384571722948902781830976833554701068509906274282714148870944122656288155
42909198481917031901501937875167595173401470559642820924847721708746130855859
80006351566873935859087174329577712778489366422953634597474307162867258404541
61750290571689954837954390893848454791671787524769819995680006961936945118299
65581350956426084723862762236666463340108788407608890235906651451976322192858
41505822026798753995134587205707877691058131967918728858245221982854376696777
49194435650034866644270829368932708848849082856406659134583909442362109501880
111194517501165011200346308412690044153141997945605236162144117473596812875341
25632981271016530433550778300986975473493159993080282735186016224642797334387
53901140005071787001526466071364036748810389012641362427485993823133333548440
113119257557474720707592553552597343978917024473616630837798266680698928644687
100732330482701767656784608330657032514129349479920085143113506074440573274072
87340450303069859476247918052044703632606724081989787801023400849944642998275
83136861926362424805448840611352424090742228611746678418716592468645817298784
44373693826797642462285281375241686752208015953233221760554183758934774227368
12001072718170145561178355615191808436661224341548866511115987589991034553897
46076058051402709151800374050960666242752071638535590351860653227439671943772
35446194962769608883859018343975809465471036724857630699926049560344534610586
66926065066901223784916967089764188395922269348310902424767221728086134961770
33748625524088500182020305739973369393256335383973817958359495827892948439180
93251356918801470712800300516604069685567820749578192505311828695180887852973
15085274324937317996873462723820597233286216060382222106536522336296264670371
68609831682926910163851829796808799679878809052218022499575063652971301386056
94137316570473245635993060952080637012864023026060931201541793133965114281661
101151737208883371644557800394166676193636804133627435673807194751417157284010
43736293801550821332026984499495672078916020964887055185265473753438695014416
91862212778601440180724699192534354989808067146763053660919732923670322531322
79337274410033109655667138924747427699389582478571422810561112938492379185481
34167928264188646562693912872447604942397761166724391485443342204982748309313
66354806942072856705282254543540796884829862609678700200042652208484550310453
109241365754292902267488558406880833017205504092248085000294635230919984984798
69358669784451176636107203949942969129174390054171559262000567558504476584163
104573672127110634018447352151993753902093624640395041217934709459848372965009
55696223215545487745198276131670173304469576833651304635644436798237300505209
43235431809742777765265738051021596149723932406722558887264931541958230628853
23675616100759935390475202560685073592459928445296188367535849610272754034226
95765122710056674853355007024016230793121964279733452199807496812567475068601
52549521681292965219726514552689271787046621242724752076204743502968974587410
44035087020227462508699220455433237779842036899511144505553781685613800626061
46050868582520504165550803331929194817708995369140450541927006177239654407084
114357661624353706683231538434022351365458481430786110415415714888357721934097
57438644099157420960295450635282544411086837794237428039620865556835118494352
74843761528145744259849318093350415498878011921935907573694617467606156894660
100906673458166568801243540838381999203448699677577413565069247497119654466120
77948505704265719604333485029883358268834287782775731184331515092865603756654
51899583278781537635214062745136214870555645111837495158986062716758363518034
75843823361639086578131522343667883070369243963106498874265938977821929595203
43882365115594821977618315123151820318045984955047333783500182866856301880428
112087361839896287592799390028219287578603406864722452927362488853937322581745
30311388013483366500971010812823458914064000933950139564359186470595944805781
102090808949327616868802372025220063033514677137034313548562403540680375439871
76197818022117028347440979905471121759710929320173844815404714368548294735273
21326515055407370155672418575353514437760833474009948893404188713495322439234
77967080287281182435348915526201776219957487902592584548247602287451003138413
78868709462287504125457428693606178737717313574172438492886667086543901471228
26319155831960139877688245272105443582467021644358098983708908528326789309626
64745517234488096912174926329932282872356692468870290509709245516036711429896
48081634652263363354103473744059369762479163360802057911957852467282000826380
71163559993899856324915610742568871644351377166722845421196364324400922003140
74453169292862472348527774905287969881733262924096588237863948230185650660002
3803088894333705489714554318422139570322467100255424704905671521132921654867
29777518613241463408060524659352387256401257735383808365219689854784668675511
12658876025694227572502839672224227113961849385036206098828388269683113521470
6555147126699039765799294868521151201847214449492960554652605904083506814408
62684744764171729001486925270788756173250906916811372013708955233402721104904
85180365898331592289003155580370190232520974612187523825799796522626307725100
79990106634639178776903160239817978913800843620681905043994043798762577984941
53852777285677039689554401785848795285699952982228998440614893159292671544396
22342405156899003855626679797708502599877673447581238292476674668878722377240
77921431826924291898211608160721390807143911125127215525595240899784485725683
702761135291580727833592726395426793407603128045106199634210745210010192197
73370370933229490754818341888506582849053962693985157925079160761975791337673
40620302862713229908921180989556401589632598059203641474502705994634814117600
52958606679639676954103277197479289027396819918110548773371152697837679451310
35977241116870586058504090020656773866984556915445598709661977163915974245158
112840934128619680357165698686804170819246903102145089255377388269032862990749
66660888867669021217536606993374143385550204814853288401823024821857541796983
7465040306826841938695169778843491171137298098876685498318014743775680385831
34138220568343012976546095878415076487975261396729344595920534110943309577775
59050666106893545754305307980241672246392538353387757267002660893148191707137
28040236361823771258471050544721260309873584628579703557154095281955685226195
110442310748901265899321806291235883234941596377289496734252828371734118933700
76499002171252027199760095341163158810597986599203902215466467377304741566163
94532549015615023793265243450273464733630356806467553143814774602127787292319
72615937950414662696407461307117881731544153781349307121588691387552840714484
58084910669148220016608076271835095990471963965064006100724658492056705282725
58809016525319715706488994185615190726389227592160134072197668082158575087773
52372569305713644782365511851537569769392865028579442769728594963680475169416
109073945693993030286085230182690293813063454319332273307801401571493031431860
22486403813460893483560191965716883621197730580987359156839283942776300591707
97791484647889603236396022823297401423386420617769741091680187035343383364743
30436501190809074083398089830917845386871937069798610725708912202152107186297
105877511756793843059608596249721839724108159096185264862017595909135061479187
50056584298044540460168091390359469319566889661121802345160049144399379483190
92578192306661435408871489708160358690533425932020213844899745407677996749547
27478902678669326059938985527603728073245771030314351327076479052363223344201
81745292108300520345082834103410720800327865218811341707507678326262758840723
43262583280553633200532705644740126301524881812588781116803596293144638567800
88657304139373908680472654849191330652566641898342920434649616062844720580534
15765901694967500959457979147830343127351659871921545787548138631551140845368
80510187089506291490448159986624063886781876718283518860571384144355371824585
74107189564182331041612446070899231211354459601410797345377886568889385948175
13718281219818485203249560829662860205312409052458657021722964599819027908957
32007594313567952431822985696133204026432023291827408271246647799189796496492
80928202320945463710964618689432065686217109981028541061973460898824952739234
15437037733117701470408335420854528023954589285596902512685911787473345491435
38282735279120454277844037840660110716036265683706181977775837900515299668669
70544572195320630966747033188328648090036188866757404616608977587681238236196
81014297378326617663317230954898455158960931532063531852658621958510280171357
107936289592515236265787353677359957947112590884023973227592562065507801139055
5421452561497511198842840060283370605207061458787510728272955773998646076409
40611760120237121946650174264548498751023081708771686185093749823923970904343
19192697216177581272844636704463983324353097891975091222955952524646082272319
81309056193552921097979721322254631588637345042706099553647306834857927378975
20989514005006341363695171685568140643441525160639230804071531067113998661218
81346245079144647715841163547892460625763643291845825286939365535787114320448
32592932221612534628716359574423958154908541714981570221355455542601798056198
45754141307014543093402736199992727636852218972011540559668975826986845003638
59882423096568603283928695133109788028203234199245800264076492115330318563036
104860972288131870781246829123495852550553352989785594500872238001577768402646
104214236333521632917767407599145689913962771604006762426081788310429487636346
8630035832895255550802895839541014070507007398126939571729667197262542339246
20443607685441618233421275866126362175781459073232602326890114460510956519235
111677758722425624114240002910120715221463967605633941819405205125219507361212
15004642705598415733107266463995961021503639899630612142583959579318467356877
33545351130101716822000016465492606350172943010223607995110572339134698544549
111485713044690260537751905547214911792892935098395547184208503296769378601882
24255357259010321125412777380881386613251760260486849994640354544253222975798
8841545787931571865871179481082885644010990566522787901666943787805072656192
11782652479224642635669199228358406275154429427276472084559880197627457737525
84172871372499270784493809734243527529198212791096648588039971253826254609650
14315342493600605802470007064400342597790101059636530308271964763719858276261
100073921147241517622946154484680222922746881661481988355578161145297385815520
90970448870422415618962958250307463862189965694356558650600131184227498045938
94007651785902017652594268330521301438875755426089816531144895314205025661117
47168963125940502889499265892110115344992096564731004229617914682612174926148
24917108323232935706586190309770442374592837696699775198019065562604021318161
27400961585391400341198716212323697814191868840269432611939139857878580332684
45148236602607698032623819778614603199909396389829159110416302544292188794120
17312158386410838907923261922240767310548991363456964699253070044835616216220
36305681874358500548023953881070943167216518223459056768110277894327767122018
58621196287988339366369473689677419465509264905058646330839618010255625643051
107243056727059911275118783819396031644189194275835836957883948183123059645087
27532832151668648986520297354212545300648432275435263433046153326278439965000
82193208944209134700783242117465502367583162696865068593150133148438186566291
101955785976114668187625076370845015284657597374015943382222564745684423244697
61660095524221322194264965688759673148089723142375195332258076746520239156654
46624273144353494594641750640392335590390898293414986687389535771202149433930
104685773135528498686450728641201939564930218298438525051304791284619913671300
62277891959416182845212782950780083129133282059381320686594506384948762077407
70810196407615850775714062195621226810067366965198162659233495019475419176598
17827155648584928437984955313418293994154303077433597317769537584226397429857
13071748078605017167781787107681271168290391337851591968652983596016789973578
35831601911884219184632234751225938969611276862684160836395599777435526108651
59879796403955838666036987677069551531656244915500516658029684892677197210743
102525177046076836640844623723945242673840741092933813954288323016798078773517
7662564607017619492506524966208117304013121975374086818245369553633994978355
32291459750539105665508123777143036508877030278171010194797627802204125700261
9185544754350787451286151690580036997115125817103313629034847583118639784949
1958779834907630929704814509946770444581615986779659386632207587751893923193
82976334288602749273895866013996736711286137376341360937379581596347419103953
87285948805151666910028545743249018422886346872657955040374899289568926704881
56171165336125322357343867703256078613183857258027239412424519138222869622755
12790725876313717998514462237846902916343802438718136722948343832863425260347
33608975445124869101813849670859667183439945336565782084566839790335346395418
8955998200471802825867690464150169316493349795751570538654241445863647743909
10881139002690446771344171277161897193953706395968848781643366355865884622634
5086104116400508075727173696119287535536621974198335486134701201372602944216
37517188212170556712347126745681262585746805881040432335006535000740500156255
34600379151397352800420844025102226513702423140457215742798922934563768551106
94415728494009973979463497226791508541754514430159941492148934517842366751336
86320947656629387862196757600608011138538644314506754065569433028539048152661
112965305602460018713382924789482561348795796175769923922118596097999026513971
55950274068989799530708734228958773336699085685019870859873018565732369133936
43854612180125549778852116720152716585572284980457963199946212436037580271056
58566103899450833852672560809366338039080761337420951937282841315279266546664
52015465613731337174857665597855669359362471316201969281818327435396850745261
39354053668088013405156030394344313477541441654280193534405658826306708136778
106662667266488544290615316642826425987201876007299960241574565553497247023272
36301886269903614904850720321421858307758005820133039483685735317722040053669
39927955274219747022455486731037764906334451226805168807850581129471999729848
60280992962470661571182245527530844602860135063045031880619080205204691867906
38792532831665113802620181487158052007627839395680079965598903609951437047087
14261901785789426839488116686795003338408097287514935249619812047196566447788
3335619090188799048888471704637816747641894794654166921665236099479071951704
69120956396063266360248469671289168420788486876170146367683629203299517031685
65897400350405364655920548936001782298776783536678220523660742601462525307031
58900286851171759492002905510187444126694803128003440971525775435235690916236
69051132649253857946965746257581544612160068234230244961099239847563688424124
37795812701700848946256466915271969687263831738061710889741890237110181624570
9797112221743583119631755429543992935132901898267522048982028554313804514966
22157092589039925881534751767895420939134940481512648525707270953092211764364
6083367483594791477997877216452399718605924138185577593046030817793046615770
56265152321081267536693738264785022488441958244339408822930433905390881473576
60858518137397709265273651013949930705727441261093018233682069787768206258076
18390872821732087199598396109380401453147575072552883418643441169696097831569
23866019800384684620214614873267250012653403801259866763718689160643085900974
110138830067750908357077942970327855318543454303219332558800897883519816203005
26217687539914571514558630243375873611296521580095409102042385509028095060616
107518246835037421224200744858824600780894814936035101198328935857559541967728
10368226374953906102177325416229297459858954905963815269332554205680437528090
70242830644867963355598993572431503262045308605711187719607915858630540977121
76589456917984289624204121135197887618780575853071050029660754423309183069060
35377344431234055708649659870825535561044807635432283474850434570221246507004
109046347048563532913442048205255180985472695987390084267862811984382138168145
79592536530860699065259007324772872235843876530995438386145249525141816346400
18842120622038966527822150565863606623087558863778443884854683426383221404462
16185115160687480393754695674267660293012376435821748986143815516744388440279
39650933891328007798354054348093180598782175194195870931090681575604252379628
63124731707374527943780806286731125665902024437168984285673375387785078238980
89353590721390127795356231690491454034473900671138995402106429181624677247809
66825802114309537396104721028060741958159055706330654892307683751879917156135
17705534079435059751662660947716639371769828896720972674794417106908969236887
95847166113598137955686460741437008978957978367684398812941972764374256928914
55437786500776113694438076264960437576229098847605762367463829088158218981161
43021896337456791228607217307476078099998041863545662622801662157538413384774
9213392464962818153267631175819072478219733536373364897523496684061949214537
99666424572849749275238643555589625117516418792768941701676350701119766509893
104914730391632984182789676933802270657120525147076312623457326101978121179073
61589921966783261227294478300778671793523227557004832287635129721071162611790
99791291412770588486349531636512809844984425368895366616454258139324925146218
26700398332316041262818555697248419292951332024413770320342346113862842418305
70553704448672411176956907778934605146621743492844039820089048186806560113366
12218533077481544383958775016642246332217098336125165446241157366956840465191
40837255222230656959428547453342787569221203419437046443708995689335332094553
61885657209272279432673867679316142025878036788595657722855195507358091638085
85386938348260107603300291072201224625343720510271127755267011184603612989466
2676746179556590136098262756466746303553456543555563599558497347751983071387
64966701318299530194046565204306518680636471208498597833126777289146781117995
53114796075540962133425666571477817837307746970449972778184630039886411561306
2848540662055315140597205863963003312948257694401932645186867408449887107051
72857815274034846983730420771691636658125533649260067483136996466620164810040
