8722687351026542394324242491772538452839340840716323031342038308959860889437
50425220377211002335030174203569526155100974039883285540931635350763446609546
88600351587966821837050080891529539335967177902967567192765046179193308365587
14852471874729120422558562511521660583541023941862485440739986903145844922354
72899354039930149985547424346687190448982806697864226564597828928110073692922
53514430053132590485007315101787629053295642731661191144848774298918306162481
98094859724508118198243036179353259442267767629071241913508520641444165752349
22133130972130331375308678184883515961748591291378593818407416545527830081422
80052939979253584663481356062424941669520378857519826975843148733120066975054
72370981434111596890658090769763150849333381687609898043915317306879467329896
23358740831162234567394590152880673440543893120255749661689214621566330488546
7054391538605344154072448752853905302773221095360719489250919031723110131734
111956945259597931750795418403736430738720710133605475544928601202290955669671
76523678955018092612845541752177958799793305543627700254868178387382183542594
57009048885033755053622293518584752928137925922288781841348552055509850519571
69067561334790484616937725791325020675097633025452742132840602165974871532221
47973623583775575320466771781343970353888139230621358545934160522909575476218
6402702230410499066900458032491234772167337173055784191323585817141749991488
75757435051651194271753716997775954160217730339550139856452090723851419298190
74584646093628967322135638137616713467099319296984070460510130900478256357243
74369163466628230628846638306067106828137570008688082181059902201859430318157
32139584370208361579565445744530166391758635524409736704845405077748225650732
31429684969039480124763499172306408174928630197785016912773066449531489940754
9780493560338362364995246438245075238536952781201757135908843584585968643713
81514789069972898802140965351872618971447625322908234915671749565305898893280
98415560066171103536336822378595053882991155913460309744759585466432436125622
25452141782656658640107797103773095864385829105568864126401302756136158999766
31566787772915833508103665927147030756829919992326097771938310986441033180759
90672975716064650505233158947087499544465288654726016118237261072031751057670
42609188014887789285748071694641699672423563582082225692335364079109149718150
34493429707633873373714435747960971929525229950608063736826683536689637758229
70443196347385362675185305539359266958337052263230939295348775536463522932003
79924494694067941735785643508247338522897940999521896327503861901954091956172
54844848988616984662673451020165604452939719283067024454361659460792219633551
29768283257576656741866997126166824033449681245512262115047972736616860976200
86445088149063041197035506203599206796041169506850815190926706675807052800782
37480582244976680218651484220848598636739728393418820672608246031842316279552
79969311087066406161100297182296312222297324357056373213691506569025238974313
50896693130764259825845139165043945170184036289655607034955288210396425109105
83291019389943066025367353227327446994351763404136942331631914575901535427928
110136618141836188272120703670417751669487936528184932771263206453380272108801
11937138769092905845889073523685616215589485172603830760106309604937620093254
69574774015466802942214912007175766604751224435978147821658257251051897130512
65242320075694879363537727719076851673916591148307270916072433838729263653192
55925054918016262714604726892838080735281081540953739689850937775334636208512
109264634588061314013650340519701005144970532886655916294499513739439026243350
57843492327696926467146210694164477001090803255518053820231974637589347906425
81326531124465650876209027250856044408199255471016212727264081695741478394616
75957614122492198229602475198713938356376191498738490050534824159278451059000
3000473508809154039976210423574764232851617356548076263891011082140521490775
30053126657681420577250449489942894904252323045229095984302003778299412999188
4361427037274058275914487268905105006874559972267083250118398828381635796549
107218300163366456995078345045250859750860081604859510778698325812537529353771
35141196740784473652695156356531304055963054198534027997265602004284249386188
96938584787413786114550853246624290632200525378864227892178654856343311634708
47670818004670060455855387465975775673664039020811629895836108029084828024755
113824819207216356637037200497918539781242246404864376915519844426555497754795
25724709260150381035177706519816662484801537042887172893746467469563541136335
113298858992633788883051012865829027021126753388010950066279286175576790738985
66443378631170872431704226895960262280498073341176116390761306225709125898114
17457939638362592841350422640529612901040034764314167330255291133167952965976
112452826014029969248312798097447900152337889140695087685119736588189527709172
61494212098440391989820820900249800649579871151815306911487440273095325904506
78192230701334488710079879783426496881094898158499679063581433816055503831444
78387133389176119838598896875633861052732227819728392383267390218217508342822
82859781433466784274853888883045506770008216434778789733656317999993281225775
26954182663719664800677615259587384993491162619490831077199346303379175260397
110690877898881717399404550777108610634306047502058294387788928664992852306825
48082161448640394700496233864100094880829525339427922917867717183573556626456
107307150732267648920268290153086784970957041417273690790653592541009889107889
60859913432091278248867699367561281231708535573186248413647953122540370806286
5755914831002246623571041669058974459038023277588903213381301109137935794636
104478955575453090087729056042413527829882209433705372943227249909286352155858
88745950971274794719713223626430055983595788288022352773662650958419432299072
65806703900359819458525212019253871798473643286514051997776607653123109025312
53838394130617151037704257002980392321432852966032294334699741964628446822397
4828650692999485667655009635022180040643521384340964193508370819437318323693
89494646746542367605584652146442421344301959138503221078025496304734557719106
79998125992842324731601837557053546628577730902544354952611258795644040384995
30539417288558402071920031113955534968436207335084891906061580613252958104825
11560987122798696439174918286641772588407482664694203230978411086526869828507
107374939975720378313734495855963550059917587093651078319547347988281104031751
63030724767684904419857675240503524576159553739190546086953985600387184353407
43772839770756066938749976311195792841241929107477915250136144371636453654669
67830553732945236319746027588173363972852923671870529956418559518864916997469
88973621122311876611891857755664628516562004494785561329240751248073868279688
112344485916090302067836513504737593254609673291614545627951152073285391597006
32974200730761304909712313043091132854552095446647640821682703121287858818292
61269463476799516608040040611278417626166041462502657376782978624944191604727
20327124471242989429150745915720464828071204972425242929668271184045166948847
42811130576235039109340137916594736330023327451800873723536127076376641439783
26720079776159719893894406886184587391427526161891609526170481978518073304800
10208958989046607622150591337128110001813740427406075371048192338427134431087
33095806320566047748025394743382309102274326705251395274488954100627062709708
92640788086031859005187311057622971702665563020720180246348692192327205200927
44504906861505741353661807287167281456985593204352433290365096797916112554690
62345694465422455736754249066015402628246418321760990745995977400971448830073
52350774613743071509664950330522513212695935809820233379812487853027332916728
107371248764223840220358785892494757512036529851158399250092320371952874876132
9481320132985498231285116587331236578527263967821495404025895993872968963426
55787982737840751230331502436798246396650873108102704989439046792844258173786
49439771484565506897908446722594010351696137242318512694983265567816450692147
106842615054385385637669996728064878025750999272374862195173505006200255888565
109611506115940273256612020316483387227597001310970496359240934506549255439349
93096688875246692447727437128109193130879574305587329289858840593723399695278
54335972547662213564825912310824457932274065093230809665813047211871382622300
29939530955791085054145120553925515643936440585522851656912600060368196860816
14527260338920966653919634409900048079750957325010952096361351796843474823139
8684860784614149944305882372511671346505671880819258692036771190642098499429
8451770946254893017960857020191876858350709762416789096602334735419575603011
68358521043684971866731155537331005604700048952327377107687240565241906128371
8276098383942120718334518960662032539606796810422760269201270967415244628365
59783950215597906161797631881697456704115654610270169394205326917124650020837
90575348324354385287146492116978374780058334316031050238095674750548563592370
41792001667435812514653654745537375456407602580489409458943936148448530181815
92761702155394328436688618310131663835204024797791434883292297572313696277289
78484315798455517014601198626906108510297303387705728686984191476063258904648
65802266355455028593114131516326603901311063714779974790659926352806338415233
108954942233057034693810271863267002559065672793080414083489112114574536954698
57624587891065398456504773865619361529300870683881395322011639297089138695116
69052791865969633279891072928459480998876111187804571453176547543605813474100
19314164433244911069367967485654829413764719886220634389936366643161049113991
43176673406572586353761742736478977329459211040979910809773726253977868094373
48296131988850364377790421756996480286116146906540588745314098465261904279121
30396396737778201833707432578563265263651892428612584310169591536279562843809
37566207136801907462127795576628212966478584786280612189165068104787813033521
111599969967209073237184023507804862942017515956352037040030086040029698882002
88066922917063229005234969857218399579725040753384491526263886263368777740233
80548327346461510495868456635329457128597927665896082448882815468660735208877
4893071431050580426193270205345060488936066573088638628976792566736691821414
78549866993029526479717252616301040843144878674301242352065918323823164925265
87753821887118072209513389027696716682398166111202714999648088109426032350249
45554016242397645682018374339681570320617365752091951739251004835592064424328
34193539803799950838886865151491497987372288220364068563289646917967496793092
51749735171948078771517001942894528356095943160481058453748075860315603437054
58188593180154285627305522464557217449305960940955228433375178630420787598554
47826802217541838048007801373567609010250469400711254143944106494683725391274
6889516658336773317191650198493945345893028675777449247273765026123281092009
108622035171551065032444293528571732508194541224545421742162442714124507644098
85113364114917456947079462115145310557868735808911547442096612830686754916382
40162435972070483756561589716642130697017825480011450726738865230208210362424
88839036172850471156003179484586790308425706251309329707279244519411602775294
18496328506908972831586345098084340072765838619402615037903560905934955419078
23860596636557823151529120023109006028967229793569403987767996234097136857086
85470230441055551188530497536935824158372312343218865132910041309398828227662
18151606323848434945563255396485694825050458000338490994440699537080980437093
77280925626534677847710811143394009722062388949838470154853754976747727514257
26475617521487036941180441370509614923377657341862018552070149889642954398441
75459799274722781071684976015722495013152762345956144659809404606688402825499
11989353864277282618039663546589971605271345258421534003660136742205058912077
27811270293877050000321895507655574305290250051386555685778129758515125045399
115457871224311036204660023380695217670622154122962537899368131076743750694567
57319819870813060824724435057067191571511094289118856838603929799788332223938
77545720717127315925357342262619261991385644809409445811178900085541779865931
71729835809469765449031534185559191344298453329550032400050856167041267221421
60698500773174493442042256856705365927419710035852021913281263070455863512240
88817586349720401829695408946289210267099221057557070083621750157537439289273
107926365375102732776628472460972969822803998950052161264212749060601299944811
83659424968724407538484003739184680626026127182373480897547766828862472205559
40576521513064079330212903655652631895710395067695384768722917722287012170772
8391655714512612464187851488533867432181937503363610827276948925303042089363
110320137820371089412424867897314092959651254938185223290764095773345455647234
20421243428977536367084043476984828039288279117593216280760100664510830986388
34389420846727176047777989485583747000888017831128780423233859740930266846497
13252516424959457488315794727813157094064222007374792021260902143802989263773
97093946586246485840907118768934093968459116770045129295647277205545057505573
33599905892214523037614312907032265447670103879966248123153857479913785767648
55639552832259582587988056865890530997092646495442389568762990474794704415620
81883522022617883192467889281314060805421892121428430307446228867901819697501
577901900626403630387043461694155105039084844182106566865180241072802464516
25444670005005117174093353222563412982139028071339941972401641013004038957448
5445196257086645491531315159578633347803395347619352052869277439306702510382
32628814631291408510779623441640253565018480818871498153583921483023194213514
25627096554391735562792137121931061188635265403329202539764247762167937168181
55033238333839230860293124049912576381578834184895989725237417414341868480583
63695369175956195247489981021806685789436948523141681187950068685185384635765
35259519999159322075039668464913044234076266891559798184409575436927931950958
11846918840740052776171042822290559283066824137588081586658961422887938069696
103926363018080512585442808734496616837075212129149771023919469885940912200399
12575638713637187776467442005355374962132578351314632056120073895445381179091
23553818750259084202902511922526898036944768658770329775967274236303057995907
112042117871554983100424353273403800102623244301015041290392199715164751668225
77395026787950322969066426416693334937996004948737701846271585020364217334611
90630881594360217474559932091168089252470345989392933738238471455047892727687
11250447573267338787126742259341713102568224896373103917287261116045570006660
54888570379498684766936765590502128665758222825409816744943516173221229266498
93994775695343526100738640059672385624944879113782983484894079725172910672076
80717110004255739766274057676900674213202601662469244713270415721480985029227
26139791756618368789985507241206921224925392638859295731019804707844890466642
59000040961600266743277913375512914250382881660848341399709111791986099841981
31666382841352129828071114979624383929591477809579083411387677276694751904134
43697646563166831313099344956607783616855375144458217592823705432135627963413
349574719630864445544427965121279006778827559279742852299666649697832845480
115382474303294767424820248336287238465547036982736909333142485565543730537657
5646945065701899026818099983958795167106982331356646334168532209870386819622
102111385940934052296567868353859353837105396247262941282323432720154907856124
94394960278290874948600663612419090961330453687724986566551104384809834377148
61013001260725831771123708690951104615020981016828697494410422122641032069108
13722629410192748013846576770476068860034070683822606701281844364224436510235
115061380487943663367650972053657168729848835714627840666701419287233026803466
70075346458490053688787717477636168666898315339942155475990555508225683785709
36955863328572563584743588542792239148546892162342666857141455846763730736848
32886621871507587312273783001480231952394999016453361399600469650264047299194
10026598505734428261408477359257628962574310614013280384705721698857874298771
38588464295801232271293429005937726481324577473807123815106496772356409878172
14252686880704952674007733362926006998515472880909097280360985630720235037636
97099740048946531137874359117519477349375991055366374536199176180191051433524
16787267442743588251475286751206090354051799851665412359828934486205113835360
42628652206644437650062654078970137305015671646280991103910411099478556860667
74311373455651825077347162842235658743265224927743889202752374288176902826777
60677236815399687152622098889522699857869163291671120648330856772058294532746
82714598771647699655809976950492845940542232043363933983746256685780910541508
99259973670369975267481566258321373169259001172305941016349762955685318125424
62496435325302557568972878351585641578241027974659244886153798518945504724070
51710875263509985850349454466670740105027089195537483530159625407003707024881
95999623267142230538124917469026798587136082622689739279116665389395849162343
37248931200441972711137561678708390495489827697050469773385901057652074004148
27530226555525334554751489163831668176061073674135779198961316886613996761138
88826667474752941436383945398531465776985374437728886662195204333830402754814
89866565934383000002258875372970918951355814389864750430181868860463406670539
25775662911186220158082554025493637758267473783771037189657120660090986983869
32049483891502422217641152784903171960784643054671134645287303348314164790063
102528939561867434570356176771722489384640460983174400713108982926980121567903
101203364166106119385463864603283999414826324888591535561877899806715786856717
111743759238137320871253225222076735150760649880550270836915991799949936331620
62841245604928237573819914713103835492121251700418481432529284406047341562521
29199744487109914237597619880716255295074452577782312093094252440482564078398
110486560971025078024648657200524838396448754975450856249005254992268626080386
44781595226566045403535427670799298488194234164885891978555821378630435613077
53637450356542870521550722204017822160191580818115545670867405841064873197269
111583245416841059428256977297465939595785490566912152835823952770124471853428
109992188751661755334665327594052404025767551651191862501227363731485311336918
74696372080655327907450439003077696754667767043644884264360058975452764631951
112979858986018886515750638801079606788409349410562274920277787759726539372720
67912903173565489256449254882946744361744217224286182328865028827936364811959
95275735919140606487272859046917524350755726360495779378579632275031144068843
78038095787910755250263699323083854262118964141546238753784863202401032915391
62534981434048117559938913530307666272229441617688955839999641285053342931265
110780940850196026188681111454193810811813797342111041071526180408019108541148
22021250990977244688971172444879841650256507864005470724399570917638490767474
30143300091656413457614046810414415257122706172609298496873075698078687977954
74009815528388987790056466124748781157936265591460342836840131082356388320990
58917777655850978403795915465506196964940788467815084414069165889424554949503
33461711655509999462001708914368027598212669948232423784316870165898574709508
59887424171632676059327009973213417301608606088817180418438924327839782587389
11287294857515954082550996463027223077269174711718533636982890096883515180476
50312410832582601316131645975718011560158086482056429804767770785168856581893
17509141224186361584622334924403884304449541352018836178531585324122882933372
31098721132207427385315390195576924507650125644171158450177211478930595856874
79719518348433298077521152164480960860777449223597547924329848262899630956204
115525901572504929949242801358435372157105545069150737094340316870270814715272
28716423834969769467608485690606455810785017283259112961065695070260693512075
5425404463033314654540984534779505019782406393773285081936383795580210493402
40087458979044430335295851519779231952626800759818740459379967891733092680892
6917030157233283448288175148152919814251195795714606877903355297682704291769
113984795593237224525453940450908646407525267907135671182852395135620298138324
13215104588262106899510950208428795687682577918405746523927632174097000830187
46607189720370021374212811447153429898338160382351788495979630713217456027020
97549510323441750436453480154332107786250463747773053645967205998631545779477
24022603898330211534414098153090604083348448613625142648387655542424607026078
72804656197280391743619834146727310126459400198870913062757634046694044401448
37944487272460808676724478283142930444359233733473175119764355873926857962496
51080480982839262978311368301275318382127367490828059042629204371348794598801
41662607541005284225913888194926649493855095407231906129560746495404704392893
89985216370941624831679671111578763024440732137657515084295670367764198776026
96706078079703985190485929461661191603652741318134960384587001361527548546395
43561138727649732528092787874425636775446301953239229240189756431129497504910
107082799208945399548536176983976151022476574780912264992192874710332501645109
50845332306111847940594930541488909178254958939996820735020118044484136652844
66344701284955469429559462928954041029504918451562229997489119073161976024960
42412338583646333452651381264919693756452978320844029876522343571937054615278
84795295191470978858345898061922536523358135075216270543272881640961219947937
84030722560594092263608313421244546125062353169719456411286988247942238774010
74518781985952014494328038295875012528822703054135839379938370536411483973973
80501495632430807763935550095235456350845546023018280130916655266775908257459
110071997869802882289756365828609967150968498660634915090365335975411400128299
38290966917729598946652270039406577905825639951675040172605497518427513482458
108329325194905421981160968726250227882094395947157391129233219259844261953465
81471589082651684690904888016876981809903002124528981682502587338207019216688
83346827287794259158185870148717660838750035983307563373030719896008016490588
51984678871986592947411583541879294740852218161445275898059870597622941699467
67568559338168248460203546696395205578647908912491831636654484313524189977708
23107421079716781196637265343350671018809564111856646174763822331096530324214
92065647891767884018559490667286283469176770254540303399342912146262110038029
96515058315517388067325158075827543616603760788355085198578862082803549155037
38813743708792748140718059343347865852503295159108521616774189533016331131413
70663425642212373382939619405145785340249853899240548076821164604858202250403
11123818697215658164410955157169276201435146939369444919476902121872921606696
104775589994899744139120307756215092499149597835529925900147390245058558093125
5377866486866573559371387964501975379147478722082574624437880231709918000312
57884635224626550646446118151736777369087443128206991385425543281316465702902
95688461693845975439785238402455563880268932628680123374799845194129148464181
41855863202570828415910032548218323162463820278684230799690954129636122678237
17769064337354895989545425351268768773319018527955327496927292146624226554227
16308371498549946725839223270051621887013480836599321543793907613098903359980
76286254308447755394699569966651399088448719176117875793167602301819390902084
43530170377382645546071851371845396738710809982958749813436784189855312178382
45580372253968090316321814318587119010407250839204688475831165912250523115588
12823514286456671564249672786125654333502336611640264827283402949720460451940
23079377840688505538561809765163182522177645575007433378888976195022783986532
70907383768128967839030093168395948282071401164929931465167638477807935685710
5588665877129150748253824084014295751917686811827252150325312247738786419012
51203981701207859114236879107055295699129591871383387657312919971715900559160
47240842670825164444300802421956642580932441565709598682523577248823406777644
104840477773620259853263785853843060052750570468305996871477290598540320051327
72481882382758422690941882258593046605525256389162122968802913190256270132942
106897781440873466678616041077352612622763083809134554949320273056557243689852
40549961644862289636105893144854920575775295980074991408909448404749632731371
98589512631775113383515387918576096421736007778704226476437034781681547694647
81393849053569359267973179085380808956374578622036820463787632545662357042939
10288569824307051573147712018015093858075884334946630023303485162728742667418
49652350600820924552967230417754800020680091981646316455777462320034465594188
27686409043468726194149629748158900821605584958364933848955879104996893143573
36659110426352710899482903630888376662855051712078161835302038072196369459134
62749010528953556740067672832261189650577989058385165772486385458307826506060
70108196215642725636824665018880725671075939750702911691556269823260687563959
97537816044567329803673675227535635431965593158811407090461089905534972593680
88103388919297151270605249042046001763335888770968547366070172690716150564075
24784467040222408819183603831184716424555112588391975561324618917469121620565
108613412622834685531338507159372681265695614407587213247810807026931045197630
18233746081735604939397458870191155597055612207561077192828530019088747089612
39772784413003223900311539337655058960788929696221587993283357355481023552995
81907641914759399856030294911051489416342355358228207768468818633986615118156
14945563563783739445951345613777278636088621293842992016564814066917751576615
82454709161693812356384418052879547941996114576828322235593716131812401828633
112226601088683001147472083757944028715210860682088708688662008098106200318478
105326276789400841964241919611333970748806510793353524138302945953714797766232
84852095952930395584606429949873422368144547395630510924421460631686810721645
75414184888222072666238070758900716864614043704286631973838344628720634180263
83482296478214724321661243447964628912909282593757827554090746269491897788246
10936988011380756283421935339966503681650115309316790078957543113636585203492
86723256519841414879206522437904767720353518988816973557357399737336020382919
35439989439802349673760045028335819652525531094449545815696323205120861241432
49848848703542717344833125534827873987171417856404412341046056095673011151832
51359681351742003779235479976239698693128592761554034167232924617331827346712
30924793936772891050978798034609037544373271604624150688085193240438483863974
106693229696468250188899595689142569271052221670133437633312788633870784654479
89125565669323850243397361620743560637195077385884396298880723761223686664662
30730057755832442880444380361368765827854410904510660682271005576817504196631
26866216434705184983036157483976490623013624886061770390831994514456438176437
47897333933307494980350453608711171258990758427418746680554546732484949300265
108293550558464018130501604717920074926896467034733169489064951033499140968535
110262064371278186277216823387145579673010414174394893576840602524248820238113
44856484765118929046529576599760659109528437667011735527834347167470171517672
41647549134794333960108430639103690552990166849908989848182796014743212614005
56422633183196934988448375636659495089074512534923716182447827670053831661118
99554538316958123915873627187071276752580213528554791162751855359465768170423
83556593443494313167388951811328492740637648368915336927934023375296470504779
65650581977129909397843052748559224929752019103639441404932413439572559613552
48116641527420285586356348128620536553463514944911580237935139685881520268123
54029409403451636922900078789414386198858001212725887782797530434215499326569
110613040141501449623621161914909654624900618721700636189964197033928192725958
109820838952452786420041847113474514305134680384367655592288530771349771869643
48560611456015333151663722714254420250755233196594081711071580670264156102776
36220674071550801318973008893224338232495571717484971389775994954579837401304
95046454212602409570066646688100024519329220308764496045573154598515235967135
7729774283200256922347268705655338634243278387574670656267318723321293386435
67821164569396045067694830213586116083978052155731957909683465428078304644606
98148286729127880947213269449417791915649973058158484604539304119320799754541
42239182339088868135562444084896496999090086265849016037989545945519567393129
83262427158912689208802792149807116425526160438931423376506537072072138847176
54380746635547578672605094272680626403090278330224323355630832098307240332162
96147022882316253524959645833249141506095181877857401078918819726248763367910
37346104453128015119433646266390363756257743109679212364404265962045902549929
4994460144683454611498636838652731432992672849172479451377407835720636208988
60146777147370297542101212983909976221784453581685037182842486473246655369102
111621413577798044907651546222104613132541480551950954231559327309968239097321
82298402827471796199961965108664563964227183779487735554622200956358393099766
109565391426342668934177169474077198789904250989292103871299032339403283201097
70507220770568134293418836903093520877316020324323757188447334714323680525553
107805394882093696559954480872729740354071701522710900439370551747690984490248
102088789526860386894606704804217245009751044732824029801674821753731904174063
81227112581224179702110336222465955743917466013503645192239152715446511498177
25546597181231908556347559199895710237931317041295398860605357708286515016584
95538283521168461885346127075907833517352363039471181906372508307213823028948
29892108122074867564911073983639655894320590111478280409205874106404086056524
91859072822475271779950313892624288214631350208165584613504529685244580404762
76412731826557577692604541665062969756231380593894723232132676473667520843135
57089950648986248625417500646093730011474710182146970873198916534102831606977
115724780080942055330294798930173668508820277494789016721536706718129075302337
32857022462228872715760854766326502168613973965318207964917397225295069395710
90137566489278078418451362582416460887921821327657647526848475750040686999853
85008096625477806316986667874613367358966937957522602586551114749393868271719
38475711040116147856614011694677710700777891803805778240375198873311127411403
34812701157361201856787595439707702329842966695969702366887549610242017523681
56464037227414508655019883583689367177719968117657185824438392032327361801645
111931610068550827526094260276384071505975943688622803849193383318152397465933
24130898142423337530843310799838901898841924588966304027785935662884858976639
67801077298287765481404056835945481494191108812429117774027605740600334675470
18571251109226622858238938491264608324281848596380918686061636541992698618573
86877599500036128011486016681127927744090388812667894111957726485172261694013
46907061615530603120866322801445325904515248871050833764786836848905658286701
3823487411954504583040354553663187317526083413596636552036906492732113452681
86315278684620181949305609739017409060889057365863687945923056844594186454534
109903306056460768669571771584976854163551925630696164939740778552975829934440
90357518224476489753151394462577473175357065694158377487475681978214723259683
62915032893719935305069720829218975617177295220385628664103137516596111437650
106403271037521244180219198352297833835312683912529533942049321915165849175568
71222200726999648292441978239658114364222698575286422028171851361754741391585
63894249146375532395556056597187853994773508087396228396362422262737102055669
31159674357007524093009569940966578469643729223604328158084882735955425411095
55381889932768715189263325314090902420757942796901478671568332102213418031242
27422229066001239056136457709432582436333675867762055056080763591397293186892
10354274678604224646102745311666085045539984500393135573027504473736859898493
32343680241611668092209499122171262816650731480897658896244970907915053291633
13620809049821606127334301237899090193245782969881454137160492949410653550753
81922539259243441021787658267509134967481352883429423461417862135819472125023
94631565022037039812118278996661607380481336990037184735721616431956148609805
57962666960418087496634739828850524616691725237760430069827173657194537757584
5613995993560134650550306245472365132259562849718025427232788395486234413737
16916025619409063603095048891315565762954669662115941513406674447268272357409
15455582244110515946327921954474858396588741325302082438781126489633662482796
100188402125985237433075941094320329667269313127838653274555369589887055138957
48858070289421734556264927825966786806338696985942570675627669996120703708588
39220692773332014780404482990881348765846244743139820372745691741311771590690
5800013651647795492140035700648553748436589478132922298782113807321624083640
40510141838238018545333505025635280653224691983162712268943617818333307637313
56435091075346720208154156146894197677162593980586322423938260273575329813828
71868623606992394250540025370566736955590783893254267652369473030155071189964
97296801176713440403439713699962847251252246510142011192993679900890255318417
7596440770434902826882317724800439467084389125287100927755760908625881879504
87573059094130646918079387627225806432711006924736367174591525935893966015751
133779085632686138888181648626409881118525922297477379469186906301171911872
64622015981025970863773926781123283159190668330070330766169818758510988351986
21795792368558693259114189359456944658949944301501167388280025994694543242094
98954287198510663022788668941437195945752933048104901621489922268173364004623
95010747375006880150093615591307488944216852034989069035207960297059600232884
39089818220892242201013662693108873374685869537140416928003030919709376592480
4465772328916178301504806414066688532415607026908503041889753085101119145332
43082488494858921709695919916011024112617863583066477785648819060504245688640
99829937968581199975177839009566681407530312571204339830997772576749759481512
80168712723801187467108525142636064234001350086992275551584347213319733695974
110073158665682456259211800072551459084326159683783423741647952080691959598648
29613115559077194266493147770587923887585719136684752737097016891450140133318
88808286546441046783901995023042695025153005385303762555009017586895624976247
37247081457214582660560207619523642531871278701844106086479001046301787231969
39423892494371272383504213897181266494001821722524020517035189474464627020691
31726799522935282644998453808374127825505917307966818846668207450228481261696
108987615674921381270477794637840794555505886088692832818578240476518401722527
19939972716502430797976512846564961162544312120418572707651728515061049152989
11368335055620222434738229903616938387838584783148430019319381467551084062159
97675728016273177554518812629571530692529642278957468100694566710595710069173
19332697200905936621738869245543017213189813867003723943217106142916472033847
56815996988880083772034081115125679112811028009985926024567431163306033027612
30595274026933777741075776675913548875461057865400852711516455577634453757940
82267185026843662463290665552451001531044318609994596254951595836521879807213
67054302414724942933702908963837319493956316235422243882363620344743726252382
112981880029621510871588771870519899165345615070670430374268496843252552708418
67467458036997776410987393458555899945944243022102152481638023161879177377968
91490575181429066730878283383981750468099865383506257507952686028826855035166
73065661027933504044191101713486318676384371118169557239384941625600025366666
62938306496713862301584600577693101687782096838797743106175149082866759066450
25590638480065426912993591497401368573601411719502297622653121775139188233621
8391377942547461459668103935160240574692775640186995145487306318395745595326
379912435334495384812948091234778058750702643807988038561414308742409132178
55282343884811371701508557511640386523130845815629832267353825074791957605015
2402219169341302275701060988484303352717085926491446647956393309503669016583
6949259286275109190304061155511900588318992053083459150148394068988276841343
18895405238244799189499652661059025949115526018198333611300914342686663231597
68679790877650376071449257625109757025732536539983013250269924877724247371337
84235563959095917372496426838848858595686649086502526632743348795638539729403
102316737953368151915161179351352279495770257551475276267039032575453692293651
4802317482802360691148054434899044571704408845777527100710586549647283290494
43004252637094045566120415296177423215500129711081675610448151647924899294299
98097969490558148002743890438455598343235317499441453605922928052550744880487
44114977495082160110891506831285488841671559744351840259337820326344379263784
53013925185545906585484670898128439627311366468326781266352241282071606341716
93347014145936902896446071913853663589170627137145605711862868938182997899013
80760596456105386059870493374865198134912336129318034887394160691673093858618
114353511293637030363444227225119007456842208149439117435998197978883611547836
19842022682277491782617432178382250060114505196675027565811511089172514770746
75486409586405135546785410611554162227276407302119269284331035658141943678293
50553399871989741798223468137099762955298676976676098529072412707570231890764
97617996528407554158948143458593700309777022531717352067714576752585203584690
85751742621297409622028428159550223743932002961791615118394327858921819808616
30233839381544156499719410472523732119329833191296689878533926317376278940548
45107597613501805015300919095579526644409106248687986930644507896351098477957
96094476814547222490403193696052029582322222273176837646201673443676112897178
21851839721107501418424747691189811207582924744936866166542924566685718826392
18797680533782752090815694179003481923509844121550547189023040225864866109714
11874147157084697291972844621564612084685735721016227596126638281669674517261
30970144454802446284009504553023998880496085892682842918090099043287414754654
15766943667137110467348320388174912934134533934023388914118858326854774967404
79766698271782395029899656079550350648921863968384969715394024245446246247610
74060644809647074933722626571540979334015683937263129197497493696786465986644
82225472542442366826273366171189073481098513254234579398716232391305637924165
80667369844017575633013192739951347658583042339808795693186265886395579524706
91409686391903711205974130620270206793595352263802322648307789880651222381120
32494765720745522553975214818166189259921282966396908752716985433735586420287
38949590345298669819080279434803595597298442438611362228326053725874052297762
64974343782761415967172708948874225978567800776427041229940823411540634301480
7076709395544098836802371834923848438984524696233170125338080481286038579745
53221495354641962388658271869129884581065150273129422826391033139098152644536
74876869950446972605495062335077538214662115705678028241305526454913495106400
15944272787372947949396579880778254987560714983242766465367610844038811623956
9939638149572176119301813896011382920743379776940006193277643926861235370282
72510565304475311595025892856540293105126431584060779571170422749097744035948
2135688456059592285185798661265738965140273536897769484511329919224598411993
74324580989378846492096289648985744808628851525157367935140256007402392290418
84718632719484805492063216552632164521370708553748436624465476364254617670822
4674154455298046026650917804476463510590540832939687883462792290310873366430
46344722443739164296568609200783456700204048474403098203559625434596258673169
80616380573432913459543534555037217349430249053845671600366372801350565764946
49348280681622637054707129749889521773666615279527686667948170500891824424533
99222342699911489607834448052956443457581830857117416929286264912960808449110
5065751866506208182151727050089458898764116753779276586496297028501981331422
38386489523104875640987952259082368334046940648524811946683932113407869392523
62564453890781502309184022190059831175603889156060469629409296894165335470801
106267504036170675195602323441374362285416039887768922571878849426595411804205
69199344673974831402847069772707534707787090231247858488075097917083549982296
102991614485405876758059673937715044747665267019537402491456760044026005578397
82217103966851801048683812350888805636519757947214641565168819509184843777962
30192548562588729392429100435689333565598054185832837249506427122025465496582
52216876848842895959375870108377006071159968975932110772970271441602339847469
53811172690087837187379132140716951027735552604754028737513703408388636270568
86110350616154214429103482894871821554496175160880430404857476154987567172037
84252954795121873560222527757985385021595813136723130565889795606697959583637
45464505455600651052885487516731280086641076905354492162321781852517085671636
31388926150276966142072557681955846626098001182927322045567249047660513811251
29904645000081107213834122531739161498201687474938221736897813410813936826738
103122297568119229935929362813833374826393723376984873068384098893738564819144
83600289313758191172755595860803148571091074520523406349655052365392873690634
60653122235188565794562899284513812658583721442995242209874827873823877718846
35357788412808388889360057709438478131062405026182066863346559749475792005856
83176410558040509638702574742725414681706446094865629611992827511790800560674
108568547209803785923957752090645323853920345482215029295905105545608333807559
71232097081737467620539573577210827982301638420837853074063791018038144474566
89377909885051609135175255620191978798760658538447279449721825015499977042241
89765613895409009220129325802992244746825996168599690176109669927374708293740
85042291599296268090027740766887124003045831291286359367438657929734077349872
16573851160935573110394846358344858072815288497524020821455191993081839020005
23624205738365741032174002359137547142900428011276446934349826927966667297699
90449261286079307318023674633162040113412466996574903854118916327107262742105
82656570599898308614607757066403978466766762555552301022410520627900520440755
67450591186012640561185973146345083303693112276185252728183215335496505244647
51876960345713955152055094543289863442360735791460802728463688262717441603716
37007493967562319201846089613636807901480876007092588053990898187344135387287
48871158080906399896321284374227396956693481426707977242751053604170211707764
113175075704312773158729930442955617450005015257663523994051417637826357310099
16454405669854138988046969689912022956008666173989687464576104734206764571744
10076837568178632217002049548894568879501863586269787174955011678498245908749
32497235586932973623984378805091386360028016431008713226119753738449334144526
95329386589110245556347859542219262533794406914212800668561261537057808156437
17064812851316284555410992224092599727486976808427554208332787620004077868052
53212572247950227741638174758429919793761955288617660635944245699586768616363
69751926667148480416146802141632746002821020069894960251687446910609207834807
14872155790052250946812060650379936208449711896966314792950427922143560303319
42396273088186846452959657389340277034073584676210921258800480955539560781700
66313649514960771514289192363785766571064515956763207110063163458318776276253
25587020802545988029361695696436701921109214928988774450755316060645973849080
85961554623826933401089502796906002688990974162531129507106253340698979449546
11406890280648667741686801055497063440890484209104292075998240560553293436387
20741467807873361729419720287597064078050838797321844091226919713926851559241
43149525291530461851972589386006521727181530053817231707210669184229165873458
104698706603884423482881667154916300395284449701453458728120324624616579997519
96219699198928155430167893032096147687117270850258085120612137116689303070423
6795875183638359866039250209649288522348768155749082497970019981048248331055
19928191053819508966941051773695427480075269352345212680109443947781466321862
40818258715888151095695829644960005370248718531677909874001071946116491825607
30196141153502034589544422072508401251495807135840591011245572679367918939603
73055194623833126915419812236871075412302700115918854950298678729470793864394
113581180720141821656229098387584169599703629438313259984190430307988422259985
11399402618755103230656149277193211931654901458100783555208388188742349175477
36480707111628426087136022029935724410022010394299803461529736513819962795073
14047209285623026962390731685581089318817156865020122793187666466091108658574
6147907113757925832695958633771357960498757780966842382649948844254516024394
95457303291304106249047347498744298620527119714866772677216051639115850464224
103904738943948385180229252314576335729307309347109837997397955659093737227939
88361764358718646872748935899669440174050464139423315173965619010858134160111
42564912614846768074699945034417866643580694761570251269591753435553620925396
60094891119097217810536031985945980400441434575694862362918571862389708684764
106627514844936094169675886572438200444510091592886269010638908135596531747113
102503090646776187800226613534521643877374783738453307262973305459306796195241
65190879027932652693231347966610337955802382559531188659826335192782139388371
88283437091456350289782661200507719338662623792095335091854892408347843789747
71712222100664952536856710172182681248490407864747295547351351389737600657629
90522252143710164749202419896212800718344987110949764433145949802475152692829
22774356130269016066238686249394412113526561444012472108521692035670751290030
28021760919121058297827213722382944680973594405760237097610999709456122215026
39917302427152906459792331347470408747774171220958871737423944317604683365385
41129740602322293791177464334895309156215876760122349292817076724916522908341
104283804890747374910759733788185218568355867339516157758708180343857742246942
108147032265939048027408079895614929620813599309704233379718883993332312545518
82142835112750170976109554757872734003951876969602856688903099979422726465015
15252177737699191583092428783625534441703484859351789010853490681081068224669
94883428932365285593277584750875505633194232859842846491018007730636070893241
70203343012348244280028399151760756501241980388786945989944284378447272406605
110959190929630653197420485761863584661902340320849359875731692800469364644782
115247849117681099355287129204596996589026449028525930580417779684227479539262
91043489730766532443016824152901435198058686334962966296847184865237761043877
57004947929323121591444951483992361636743628698894095255608515201840309306602
68174888165293377709150885900912036387478570668738722886675146949641774909453
3999558370646420422514454015796795900480285110236919714760684905446053992300
102570303540137347436754116786713702839062231613353611244248285763079749464186
107531382740175228700563828912239430641661026714233382292893701606487449887835
48017336734719385702699800463085739517545687707550730555267088322830960352390
7757902012471112706998109125370742633927405258667889390590528207551810806106
79495109369405778151581538737446357293469917488921224415097896251472942890193
46310498960065594606868886315436019031511365253243869886252299546002184912116
23281286716291893482745947285236093745154849261675936412916915711430666494312
97090100290699081484282280173994643807633323264771911607883045634910748843830
89173118968034920308239587791653164041114044292436034476190071687170388825303
47730928351613892106544939035116829231510602814843601205772654498364154186581
93271444798251896832038646438782401814606337091505339354300025822604820202822
7854552208294125155407390709953352875144104842042057212429474076357100492459
60974924408493821470646535006213770326400859390789127530467082542285189080139
31180553851321298822529078263057406510476870210433826186046935145966845404307
89093326582036327970690246774410107476407947901680960888969378323138079449425
39810113687100512075918833272877751953080778434966397157966954910848239616330
61832430914976016826202623740118295901908210895104122822515473341922461934207
64229258037498064906086361766064974024968736485945659481717681896907222484087
7309729319752073619072389313207704452844922636832265145652369912636161204268
39351760022299791955313606364904040902463248597831699674416798959604199232626
65112421806162847187938004487399121212254981125356410903497368668477782102073
64178280240044655888307323960766997507261390211164962999164253526096712765350
49660427768560057376568010046759746846766223833959270168929919842474388761718
35475196606607056857983850104992315961483879563228081725633984364742486853480
28048679737633524917524841181882502933471607750215350553068115577108397796391
61351535592959198333577137590669788118953205629569461324630995961080494427602
74002110576923680919072433995212063877807136387163100538013968958870854762786
27494500685389830618198825074169493294672155236010634127221070055978217495114
85436715616007553055971085807122171583847921039105139809146705678427531431155
42221330381991661564128521515122917202482748798618381700754348253765614239717
50575337567773292556060449463966237676339659450561732487902585877102561590186
93717844716366003089637432081213905567702113702621124262433323728480962085455
36014085861492772204212027526692627882964008859545522986311612626861869223772
57057950828194682846089084698906448284473610273134945647185960024333873973354
54115291565127088225757034372807654853860088669100675807986103913524088863060
51247766538666170624134823641029598008206007828961558720539550999859923013700
25257038076456867521047031534766893299463770647502451162334848886716038515291
113544960195482469626628748572821430859225291699741529605603383597416790803884
67441193217309668776430937757572215956900894761130356180257933011700479293417
102087885224569733504862843206531356206347107851176593712710375745029122300328
114845003141310352476162940049167714349484491532419637976337202464193624689953
69351177128024409330843149248174908670665016385951698226442712389007065432907
35617380038313815101882813187162768448509601028715121249376351704679659726682
72883861393426477424937031170972031419590369996350630039968325987912411439371
24801989104743182025048609183852756518482902935530274855946954468911509080067
85668146060536074647568063146457437729588682493470437794967289832427491642798
81175103375555274367331050164748924415171848956569774852962261485529570592748
102948188722282996181055523446367814724417908970668665672388570863270951935603
28589302500602129359731319342712316002651762584768177788214040304819665820235
58772678371205339582549160345692688346328758514576168911262425082839422948601
51328099343014707625844195411189835885591742964358960767449282982272321426140
46315507665347675839929715682560692688527383725176279212993739901744365410365
36410553344378558523629220273140084796775369166980932999613514795834586491897
28196315011858585323566211324616469394635980125585737124560093903471831500119
15106654743337659346926557717953920861990180365240354672780379497116290112941
101103306554829221521378701903075997163187430467596370182872857104132029220505
22977061800068750187043931334157984629479630619770068624188799264164690276932
7019754530170763990723754646212546624129616593719379260376198136153353870733
101854839435621241896101430415591194680151445489343632260184216548983205356361
101715006994370927776085624804999236755612468033294048229175730684847223544690
113101450710865390103306340395344888962901194430398586375004304722308652909236
7510168575377156506992393989730530111502977126923175538000288555120379224430
16097209864270558327500591620729212849793327533219880148179035189617839368231
77338405707245034490821651050296888646073103225947173645586282649663813896133
4626393998930392092730575456215348148035075371852031217396016433434015125539
36345842411496842765331507521129092167710364938018905397999240489357029747025
77348194510168917964575522043043125970747640055111785756806888564118977286000
97138549140351819519544947319423678112897992729147980931070898782216137463911
92668768787929885025718255194622522517362345508328087823197097714139872827354
31914765515348458692536184425518189248219645776831071827556937379127997337014
38142831530800693246975805810913165817375988142787735783712299560449422280598
80787153944746099554156129447615485449045044480275327724807844575051505230392
56226909875925636770100824298211267911466099320426235974199190273022911965877
88391643572103544217219307629379875362039852402711289368945641630153223336641
93323162831912949822805501992145682007442868738058019496333152144942003783212
80722953649838717520500609955380966229485097436080551907399781110356125000595
106352319680176943019570494995893134259019216354591099973250351655392910548704
104376035607350985935310736012040757743531280454483485128144316761078978811745
78471317578725654840137829730456005539225344930224214876893695687434141220670
69047225389471606441787448744809500648513202720968026801925391031780070994201
33360834181889880304577085154383666166637423613590598787414737128908127545307
86042145128601305428077060780559342695645811711531833018199309290527811608236
21473739422872616312281231025239939557648876018746297970133006303844680353697
48800789304911019811224013318301302014571101898506244980970484823398204368612
2113639852869027623693781413260736682224806044192580100319294303095535536726
26515392941715995726199579368725043038077960081132171252664957788789005153031
72435514653586673596118199070886072197515451544829604214531347953471784848708
31961512200088600364059967626192374732987439296128045774201638618406075771059
3901157782446260128337720524879825301969154775183211629105795349199758686556
37658024994243907170526553518884821636612555853369589567607356523757798193191
27070047955112340088783719619732466397713766373839336167690361435455744400268
33887232566925916541845785390678509831684482434840871640799578063944771807580
28954448156707770121837277150188504233726932759409966182243184958704372357502
43541082090901081153868019357956209254889100126872697984981147219886443301660
74175285445004903725783199360023705088559496927953838002893390841446653561250
60098997490515130884434130565277683482649365884855867298535262144846064188879
29344423678708865980012363839584341131989282077605586936273028185339733180368
86158375067848542068015025046102679782116232587829665128439910496906326967292
4950668171911098853537979487590566155306293195062554498321673008228056131888
81490338288204605982519113450752661430173576905433157127428232439421015262246
101303463547725690557311976848316324552146100679224580199945049143186490029373
15182314791654087411551734651479842588220324969131918065619723434350118104404
36020414010047334299927017092332497779287936222167289967332415943447186942879
33401170118486944844641974555776147480477288797096258835187987926905182425614
13590514756788336316243644624265913245898678607380623402023731675318080037729
79212959539984703334179264314720088888553862701004096517475197968971013026183
60337243701708751170226007700656774295523880720230151817907975129829829842372
71236805092139220430371889555253681254849096438198535858870857218529964323470
74732170574845903792638449506921292973744624713483056106777176580532085491144
84685255517316142300397614355221010617832571588886449673673682392721770492014
26467527212309954605123961305098179205604739856602840154332004716155729699699
72240948606489992953011654889895714410477452179903541419752316001595639865467
73706448467128338696124108125735926660370611849348419429678538357488560402825
15726134855426633420921488148843656424449342976166780969096536536488592604280
2219376052227081654963477392476261164248923461407592860600540418926786073845
104631083714774356248131962654884878819398234116170040370148344640881959382673
26106574985821562284509686676555840458065992386233824484160260879027013689042
47292203097199656525145908390372196808086973673499141298566572415391677814556
87628649128447459932790668722480275947171241136003291838589235462093430544244
60729178610992862908312120856355277566553379894045792673743542878083961010102
46681785056089503883765552385867055454317243571572768087087436268766216517767
21586875880958879384169646670945485359805208132929368204237333991118718437533
21211830596129260537147176622353361842093895268009241732602508636210735423173
20788116102909600913674422980878223448120778345193888851677271901874988396242
36268375417588849360333819030375486048004063789376223946872708200066729548776
37452695556891525064785960437887194985229609669622472451445559476780354043961
9948472255801060813833577763705939160253819306298803364891739884724547703776
18391947914281298268752008886956306606200557199802467839795724831658443902720
19688820679553099303301805757602658601551809527988854539064303942802374729905
109415075015557764092847077834537599340641400647533689285650210072299374146157
4265445221780466294019157888058473609987771432421333856293611369788538550922
83893023754970346020890452925084998117881659587147489300701527231387382048595
6253416881564113811841236112039361915335767082841285794693159564905188295325
47788563592021885643833696929220953369918296485193022251113333058912186640840
54214103483803090630219419349888097190191475996459499073835431611270033785365
18721517870862872584869429444550570965928814403130503837748050751989055701357
74491493866558693813662606307574660494931155427394092992441967174819775356429
3248824258264704700294308697492861637269031221304249264937983862410471318007
48502189819411514465694310921420860662595150556325718556659465298228666078989
114170047194484054055435035276572199421083626413571483038584763545015154086264
95610906866934826139772336931826275831860970587345786061598854420527683837892
43950993070012651131264183426137504787498031780201858725369124966009674057030
65475706597809923893541421542872036147791063897566504388910884637000185235454
39508312239553059186163617161924525573075409534595254682203120032334213304461
68721348787508928004501946126617309381267558203745803313868299141821231465010
19968213145942063085777321245861994430032598990180679183533286124247780814906
16212860992798083797629697152228522582587064260042026264114925841340555108129
18829608836601285792029395712292943890443522033461308302002677766476461622170
4630677088220885134106209056703344783955933001731874077560017509426355225325
47399465257094004387202557636967418598304049021503214690558622056535384945921
52195392310769954302993977951713867296833774861229643191464361897855076729750
106026654181614023499367827100535743328019669147379303596528949166934889850714
23893097098390116634014297337599419491081979806822615563884582675651346078425
3908142804412173366543322321852781578000368842899970899738985156144162489938
22605534932162763806467558675921110824489028636975188555880996330323659500293
103639361802959346124028952469801702025609148853645625399642551438140260807207
30914843161040886323264339107457806977371038825136942811815597621427031698200
29445922000397704569957703171142419870948293150362989005627666648271241648992
3521560572343776508152492154732556846657153401992239601916785533293929353358
33771976009884103928920914725085063702761902738139435270262730380994438362648
111028210423353623098779403696875153840125909389300352544912189000432159296769
58590011089569812197293528524415696123763587872948105259520820723083318119235
92226798542181503008393406782414279238641413251417603198810631326785570025087
44513672675259146692678718504731316694057447897790329059497542676237194057428
37107391106322289674197921476536392234103038618427265915441675800912143562290
86163308464651840124511477091443522045559878290272982436125749907337494695651
63120484468627331747140481484456982898542653626202773372888803025744717188079
101191269450110807898836088952967509381022818453783456392054805912516552068414
28305873848259479171388686437240825285429940483793268837161760161155835967664
96565590404849794282644344733118308463038937332085457221745820736929857468337
19638421349734283575378003064122627178965071877641822091929539007886926152834
115313615554783756891193885981434694515280233166500911957127525360379784385828
88023266832962800176677942300598565058644302782473710724137712852654592729841
39356399770427077819442440632996482911765792666309771959486563260655990971919
42812303070160965488687415869008673901528188495580341361281532676314647329232
69267403021816446004922814485316694576630346029268935876978075995210422721075
11105570913608544921850810471447863745379445669329781319701958012678826669497
108469106892436440462629593485299241437797994091451484791823097157969514472355
67949345328540213180302171614909697470832480447048925355103959622298055162220
57708196874706848110785356422201673203555485792436138761433889380136367444790
7258693442994311532157526182461970817024793855128037433784205804800947830689
74934088843895651763341429265854784509578522283159474509904342859752524092391
72905080146902540079287475750383171475257914051723017684093539098608710978310
205865709330856416846674824152198971779022405515021936965701116377271639957
18104208091859213730469382044805024084358747079205119287670676944674963424558
3257326459939356182907483080945688897596436001811628302326384706454920136212
81986876624337867185765086874532775303946791904167747310521610992888508361342
13687280647544418866359779525458812457080021074700332171469581515828751970421
84356262904988656043683405799903314360737999222107074988288895507727871488304
112457633213237456631883123909811396541327388893672585856923556992882593043487
106949295486321684552756375202710681406572731458455910669081826782826102499373
1072503368126582013142870466585399111791295060604822981687462330848323512098
46500329133308690478598008048431323053539734740743377461298951018179139085290
72690058130600818575873866004707935411119814064821883420179202521091250983556
36561206901337986782791171448419432176068380176185412209842210912311552899079
43815413631556960561159781437542676955811531502697689808954178427829998609944
108079763759609057552507396285298346781814460576450622571984997271944714914044
32442595616750399976446993333438891135201662218192713962448125441423214136448
22004350314307819472501918271155370259532192619661321719725651629861402121296
92831732148705758391144962132870909741625811922559807875809509601003651930402
24560795622745741659997258629797949468288369862169449202483884693931692390529
42673385756336298094530816457862790034361567574250033872160314260557565748454
55285610629583425152977445544170182976667817188552481178317711831466451850995
5523593902436390060852573632231092321697033878374378824796437765038713114745
30393170794434247861777630483327876971835200168918307280974501399067103187979
44807012834700830082481392834297321729720218934856776576704591372913527433687
84555878855809038583863281947475027543085921066815410611939695209552867435011
17224570164238926826189958865338854506888663894279499733278865901913446416832
22361911373113339251908317125124117444982823140508812971623468266836151142957
74282531572870576088186162354547355223229912099093825717806956471646068977708
95553087024694262263090278293045667105229130010312333574127393397916546124670
71268233348863803552419301147893862564084017893627245156433651101306398765753
50001611324173625924827508214013589308396757564944336159330261005995623705138
110865603906828747075552179380363530302611362564913375228444632286137929581825
19033535896555692687073062406399712712657908966788248509204654607100135784685
39298443716731675469696775779355127003668463008818573708804802045491469043019
93056762294956948757625437501187868819968509361536624586863140841296720422657
70708772685833754308601874094394949210167303632848191650354174507345572606293
114381594580598948827645480946912910768853481147576739105117691317007783008554
64306382089434738393709144972563923553811521396146293380951485159627310789375
43223623171518569396801452066324819855171896760074718258906874239857629650777
56146299215255330533583012779938678824284657977047773808727023166437824541681
96888790045441583875281902232239192914982245343231691073728591615056144766462
10722216753129251550942692840880556736292819546231240406651577913167072907113
509384504803069845400673911249171325577173589618516916510456322775720824180
103854766993490385619168928577919590124289529799131681194700467690157037460780
29882364514180218518949010250605224165192788032775878698347069553583539267188
39849650811210245389020622336834522614723047053710183511835130967022486030535
53533280181980852903668110593741879687662963127567398056215317684804135548684
51747349019391630740491354536148199222313428273465850850437722352733931166425
98660278906326465593869787282884727911572869275360172781763342267319702056428
85325368913245789131927020627405445972063901708914558423289561491712435108011
3269962676190116141683825410007431872273665769781803204874370203499043774005
54374154708062016170780583526960378739477586336209658354878914211139614142334
102345138125449634949024677409026559787052694973972154900275107997314578335364
42912082416363622635730329339020052964718072409675729028339376356241994702643
100332211417360101304284499673998527791836391906804760447895197581891278193940
4214185453118622159350295329113688741420494184335760627323078415770583259780
57286149846262897954010839349552679493730161723078777119595403957425372633328
11431461183454317457271310994771649035626802358286478604064868032624535033759
98012281657505102572323255937829455353975097260154230267490919376139521028336
40402546046916682304184969198487494517418146580483719101386665127043658646513
111221967380794102666284549123874298846850903056488202075324077154023291985848
76756504103530739029034696451395721719741565356353942717918324395952296058802
85821221646172938100388949019089697910927379762356360097733650367943721661491
68085256058993927612593470340986130262660577178052744997014802850731721307
74627471530284208435084234577290750438089685207419765840447615599756324755260
83307118104209003261717822124360279103350016554863154830003852021892159927552
91998496997733669785955181208109868628134855726709115302849005592743252354273
102064012707227954376977631292884764392551194093809559872425042433099803657902
101331373194592134306176281828157629384671006149519369902574383311608689083669
54394652383769282888887593401135299684916438277394439563633601701981237414156
40755192053874539626127357779774743481902292379375277253030274698287003493057
61670278773532153159587453062972838302580104008550885178248645325633747053828
62704686781753859182712343360397660992583807609752924976926589180746960212360
4872004430999822543968027357589247213333748224016228528763197741729440187165
56262736553393338799510986088889626979230098212135681663414887770640786357057
59265277987504249694734216808235899865646347473811792781702702194389559562779
55338218935671261444672604611009243898377085984836940719640068352986238312806
74393504864403547090348102564478560741041955451743802143774356677848157742002
57703559218259222468517018559413061296415706287701611440468839471690029773906
49410496377751392767477263246965450418390766036302197005993766415878728299955
66791822970657758442786991940158550350225049937553488252510797588411130394641
111287346340101748429935710246454323936533677106243351471770133296758432481430
99392662987792516336080516012977157592680872102165105957937952582431588549424
70685459259350114536803093006174705867438961655898228993399588338046135682449
24198963059942736805015718409518314932500476572487909927065916278892416716004
7582926094328934172671395850053915051555819140770363954370352294450738277073
86164482247993926917168770822904451015059345589333913625648082551712925158785
93758407206490613169248228516942162305480267690018550462038952819825114105868
76036897399563389117072970108672042978322300721583891524817607551816907266318
88224807727102060852076369260213450516310008868246903317164461971178186238782
111783203764472874480487332825498173500698594062410462480998457700206476639459
40968593406168610403708572003736059002386213526682551023283318827822463941789
47778098644698227527275765522950204446900496444130082066652311244531283974836
115219569623148297385460151559521789402295377742631521668117583422628856994556
44841139801227666593790931741237326239676782468132750305262588420047312564
96532096086739770431764574815437604574645444339658224593718047356023401840769
68616734474662560815022930906670259965540695610132947657558603990064651507852
79443751115369737308006926039968971156052013781681346014869897967903323088820
57475983499419787039772068799210342469432333833554122185935250979611976794677
99590764701244992119463472701932870262403965827199143146597191485449178894821
24622695960373175112076381100464957565311642884339820272885523327162410423354
10464150942697929219052678069406408634591578960372327751207040417805844247987
43564946611646914832926327706841788706446931789866876280560813862198329062792
30375082076965794783292855579632451022386532720368717495752407010991818510568
71645550486374993698549167674328750694037532710472089971593912173531337605624
51866314921685728826417869274793778058041604724962725401279320282702885177744
113777397190531433574322003682271482517242131158332065769785714643530236292555
94446454623548246297672234721708414822727048679626567589942366941513238602384
19100560001755268521685166954326017310626777201213549307833705117144899659093
73466850363378026151411220651875572831760271938559826823838971291561848441433
103793049036003621725340049195443067470525284348053147418686262336898464203894
104317387043352705059443547351745162391093322489160475047559724480229243287955
29697085004285649873181959657086637779666521817668057714723043918423813164316
63332630198747503345745236537005030825013165050642993458861752100781390274322
57623863751913270016579402739038582908143078957804675436621287286084261651303
81545717483561530078565585581953992322187733915030872799931367683282499575240
32327582738637587598198402541741381844079326266796893812307474784052243284136
79553063764510013406596885593926437218416359713587539538248473715186192293125
104139363877477636475216080472552526342527517176148402832723892225668985874228
32016431221017884808149337899684393974877139287500943695079583583553195121485
7221890908783339715687161299028663469324690528450089207100986653480073943868
17700220981922737915635668534002447864916968918297774679285531537900599016712
76625595211518840963675622339824575856168313403077654371411453585510767812038
53282465538429132598311861476624590414604769035415209684449292636941712666137
36817792734575286648063657896458369857040845375973375093994228020181437866594
48336620381066729742277890219568919313473381491325692716071447367882566736965
29935142888460462666107043474457851514535046485665436294938345975709221742523
15960667017200115085632189268092454798551583800234929383071063548736956914806
74948898915826289168388093476443241861056788657046250609496119880509257415008
99362583402991305161611754523921724692930132905305625175489397304926147305756
21810161176955356061440605648119564199433020924724479271985248549177281635765
95891350505813645397249509936762927722338354467989853887825027009655678469655
96056787953815367727964165218273015095554808853741550219232318158066846217651
24045028633294284660042272209027511657245758279840664103101614551569586259739
99570328016691507099427004975832857142539213106389987201768347953950198802187
109109704513175183300073336919840493537334217820710844560703885037054067063203
76418767951428743217774023769432446284267174865267905516269281430476399788125
114592527463664891028206855196215134899217906099583200635056644819621984925431
66517673933262586486085702012121602155056563883357630228412547448090667047365
70501126346859985636632880385334044278283332803681299002005452331364116618633
43234478331032267030711133687082702563161408766421702279735313331928114666603
112072801759595958734847315194054844488780284544161428465757879644879443512191
79175826031335600042872438711733578467577462703091382469785933432470200127069
3749026432928057035715563005602321697369722435434196492081349546570824844620
13036037832552075040213862021145090659117632398854422592600886450837104222144
110840663754220222223639381461013455607174009476354283513227600503082294457457
17832801236453980180989670760936388486654639005155673640253372366975206417081
29884573512995503669962398829197766558579182343934793465761264867278387239519
88583018019187005070284791071872640872082262398232785034350189870165977617872
34486291297203235545337034846840095649944227031210573811324916644096996637573
27925988604613037916541366781015994803130111145823386987099236453188811272925
57645281336287900783554017018165358625856603824727361754166319128731919127018
87509807985017282083871411036846602371806531745454281805800272388843449958148
25467268028372311494107024059706548225822425319947049814782831296958978076822
27127581570023141885847946308619759110518263318096183740147352016822225121687
26058399603613835398738602792411877789986276821334437133210816783564417807008
34216600233234607117844008542535123212897286655082629150459941805072984000115
87331131405746990863437971387980157184422637196847305215964193602668678152184
107317077616575683222789848502172556376940098077663068515579174191291864321777
25776980286110003088277406799708975957439366994221089539917491838657468380532
67560510284020817161737804715703623869433490396792751766837893043372210889271
74337309539274222030576556611586749016068854710429006418290226295111386108649
17892892286762567844001454161142480342214315016855789916328937415848579624088
17669611107519541256490340931851114999795925274754271892626507439627546243463
27809084727092247867020467601228835450707297526065336750124459433558852881000
7356964961151901796569505289247280806895143956785006702743234968302216869841
39274322180379461997792074324704980515312982827211661005281028176290208472033
15827493291003010909527440983238338374992416308269975725120602284321066085043
98716509346579246510585526889149687616518742328238805990313190212574078604605
114247461229482986311192417842802018875921518135478598539825712859778813261253
57160617340804028738334063172204989418945640682431083684969689381251760294657
52179662974053627473616575795617384771429932551311517644291193963317077592357
69920208275536460798028227825562350383219886835999012935364213959888645123385
30393305418537050420202395829016711491908499207966816947609191942857015121064
106300500997731966998863223492255538891988267860260819603066898383474078228959
9829486135618402295420999172883527247251845472107935738415495645052332691319
69399877089810076682035342557656482694223029135554234334808642954257857597991
114409792755319026826471659253479426104742017626867238731533609113892656128105
14104025441905758764813550680316154668913872949920336104287368060292544673484
95329822428431305544109514515595181228158607514185068130351824467359099228246
44207885617469328698634846242573231854671399180389493250269633953438308235217
69945325160075730621845316081605324733498329885388907768536374512230959169296
99853232039367098595496466473889791591587244179629659595411839535383630525561
43795804812292486833788473467955801049661077771317294902474880775066264037460
41182105658183835102857790579828104865716878309546419718138755433227340386991
75089694372656489168381012106908521931078150185574274596822032562834607783559
