98484846935110302395775455569213775794788243124078539401837789560082060872280
77164734752895292250708266651738528061291100284718092598420467325322521097882
109438739999019593809798019886324461676613107606643824514263072027009579706674
104326295743213829013546130361292132462349020273334939624119038206645406809076
111445534245595951792369586786723670485786366039446568843488440501644802626598
74099590541883644202869726698218311544572466384518552181278423887966466925230
8483847316132183512760465206838707405895111164058661593257605637700852249391
10740100884962655362684878587582011367137293905246270232150869446892592687181
86883035664708460331368802964640449486686597448311070269474521753055429623328
68633890105081035683274475829399028469779787890404195238273608517713229827649
115595522669535497234272741803191499230700190586124474676019787443368254977671
108367026960778506786045481020613962561604798305530486463186284108857787303407
68777522432754264796548747862589055384740294251047568593437561500519547208914
66733859613594449072401348506516021828707758734555217222595596833766472718045
37064718632472529704041985903155554608698577488594495525662923724226408670155
74270506631698477625994925710453661050658942196417578285218577657702060739098
99475874482934953269853540659100939577909758353266774452558061598493847407160
37988882822785943871586979616428333193855053403573016709683457200383636614419
7957756554199586112667318186713104961475910439433417272534821901739867802771
80230548524760553585939015828945018399293662389971865038669518803044146721855
68246964360600300108865049726332605171731687349972292269368953482129932315665
79781087147285665535843046982893687820652609889568812461620122239508719657903
6753383834896170891673640851941913445985209020018551766536178265349069690030
72408827208389911044183036524087329631399523476890628963039648080046648351630
55437214804929319471500857115028218268238210722697495958202693230657937622792
97083186974589965242633089802518013522829332104560289934057005776487027484816
21068007037674788895170414214021062602804392599642786877461749931181446597411
13268148714675550310409459419598598874619333456991917522780385531325219193670
37723915278141155086502480774969554051437894152321264341484058100473794632699
26751986116860692379366358339059216716703844399134685363316647206341325489380
73606884924355782751752087878654590761477660322330666722235951534971811432657
17058276376730708806499978674527819323152089528744810377872578520786276672327
96167319048531626064978190162164531276484786761998521512072833732459388064139
11817279007997869926885802706466550409349629122993401757710965477869308364965
112220231482422119865853823621341724243153578711611684491916393710626208914146
30984086191052540691452434014486822498886294686931782520197884103756901011093
85047351093352433045130928383730135361565350671318345848109225098083161922572
23097400706807508424588832427425648113114130253234904940583828222621395550485
4914422910578117351530264435069266770952094107529626161409145618745641158455
42227043713504465652953985215864855095915195334059461185462149874370328926850
104866326793650567576222978663323390675489343896137228013305367168030067054226
4561724207652435504060560792836884842110448143012677794134539791691039233012
73011586126479509832241533009930391337119094507561869427131110098431420397128
59372618008568173671284975727705437106108671335642614759358619025724837835266
90719710961541982150356915788396989238249012234444891561977420395425294498994
37058301478589237561782888727748297193263925384409632612132864925969614664363
32975913827953729534946763163195738512351145879862797287184753933125858761929
111177123730140839193135593513486184873318031182087899926172078408108977374881
43252956784467688566727627960319172991703756069443585385410278789767151901330
82712106625914925232553079915834379683900796879618006092280377848805562685308
54560253084128201122561853599193488733743553590631061137182042158408752097041
111391992211305154315986030857907063567267503193464773116090656664781681900580
106862817637141375675074259900339898202556283329351721629296783976704174596488
5865436124420167746629253231197280638751397285216647403125027400803393818453
9334928137529253904779733679063624515398076304019166202517034042473841611130
42324117286393154192225182164749895985988217253893091971756743859331842510528
88701762171952669019424957762138136066573291372313357834329047929609209861219
96642697750413093701321738393640779966189432833329225590576025435326257013872
91220782246404026582708234994805963913212547364653875229151509407713406865465
101467584084574284620624789142369907123814965134218910781728278143369341928595
35627558735212782731649148429726920754470618892434921979062433909339980408004
3550815802084367575454493996167944377107256704256689196102349292726273938187
112696061132576825491172157682552998783604799952453156693778566881682494576779
19516731257643828379061187097147164141473477108234515915721814320289899535200
21890690020718720490615365861514097384396171251500751356330034429390834421919
24556746537160967900957758683682382249129637459173563909379247185285964269760
57283923750081869345709743673661432955442131076181027685953397138330281393525
47482985525706028652227389541852925052137351062816243422263754243746827413031
74789707799385242151848526346996830076979738917326612385410942712319708274594
56348991771476804601352879479648345511544075263898024644136803665843422424600
53508524526413725520617408235746581518607775747656744020485862389259669130501
72296342525192395399714146771105298158552548448776237471333327503435473880417
79150390382951730360035416182958575243882241657850609212038580418627649921414
94912458918649519792530645490019340401551054332079137478510733172727321161427
97557571702160637169503330639450017699998530047975114176618560990547633444799
36477698183609086454639781214740842277107658323939198940762168410731384042822
73529329299513909520089173994244484179891813751328813503480389271316375227997
99197207092844881577315129705608399894290504551440912609406533419412576564931
12853501070741991474544146233114311978146636513078200037925310670977263458455
12765023462908923087243300769983384447090446275659506654789486331271893008473
11941298732658042009082096717829056054555419539351573389838491534825544239061
18431738759170245695237718976231474425961935939848260733434749186670092955596
31623419042835876863193854889319004314518363225162938264494101713032819429644
71976964008678953142688328167830009504164973476596395328680653306894972647910
67791875298710327682746758685226453400237321695449869847872327380322777295202
104978540704707768701479182557699267668533355211077738973481544573522193277812
100396700043171002035807855943429847403945245986016431712893309463899263494405
34627124157858670081239371711481664934724262910516587117553221545479084673129
3229127756617159126048292914004938472547927119399352397109978385242276287268
6531760982724288914138255854272600171128817295081674451650531903652117451768
19465227847057765967023922368554343504488666863591065346383121478001149315977
3903816633451287077310430188193454611530197898345352183101288674862675665961
34074951273925206704507001093408123286443330943615401733210454270795611234817
47960283684159278934447380974722545874473109363237461778497540077692382986303
93283797805163718203558334203814400438094387695322035494816956558221723039400
59762454993268867300846386841629396542083285850584836037340335141640972909697
30283536795717645956619034589378630792240791560642826210015501795085953324096
46713935117589066609436992957622311684400209539255521455011609815942705349834
3613015233713804992856363303548831414154505298902325673300091755806043827442
56449634703574967982378851132942270846487998658743104308763531157222032564325
107473010591141776800248757030517886976181540932044568959533346290649921390742
78713308098153218416125982138978467811223051149851787432393665791916336019406
77046014059908940334507099074988824069167518870865561018131593076805964906121
88374049321166261497090838529700135220901523624739265427163166527499437894577
42679599517296294711397058774243225354251185589274046001111342076029457120149
48572632876302039187395106578422064460636035715037074648650367222836450316749
115053025873306976065983558068237579749765661080643651407571312598116685690996
56910923093419157332445073442954973202743560491177487564380035396541010848293
10330656590193520773440292889567794883116855089550547127243596473551144488340
71862629854189360109207171501318021868982953846899026314150053243566841403972
114077086177765713122643119817165720570920111615144631589364332207537585331823
68996364203915723682065679102409678932217851698299506816760423450484665244107
109869138104546626489916436153032592047555817084305067013063683109866247534481
104821697004738044829738793757330705831588395716390341339268193835278842138704
17668344386018944715856063071737470320744050822252381190552008061321117625392
8967472069327191443581144490084853603262840270086308159344434150671874347816
89780993865920645083442501332317604537985647754228568319382088236311257813280
12566567712999821400974286702178690264015808242662895989352601099448018444463
63733730064815456217195019446530067048923111226709766421553058182137020507623
102495664675196548438206882327620150433329756291286770523170748437636206152196
94035252257461907635857450720175903422143291225109433617014889634324855749792
