4864623222857720730853185996509480389893873396612003770009215924170014793832
25188013021774801992847042337127327138988445050430451347361884965165974144432
111164686155853051935811011617862658625358211226277670737363289354728420255923
13380041558829803957318909266854894752433386762377970277489484588179048225660
84414134793295670745719819758815263535921612815845884921533557269600255071432
20912503411334870017589573189807162123557525803569281498590303730678764646765
36071438986689858576634297913587401654386769937294793561883883103696731861173
85050054123299003838564534997281853057273352503754602692835112157234065947395
62062164523024068745063790101367006033558786414065070826952102533787841373783
45664736950351053773763305798815838155623418291623631892999331070088875433867
76381422400932447077092897159926278255928242445193789634017084503408696681078
36791516437725084629283946689102192030091818573155109316690615199474863534684
90951812638893697137243507752447604133514864795712183671595906279185805534730
18922258799148882100794119866337311376702343475385509714574650032632161180912
7204669747435315979643765848234661551159087523843047661597376240636944572884
42675907679612524667447217924850575776837024448905100006925755078635011163817
27744385373034751859392310166493127894282818679963271346931873576508396881800
92984665198668813363107337223271665012168577061670674488084381508102540181881
83685927668971788792725563823987846972840924540667534726221445815466220072769
41712363110746863229959615216459337201817202288610465622930595277814451674276
107738682228241972748261075186565557417701141851805631063451463455907889112015
83258281550408233689118745619189421048750906954784408973029081200176004191303
100243883143825441159780417847540219177429079274198151884616997051675191014485
104070310649732497866909749835793694171033353483579462878510555999283772781161
29236364603653211440343479449243480930880073612036280924890382497498931228907
91526332990011420514632605299894338778745018842582437400883760847050920941075
8572317392099934067314596500511393035075403168172967476704260797700714029689
89580795963934913243542409054740433427620202419118845585469548379087600249198
99984518872179521690854658976268486235762862647295648081456903924318202748656
38014129238822215069884230736658813544890917059640307895891489042026936645464
84132834423782631403903520839851934692461994365511210994947719698189951538675
28019069622308643321141664248745300126299167982549310539807312604553989894103
52130606267438151790286511264309667686416437142351538762850188740075253966504
114637412640464548280663032425747032601142103174101090350387921868506022286902
11357230267054742943853468390744141835696640218026594600758969744631901043714
21865362680429481686388283510647797733049144299421712631823212542530978131084
35428014710617892481323049965604494313727299709247266308620865249864276224452
23513430405426218924125921676281034634551759076236069478529589079222878898291
86288787517124545016715986150150542912298598824217681743912419263728692322465
35065984665192097806399773183380759059140116903848042681257586369858204065069
82195230918872357967879698980829312111643669091172835533149022113746708905487
63341520203350547941855651940645457824029690042788031507582682856650904172272
8389807140513465407048787561102198375206853903173888084448167671245120812924
735824066988717276570660093289159888387768337166828051228976705787920878347
109491497810254563496669716911431222318357778966523639562604915384845352299627
64104150946427189868562545551950288760830453504438837313332581005505144587172
95142777892170986756586130423574413067827051658452870153623580645649806666152
9117990023038691974924980273806250529784892118910040828892242694527601159509
101647344379278846978236729909577412825749381589370308610994025886413341672905
26644854148083154865491136095224468805298870706986739652654989130238013667553
45178152193244453976550621461487478487357779185343750532804560931554011681432
21039813150518224790546573504855424337174660797580970566874062394006847411691
51411941024553243755321238022371650987040663170636703774646531276447231767751
82393721307293419418840416214263099888194720223496367663045283724096584072735
54290332157799080518974428535667981485635563086673217390477982904585901629579
46383894777100587498616620181963904263011627532760788590116537905670315991185
78590264447559238067514459049268199281131360875380568266366827614801921984748
70770427975526072195608532118370200946308351114175573935930379527863541877108
66438629058612615332489053133286786509144471808375903185569811562251154411010
35739485773845733259602855299378881581997072198447154774521154288306509120844
54287422114544662946952524592038617917483909775573003367322147841444132225638
40775833823672847195783601871938558525740300925651222537287213911467072155912
22163612115946568551302278585511555760522054675712373864639142701748818965150
8223645880925599738053012834003470061659356132528922281063149005369326273517
54682477490137910862845854280160180396362297162449396689856715114087381456932
98399439680908588255161969856565108985553167850120536977685582949147253395714
70492583949510303576181354899902183777781921971684157812256844191960777235851
80281486059939311290233645780497732652868916457890043704807381802634981491274
9314269144819480678596097950422151173365633790221668418244683945345935983774
88623909852436714212233816717295106832496220466977461764416172301220083756930
27135688273996028165721112024289812237752023974737202832733980770323904488192
58682452542865280507795894268268223786692115073922295898183018119376898881614
74193417008904505987219594281962323367621867350281032298617645615243693784299
44526640071113227101879486598180403953477498467932351331161966836139499683378
29271981105466783299927998154270809183462271125797893240412986065176267205192
46993453810244530462408724488606031795385643326631133046030165235292801768647
4409211021635681660943842491959446846952117659264266234063852471080130399421
109215241347665331305268476673950913668952420966567437482521893693795727603568
15280092863608748068146787502274132266776386589171351168717990089116461079365
43599156334062407610334214023889745868233274698153984840901911780755736587070
24556936659605294607478268130410656531213423165274492297455629915231263549220
43043046032219769619092761215703128573015450172916386678508876324427324271804
98167211190357785652335142820625977292259337908289588138573841028259069915546
51310430650026024098658597199918212253359154788448721395452772197545974202300
19247853961643204842727213991218085460309961303719412827866061669808098150498
95817111649098540959176006522017119310538413131489184416883690482994718775212
105419904173920115549323756828656523473253580432304254888796640120670135639372
41932634310159262125683804201065190252279700362829753015168454819689016194448
74145547140353607076831026930051852559228898756078647702612143442566266578678
33846815214620151998855410896762468286982810068480018932350576007706845621386
25018217615534472061791017478654959164208371962042279827984810197114039368018
104662932717691209287251010351311353361593524178336202713354572759512179220587
92492681533036530432076627954217509369083392300504204663678135965940477054411
9226597555029565000945599237429024741324609817095901256955746217341188066302
27830294734124420636305589130927140026156412154509535268154429576735554796659
14640597093215525214287037790772217039520807921765379456726855167943033735595
87166535860487557721031040710017000012151175659603413758951563505572247362814
42206852417561818552675085560430620893188309831669004350671254478416844228321
94241451852064703456351816643472350247413417848909671374718837727695332466403
45414299933551830635460222304425880235076323129066349732390280713238956311902
31938555392187389348120278956785032546788908940397827280404527472229768643970
102604717848848741479302520631596824143702464794867618639821483381586121614010
75151942710231259994343634685667418554115432092379161023286669956485669594827
21573347215362739409697523331493675086793211362588326728564136009769014002106
50509416200459205627498526512727219165930192187224431988018580252587142537539
108766953846420302869249110815264408867611325829356171994896744996906073995220
107285395549426603622416273979462261313590541730523363687048662746812207996199
81819899664885610842050238183772845117913418175665640129521943052781799960423
39286705907715734403555030145286426977304940115573182208311159320091123258461
104857462004992964875113522538387593908300608737623174395047328981573686125717
90733381170371543647376681110537780531870281722300312048177602034783517871835
47537571413553826689499292551376616651220072623904837844689000012255820844083
46829421172856961163782376892087804727094171239611003053710365461949348835706
43222052606983348692273620725526433344539282206231190270185966962079900926511
63618231916623761093551132354444946859345876350521402460512543313728918649447
11467646552701675172119138319660707610064988409483612461235426777051958510404
96526408880811425410902108573368217400548497134738538556096513834877836099508
73184406740008309603320630481439471439580596276243965665028673510017176932187
68917452130175172652257526655014852838811380079117571446881544934591334025786
23631361856801693045593251961216433865008190957023752103719121489041327150687
55879280760389067482047730091776094463660423055329365409282423120068194151650
39321406166008592087981585002953263355558746527262428598769808566194456850534
10325545199426200611853651658599365217997376249957144959780913131975512252237
19876768195971686068941375029285935103128604540339198418254555761874659933834
59211306370287812427111876274513403272322709066849961365338388103330344484317
78363300118295206516905365425873710516630135345202556171328600397718326846539
88427437001159359338849426086831962110546027936061282541176660553148166826198
85094798941182389160255258595629620059272639264492296019332396120616413111713
92528692870327412506629247576859771275342101489194379782812179277208714043877
22678352585720107074562199416723193653461335986603634198908049047957362432816
18885587514943809771077446400877760996240825500789603744609888236724469211827
8995861638850387270611704223239352200207862839731261414911077680195036327077
46640118911961350344397155306754393765933706965697555695971267897085653189833
97379084023343362048365741199246430852090910002323167840594020465715582688691
61602291181798163975855368151225304663392604899767302784871121912721584200765
46106199261909069745206163880822379551230058243172458413792022224405531111524
27051695097562361590115559027493397144548389573079437342495486246806693071258
2683591503758549537583121014521818696795389590861893562938146808582056616252
103883184938061081890837054432546369162273222254206014581343468847558393958701
107135419010359310636425537027545486397695640249813320994908848609443623814383
67461073104191438128110414853253444533858956699643183850662723472578183825875
2894678172002417475857220859294384115239925797859225404368559795163845470666
100975683988384489363347840665831035796773328998750015575306263231051854330660
79261757078668874163867737243442798213066483768111877374636139683213687379533
27695330335199359827876803154062037037872804424379076824409208271487393967467
43550080606000644333333689354554822903745423217045113773600254338232521487558
108814736976360555123642376014561085013334467063547289395377488342150066676312
88773993462161060829591728495982633496530436069069226431096300873834638782885
76559549202802575855446046668329704175285075133636538311980200063313678139369
80817819929287828237870152976378255799113023683715589582439628657457006743236
37655466164179515760777211742388639299279725150388812226984691276384176802372
86384865974191248494522217063683665381100397057766715341010237411071624427344
33341788640021528219254144450235207219605185766489540447386081610783680814429
63883393128358908275001808799051975192567564806751479175591459155028689407865
112669294005889941336976662697717105956262149201011438704835374758613057865531
41685412168799055460811032179295855232838630093791033529069572817603435642114
74385511211148899309535968194593602160808430766613727768196548453491680872713
49589280339698597920573507032946393799077352923481539313032273571834257866915
70179890486632080690854798876848938055680758066114470375964097158303326551902
108401314327530570568112867845507428121849249527533949399658264365849514904942
109155350110030704040390156056158752185725780255324523551503870918578092210418
17045510714635972484423245143582639388423685517843022729530698797025832427023
16686704554058551460362419401607500969674561858826537761256882177775150375834
63524399530436502308345295752518714487035482025318181336587675965301228778377
85363332704591134992971396492982837484225234560492202651648601756508827264910
89081889838087824660326823636663916601578393075203704121256486414343088633460
31664958417595512722958250666084379750341344059000594837825672084312996672697
28549242022409133861071488967873727092718637821202253716342636819168163069159
52488476784492951323941242178772445677732991558224863957683818922270433513737
47822137550117219513243506236959394816919265758531296476185960023949214600508
29302091968262569407928762464287379591673079948880183590051954551533779831426
17661880009469404639907714519271644964728147955193083561377754462712815662672
46527065626449435873333364798257750381090408548846951640525922305872270880654
34739900673117760761076765275048352045314046064491295985954558407159673325575
57351335676865113720031137005622690961913647654697842740658758422890635497347
32979619875150857058893743145898217510580150330042573699278548489882581788814
28718354837904891180506069378511508704161409716621889940755243877505069984044
85175695080762580793146474289406987439331092421421959691948587049994247523239
92485530353392173909769076089655579021034320232389065858872999888526342168135
107596941455905684717117374650383964964869669816572341758918135459583334773309
26745092097606183588107589276791907860670156707780907388617281087875989568763
1695189850603217640081393411544883399671211676169487291478872896520247165543
90080049557952183804206101155783681772712782272984076182885375023885881787234
45159280468959622939955067774304153900581421841863374975975775957967634838994
33787750976711755766323817360113796911559613665505732370656672636217490797902
75398488415815103956515946461124568352094102146880259043622270607867262016469
48095876637160910171118808064202572180100976854239442524989986671042487448638
18058237678535578417173628862121616814818939080892437457545583937953849157660
22576634751851384214078890478036575168721910693203157455362141482249383954568
33901798409066999119705571622603961398530108594928785168503296880764254140008
90859559626772666419363154888631199216115553433603778441585338811862415418282
64594720785790943621697641727659981777665991526268320476313944031214658257051
6054976606067257141674144038277685046730867619739928644647156527131519833598
45279964292226538820347011971315353087914687455739302939078916822512209476486
10419345078914895263320777203746193312684941231736660223972882991864955190026
66616498258739461144972249803950249791075504243727706875865402044714685371443
110568104903820055752804833187481003359032505932616459977931356273068271985051
106344309342397718324307717973609209435204468910730724723222810354580644444732
41662469557265087321869781158178783316258764401718634457791353574908802866077
76948079044637388574915902309922526192946925070589131788967717539347903146301
72483313955116905175514111779399234897613061829401355961665004546464561763608
42833522207985445283804576675827297628091218390150648406370061195154562068115
64525258364195266608840018351765378188078538784839581716687363152307904611154
78115265894314346646903265505430294651350110810801984460668914599226175146902
49971979625922598738103019486286638468285160380333715689875274258270512808680
90394101672919504982056697815033369885734127320254250112009750809945564316805
101616249684967636160016095916231702603697723376231701405209329892488711865321
36898960327045352466735928586391282737725019354310287695734011411604581170240
71964275964601034872201713082312483170316103382734920635393654722125172259186
109758086699346619498075357351020678715258279775029794494694698814051944154820
46970230092619923265858032609496814107912897991433465184464570473865116049407
64413645601842698027631491712561420782814889545980545637087082487784022218812
11897197855893196014904944910396454129819494027166232242545384769246246182128
13175372890447107522924281314607617798489853462307844629477784624887427307098
43503879473251924994374218740907356538137390420363997383439996806437936306516
47504340562739807582155784308762338596948247441602308378000250945583674588648
32109465311102013029626263728989634685767916787158895829999467036439409523667
100741943357454221202032348887619209251977383261732342395602327513019826567384
90653071978066997785278044157573195768944515888703588349768492188783540934323
12664932968605767034716351851689582970181142721091314010142337437019755502665
34133610858634775045591289598682370695652933172789311757045929823857482953016
64288608732712924672257175521436557402961547571616667073478555075885728499969
53091198758336499828325265086359833360928592254285673942003054584915524864852
79589265491080138404113163256854674275950796850869502412649765696000370345646
61953068440746207534032758546819950819698188706967930090148485703650173407385
7808953029317043694660575044376496044235430391202206660316527070029296206874
63785370608003185669466436562043405348491515269210058919508266890783046484251
108400000438392754659404467025849268082525122714727629832929345615874898126462
29548524773549970899216221727703460571049307702124544560215494313107619792075
72143139416104718763148740523649983179408914649369224722102723809219378271849
54597303801533144736337880928529252627722709478542004148227827665887136544892
33254727138330961470532702173596867290142836950146087962720991355067982855798
28025248309566393413195122799433717728938088670963373556800449228869391118974
77757065383364805503287585289681960492867821108509868053703494952367882880217
35297841202914331824892419395161711160147289541112164726954773307092583265010
89860066901038994070189686450615530371297174723956049499846935692726659731211
70860457355534037502367173966126699074305223851306064614498210797437307631511
102033797334559983104236616462689768487204852795642919528753130964218044016148
35416211059779005522300810711941427797229853809509635132584255131656482075772
82325810737199434768430256814729176210550172959702160146667417858357290591861
67511138164471091979754125500809200658499677595310823694687283465583911529213
64394157677760836160475441398683321318282962795961883119801703257071444515977
58646296187774964661668052059572556295897794536962441657195001802418810214905
71339383991499704272663136937280637653079519283832803132464932367234572159853
30406715877774026852976183477867618709282198043278605574583786728050823473824
61211406241561134762153042394335340363802003082553606014956710254427071237024
107566586076629739043523432742771529999217975094183371181422839746201679439690
104356082113554803217250892735400991502156721211600782013893776010061296511906
3112393243639068150949596314130681387387131529394311522496801272879467007819
82441885344558069613215449013744838445120078130048358177094463018029407524035
58712236273151527320052206102820189329436546918447003834363040169618098726472
15235188851958584128897458528330768358171138534120241861828727348056190547503
102427260942864392568426162960844494295343495704667620010730674915518596924851
80001258583769443397499821429908933112237376184612467345260926392767014593813
43236532159903720941291219624348827646086552754926886116425905048448158061671
93029689922345623539341720683147257688032785774356674982889241966323293751510
14319608560875154448784460829013042653876727570631146475744742397019689001627
46472655048534147958082939792441534581661571149143667725884201100882665114012
74829644585272061345057507376848230712663219511969277949446853585568886245976
18085515826125315712847024929347729343769630632972039295330809682433107332174
21577352128716846195954942748457527007570513150572290658293078403963071405714
85957796248228604659275904160127332577774610346137469900558444514273791224914
115650618319718108725328304439038048755076921394279328642735168542261883526732
55481076280228038754740796561016136015080912199352130560774432992494384053186
79206152057755715425312537880667888360327053974025659403732953534766833245966
948330256959482083497108266445984791947194922236254947901887034964711495296
10285649851533123331599433342483556849504662524094237678299805912933964926591
21361960660096451250472965304477121822891796014254416004955339798869171529661
26037164295944444323176527457244988858618179792859921920920310192502525769260
57383777055206325181620709061892202952805401133327908494847698487398917117708
16957880370863300967764807830322505154230422970619452014866036754596483292633
30815996755591034180634167085170029248437836819213995624904507531525789605773
36416876113275806175168049576310286659322847661936116313500520774370343196777
92871078517522879929923971783991847460252904261205890563820509255027451096195
115476539073373969668811773552758340970036768630955123162280834443874844782034
90901935463321915894353619077514930006838554317375429038117925769755646199295
52145972522260966039162138809552458344839230334785876117088748852678826414838
115136026287652060507047465929451317159781100052301280612408613062685438543435
84015939347722350668085625597396527219510287282006215666007073171904511852230
68354554743626977826111621683725992383112953459427441436061827343794484194947
94669116527186395989712275151533683345392414353787118435972786568801209401146
94671320942276544890698847727494242005050114012365886725345634446787300165911
63284019361903740450769000047489622205995937571168328711322534818917223023389
109988165593472613359686645484694985378328582802901981445766820255500454350639
38142844206551215021059954321604353800462312839752318885287515411966134171009
53007670272618384204437735149807380840196004436372331308829017256698237077760
89069937381219353362812392390296270642967610405677846010569317916548798334814
81027237858134918701656538703478310150032613691820383328941997388890275553052
7414389109545618159920545298937661302560835707664005654270902563130878130151
92822105803707718675883201508435133232873297571826373474348700656315172193069
36279705872556426393258207790406365239541843294832457948066555628591113751831
92354242709918132440709546758276340259276967807121729880955373424056407055724
52023393913491131334709864688514718165723206245119789979344253437956178441512
24596710278158024973087272336943364558692783095281114923967899151956228317223
100356501948243436572281069886492541496244262672594234293112429798899577355018
14435737981030080416799343941330070319991569295393142099667062369275460114004
48635364350054965613243905718604380090823131747215198365449586505784136339183
66367272305686072685257149061077760177025573746730437589694422652750152863168
68831346252442362617335445249564749199387860309195291736845006539142655356979
2697738292186681984107769462316181387606899586945815885290874657394821537762
85091436968127978990338914317797157695431815722298514554022901507300386968424
61846995615849778236264694315999926929848967946457246541812920934378522228350
114520129424846286792834289158958880181290357539336485925245383923359245131085
25094561545700954484942945131166037566825388054793289305389784466172719246681
58773837276140200466260370160335511518226558393321268194317826220503818933030
75622383577555545499799053916031873230161340592753931589320337312493214433684
111894031749574264172098537420434006349726535549006723231712382487788476780748
39715379142743938790044043082683969029498130744869442439998006045518297037864
11371618222079595434447944198926523802386609463667425787529189493334042331935
82763884416808977521893563210121298316824606692836559089006479699871120947816
84945338234736969312095481020991743850012124443866116097720530797061912452663
106872470002619658828882530648201913548633749672355695377905778756183946603481
5278236098262126045123037098251709682316475232265388274557467094318368951252
1733545180669907493527610522523216910879106780233408723695371111878382223985
3922985634901678704281334679764112547723645552155401262296842295280998803121
63155866230822621588987973650115835353183418786436173762663907152685585905456
74344463098492573857484399006877853007347116585856942559171699027564434145544
25148899859665848363804966247161453927228256611312009861135851903490358743018
13646377093944747078599172207243466128533354131378738100542190472544916092383
36816054911228030360978126273399900520484162905133600050477847412246574210957
81404307700492238113437206999343975403339544054922275265511819089372469961226
17628544995310683498594152380422021788444517183548169522680720476495003058573
8631723972971126365876493034691565721280933029543086534346443102571007597522
6269975128790826685787293696800739810192407301390358764289750665133426310795
112884340759089251052257534503969313859058758756386585108405344525235593672210
43024402537063699053531423153028863656396834340438508513181350313321886660558
58723907584657432293793231162294776458394348774019495228039201694547800481417
201314839816159747988111706999795926462953458582085840718332021401494165833
110869811261829906541798124155029921467994873346143223072073102179136363034421
27498847965782856654060110099705876741050167185111018281220072658703730083241
93463249743989839052354382447681125351621742346479529919298614039781434729974
112562781467734674327950760694582499655799621581901273533535269718139466321978
53252285827209474472863015470310896253599808718208272195838700002027460729940
5373799235478666834404160150242046987339001141308911447325683320042615554926
17175266975373209772773555699667180637203095701990698041929489031423820819336
69225805091555557386913335716973608887397858470176316726288329549580489729470
91573888203591663200435826472838089641366281254757138490038342372659935790723
37227862070330367735541354597745678219420586267182553263751972213315511013682
4521633912896447522927514027072729213201312784930383024873689762423886254834
65303125199187368089226275306806797780682626601362485485939669891163508714832
52721918352572171598350522030058608550416794442404041954253186030546908065391
35892383419702844226505561675063055946149081156393347595491408341954874639545
61573793337900390004636394570889683525280486847863526049404977169433815756737
77443555925326132012485946634251856979783120161722557139754198487966147321522
76324063388815874047326560224302689956661502409216750511408510602987973055861
109157919403438608718107411152275237594399525480508523030922424022351434293443
77851527582842217069583943620628061121425062279461916835081617497328522030628
80856037879018295199211145667112807521853826316822286802616195829511349410717
100924338501470826536875636523586932041992709166627607948060353285911954298904
86512715782714936899902305100624336069725585033358363399999849826385679041848
85793243994858793466781047146790238443410340677624438468444788464762654074330
88157919404664515872885607618207881186205532396823771459422058727117431274639
37131328343081518661836425321322502740453677726179419072513053142245401637227
99782680782142546499194916071695563074745356155584439847435882209112685799914
78941020878863172980842578259845960548719926108260172911813622314942605150604
13107544676236591561583077049283056449958080561257036112322197926731972769819
81889651800285635757715164153398230091039690428400334102637943062124390360945
90480124139953169104030973301252865448423753395945264462118688605802659765082
57114951912497701770353465402212603594761535926204408984898688817369101974417
2533803180821091466533358109909005326152342462762523333318610508915280585911
15263367834276211423168312364582006544780818594208144967038293912304800027049
5466402971091728636598744434802109788594378999403402232821331277054753702851
96483414480674031398912054347813765246324965420044660230353203477835405418600
37244799785133041792334989746101760658301238524616715624997257018441528912906
72462894663614171712648006656541575620419572500613016064565052643971666028235
68489781512840022664243957690453073675429283268260016367140238198325126880368
27583274729348612226718022218892006969247652268231106371798354270840450997697
13536609765935096560686298468126758698047193333461116036378723798100306946883
40195009569546441723682708494751815509614129413148922810459221288032962776308
8607821507614515091425969857428514522658093267378987865012442100712742649784
19147025900164556696155336134946772710932157869019782801420891654993905354160
56144093136974194766477794625609663665631133892863649940320503952261918185392
84861555916898240682833925428827474268953422439857316856029988536455171476947
82229529817455016516005252562718215354729343850524044102566931424887278123099
114808655533666237960689103697899261880552753017531095504553322851878769099405
23971821007421556040042573824795350776662502961940706052549388021075349353164
57780103424930061559243455394896275081601608072540909109684250572337338689894
36737095063749140842911149482984724626123841645745341916739704247979589318057
53577643079037734945422376121128778229056723003640369797672829939531107879802
17113962417196861411360657667213163115005877358472972087218355015809756729668
57443434919376312752480506053088810420504578781235619302054346819700953448369
108425866162957391054904687454465557386798712879775326667530903640517218994558
254568012237019034480954359735638218594556836035720502213229147356227726399
96648570303050106849619428631471176563730240922915373592601003274828277082599
13900992583071178239963356216701987569027451317956418317499098796405962733881
41221256665370565322646289583785588545610565000955942826514128707095093174143
111116932166189013975023174648640214073650090245503666044758610006658626250742
16754198308243274520607450629090944647308427955087504901211562310072910535474
47343215931948072498138794551146946982504317306713142963129441901010338035414
14902065661949816308439699911106392672621786583255045744143942344902274828375
102587503065553664263915347833043536919725950422646351956373077068510882048250
31062571130068302892468255590735940315959499508729433622440168860949735650775
66774939489987630109436082490057578075198217823131369305313422611351552436519
13860119044476683422522353240955609218969952696249893960851175935543349235883
25147065708354083659124553653900258663634285997483843397503597945102411214429
51267697123572518010076260174957927244396055596986067926700782805153604252617
2693013514597999876028297816397864247095545464198229851523060626386165360435
15391338452868761353669433531166582208132625604849320082776634964377458296514
9278119454105644653895490413324543391059038256503754187218697727797450205448
89926710831349584740492799793299198226715006331088548224435378282191020035374
92581260059628222797826509055809804220578605143459726435746958866748157590574
58560840053796688444158748657299172627904158628994016069243768973481958734155
4222545521792553267551339374895052034132751282126082912613963054552657478772
59815271007068024353697479811680346760214983684312287786787571743736581392806
5330725204431095111733793060937489221053180743073562021278865908875009021996
51520442269947653810397000345328983732774538459138082760735778803713135804517
24800745066332409411019378746815344143932012953920361003857704202142918377073
70964748661241218230404891737881108920534530445625165324143581519532227728968
72447473757540666190159394220467526640524584843885088276960062255736575246518
12830834674853432433093068074244479189563537708222593599438328214735136077744
21030265424081197618586655148482890511376863763788458219800925302737066382923
99269139525276357737341759587395727561107295422268996033450634897035081845053
25304670618140895996050813155893101506085161579386639347895042649367351136960
93447281141843461128276682720679925890571623873918354934320134674827305985591
2784293095022478699699053318926487204419554490484733959055575156992707780821
100832445459799629028123725486335630724675122549176113759754658193724421062255
65008151593154193164292879666456505939993967322985775501739247209837532644120
48867502102331415855376781248235415363120471757292872289115545387663357939061
54247746365645792327961531625287969888171403314596801460257498004019861976171
5091313958695138294903513156447817709914709869115622089349283842635212012954
4877911936338225791475018412296195516031760213045313244649634757225517871614
66523790988031285227135639898951422311853817699093039798524099972654726671095
61324967861692652255415519382139900096968244673351390630597568596399682288756
12630872226307431798402648682710119164161351239633252887409806763033115145155
105846039775044634580163398004290593440202124736678570983918308512293695899442
113557920145604178706369872645752855630856111696527564624849695958856468758468
43468359724250763159397045861422455983395825349594644466711263684660010816629
113183218917661100804045982242981174089291410939146184640134947778618666499668
92547001179749395498775752726644436720983797034556185684298635896437720728736
28426044496816516556673478741341841791047864244759973954418335909974190804839
86765398397974416206361694249633785864267739394006764390687650761912978047038
4762106315289530170138518953065321031059849253291208371411767221317658486713
93950892690253434362920191475628844191965737692341126354073836829302364011820
5922652736818773760828289780635267608658322027753941872889847206373017475488
100060621410048374822320486332760361338855943773422824164767666679516480407734
91751605111228244499160671264001796855544523797110074595369004442825339684955
43977776223566544629714095762537525042708509952736577613335106092125751325109
105831673242603586406633130606489576116467184400724057782226169872945389991164
5765571259297555861734277092294443339108106651260023981897510461185943055620
84792874777256008055852720799910115130431448231062972211810527210537751334637
32638992140603791831542089662843186983948324655424522753028872814917011583045
105841083790137966625388979874576046260071383627504420423378543674991000331515
12350381866431712181938543191183018370748356618086198515825586913768861432881
92625997728843595275194887585743462104963406613706696289380061146173842637172
56907284075366605081808100287396242041189706733412594508653750410949076383103
96150531115194554044077368979032361156578200697083759433099151101979502396048
51542055027289334516794260374925968007347245661227910631074144697312198065534
30654990707796543976463874945137901975969075301025326800879909079339994708794
25752080128827144786204043164169098827742665707218257263886687157197448187741
65783095764360339149453569424336938134286923946193152986778878830925063956303
106405892668955835977422026179938350408180315336749786717323835040013531254084
35069078290018168560134868331376929098463230954133590216801488495508694297053
35043891114604072142698412163207752806295528011310640731568711128433370088769
51976972181250685791273570435759534328358954106336862194841141395628424181653
92394092453784248523190627883688328544198279094318263663743021941455651213462
15659764928428674941246196281296323985083840825243229668731053823253336541601
11661084123508325494760843662730505689230040165692005464702224945202788808336
8618355294528169610922490603412542747796081887687431641819881357863585359546
109580237338672057205923150700350144084903217569863079295074325182770436980771
54649609478194769885024007523923400093284072719071331885648765044035229186775
74128070422905816057163598707431581012823635753674253712026904590229430364038
50343766067653740094359572932213229155517019856634063530672066198966046722780
106634840892517919775610431628083932000950805059275445947847825278059725212508
15395995028983176254535728937043369295287288616791651908500919315781554858106
83543878629499257653106232649368427964145217439398903131651384532052281242536
103906716064406942083094515269760205031313385587249011716176075551395660709710
38549636619609282913697232570841453541224407607124003046052945875404944743800
78015630181234580449922173091437540399437089092193337072562530672546364293847
28814304879992732425380418292361351491065990100743083246715412800605027234550
79553490620843706507180823410231200382818879412022714585401399332184707779644
71779656390019934370682142624661054579064539476312501741964524066171952010012
108127935781326657813741099573436375429835985946357654325141075347501231771044
7949994968940614764691498566343109643132212983154179359790415064546837760670
2718013695944970431677694931136644400182194578295208630112640048975163754470
108368747601071742483584500708438465661032352380142545713288588985221734918710
57987179469755430751192372870924681062236029585881151511261239198912937346703
73892151931300381003083131125130638923459141168361990503118336801282125805962
23983972010573462996413883575907021755171234037605998175404481832401047710435
26378792952060646310511081951600562982667211378624545181799484863986525854525
100524158176885163096876792589811913192795313552093923967581944735673788053026
107194734242393490302453509669396317404435366517862934976622582357095559472340
101818293288312966170899996916043239061612588678714238178048074200130213125980
31977715759377556843203715790934848699417388573807064762298786795241334564903
72581879953310443577723430475075492133182623297830386156029466044863025636185
57459196456455839696826346612056503015881192377632132447427976066823760515915
54851761362959739780151152025448210064421231995446072608515571098058757110607
16198985088518722581028578420438895017109337218931223168673615185431393493458
54775076329754510592712577556600309448001475447527869883586538968221169938674
16564865785960432597730129083060655754845690315345554793424292278055163520041
68475662481105862470160786998791577182318328707078990289242273580867627346105
99760225641139727151700316134348194836541129894600814322661736799784091612510
5654380965215308341849145418198121112912326512046409299887314983424091484987
22596959707206528350215749778675340303034852548521610794607028782102364570231
15840886546936048352920159159765365537377703837300500150176080763905083830926
87771286040836240261720699456245174255519535264009392553919122092509490530333
97845257906761710125501973492770100149024970018613545387360408440667959327137
12712950712579663017250783577524584420218595922025748145010784498206836698109
90631943633479919361425719186230827132557908567778832826152906118161633170165
110456249793009349641587182600963101452699450644013076127360264499569710576620
59573425474597351098659770087520207363525875458373323668813577063379732625714
103881052294657325126029837961583543831036439242701513035680242117384555393864
81291403420357583839593607662182166523886193255369115386343366382746759063421
32133853438516027360395315128026786149102000384633354921854178648233155493600
30574603689462853688098015633991627608085623396153069512832605379345861994574
71012635748681884382697138805622188525228701075205768966560154098328719620502
27840323626117036723852906284546902427133178801748633649812767144266862295146
16490158650333656398969945503989054547589845377572509884490830514870817459856
13259149834195472029675213525844986699874082867856707348325929216909096062981
2202412168349150925923238934898195965176331298721856297527641659513010767529
78880381182772281549353289964554658947058886900865470908246981139061724248538
83924050419923830546416644572277257176580613382708021928255566886606203943000
57872929954448337636708134993984425681039018872507257073837904135911136016996
89968214423693886193957582090473178650502089379084378400792390480795704802400
87803984213163999774753053189412155156955445655862929923127526815116689322618
105013317353472513839312785739105543614598360235983863762110039658692917897083
53993564713856183116764547427604917706312009518124916318980503553791664813638
28143549406322738923953128248893981128554153310514589954956859472677859452767
94309417469473273778877494284488181209884242312698906272936726627194390996045
52480465712919672971380374625209875299218586018936768417291857321038797085839
30690863614980321738859982967818250723940759695519536269857397465452905254092
67592068278930983696461186569757344638781601146897543109053782834786652804660
49288603584804949368983951744548207628894757518745568877691924695321604993567
78835751356701786846966588562001677330360342413986150222092616364759679932732
39830581530655568014432354550930354869051179489036682139100754494028080265793
83549508074629166096077239214962638932554924357931449272815725005468945724371
63755379468654449657936180012596736720007500376062113155832455576235311458636
30369753446586718362143589247349105244785687498434261199889626876721991804054
64707561855872168017847598763501642855533056583650782393079699736318054257528
16204055251900201382317081870800397093661622798496926144020906673267473454202
49296079419209773706034049224768215988812138027625508474196045127801179016027
52011109429324579025639149514619816362322831756257180650413787065834161544106
46408943643396802938838563519096538443565227867844739908244442104167204356048
65996172714353757986907413705923535744971518622465774324153840868677246596893
68740527826577804654025083602633585464657490983159325898920682118091513752686
61446085324767443372850774412594157220847071151588022962927949075945144576280
80823881601818630730146302133793758442733951389868688724866235677252112059304
39972728705212537508037164505720267497719755099031578850423290238289125950355
48807212807476148085632954439086004516014777856656794098060401734738033833446
53075988060585205869526443986979228177623003420324996568913411906091379722260
32263028200303011365423492177414824888284262118348763974148718299104996265280
68052207141390998009684313053730060263159750540928804061935965166065501692410
72082413203044559016355556626452205016393347841695521528724361239569738814668
67353121430099627340853333530714996718672071316646693940496396391500678416013
53507957804218546703864563569749445198789442958031498349935497058855926331136
106887440287446301787644328794439013605624348185561100855109314072129619976324
5997592460079132234498101559462408278574816373945120385863546280696028045244
25342044655202180294151894598685312559012307468291518772741219957063771635772
110249810959467808201059726186582051282751864921125876072584215182455245545851
41242808799579111113511482094756252721904082660560972375430365142666528463216
29528610066505222661900649612761971687137563398285518608879903115702741930967
103679892121591390084994248677065943123202915752389027919657245126510044244815
51031472115520350846717547166011294703875329124906540063621108400355757442131
70347138651007790970705208889676381736562252401664286994022015348684975578346
107311066768601507867872387545554918482693260455519780988684724844797584057875
83464158487141437157565699103875719862376156212354499516130375807767766960721
16042398173558537383021665616028677429613483483487303917453824580056648666569
81107469435250976526476812431848732276001711577644473607960863472549039794329
21229038248989304529515127765309043384889334255832081009364425054589339912939
92398805574610566394930932371759084061754677023572113311549595399592930912084
106640509816060606257234133511849908006610605978946174771734780110110646468819
77016715649172258536337798852604231596113060823330101991056877071449201593343
5297208155617896616912914720851541128217369092589380577133419065210319395563
50162794598109434917672514796892676416600554948301292523203360739199740536970
57820428715765253603683735959617905025330206637966875192410851833474701216172
38413119443804590699011451539979849765241459893280348781845549566888781020625
84944747992596161893500797104347026080323276524220067154696671117997330750311
64571384928380978249243391311627943452754354746540955002077382630707041608072
30555514486806424972771983626725761338412195718655934162061065289062159513018
92076946121765577897238795142437984681391715842786920886591488401172719242373
75447481679768344079599913648632108319757451440338284886466026706113468984008
27541245104050650293434591105273519460036557977924411887295142501399379757392
16300692754178577933194939533584367059449431979813256860137676750762196867482
3429031152491304552833877991531605435134321914875848318239507489799239835126
97708130697635889709237324177820967555734347150755316093911692016606643215020
80865209681826455100443833252605819061925714856773629513280611632395538692720
52082095402422702667838275530301725073107600395361630811069280061063958173711
52559953845580733010596935180904709912419065033936024991075819607918429231592
48443439145128930326091862456213856327183658650989040872020704350035698586995
8390369139350072430867609605696857961030436957231611955712033150940995654741
99954775563782450242876889655221750919719640897480350112388506810081521211249
27881531943167149291211250948830684798829452909223925767963306007703507846119
40854134512277394308064133182467526686591304839131242190241065912875245702176
105276460520468221488918521660937526991618122951927675330630030394517970761671
36027780358200310848831263610022284457345526569173134672072757581987133245002
105888529872019884810958137579269968506353594587786301654054776933883688533869
106754574479714936197902091063344657811811620656303014071926061491661191614600
97914307233896327634569359659698307925313813923002713783734981160972727119368
101185436596177367792553347553824202312016294709802957998251681085188427742491
65759669636672409273516705456587745109422643503734332034415654452452400339535
100013212749292556323454110703902421285910855607933929004806643300894141321594
65827558177794754421577234042359684737960357571680376713179990365730893099083
60533668968644955712629877204717865164641507130470486447481262658957353054599
35534424637134196702615825760594480198470554269332568847250642831815614635591
50816664613489746791319992875635920428181131290041628556342766633821146470521
63265699558971716701750389456499635327183350974624910906391663143015155390238
213733102935806170381858264152938169932837708911775564363707960440718834896
79896958571068677071080126822079853988810631023466749776728718730568790293504
15443337485532437865634191976673473932055772851396413915669767342693269344936
105125013848050035213171165169926642662115500902688518763561850819436244335352
97962034624745447762890407854199419587117238481328396261722904984333170555476
71187019562864597608249732437252297725960038203269063981329714238589277971974
69460902988740571690820177063446829682508608093691598459929585719819062462427
26715667873766146648317299902653380409370142160357503186295745247260124632858
92534883694840259568932315670645902946310716782144372076122776420277898507250
18978338651574511765280247546426691511337416181944863958891106242565031191719
72643646032360702752229658817621043167397927023992779019139604441947135165037
2887413485680666837508072120257379645694953347596973106550084651409686394374
17157071617640558540922175829137162027773659304108072008743961449982923640989
5823636559461685346893593825730669037996963681517696895700291929160972087858
13538151609529069681357861646550808312980568570926191385250890932596423988237
63650887335245281731868626272169207681608971321280833129324012973298394152333
1437226212431926369745926961302587284896334821763457899696861750934136049711
46954994540117535795473761483228995975600554515509326168874706249046360772397
58113974438680324496398344898424603672545045160563076618695889260381614248446
25793490899396736937103162254060607643981299407169714486034188750524807487125
77990068753958228941064160707511770673901214925035115966248102207225186997681
102826735812145808970263965313003418038105790737492959723496201825371481687257
59764986122370919797265565637319417630963452143155974418889737042838522720569
86811588717077080093673463236740909462757580654388032750162461709938370224400
7912662287553999895111571512339741002170864587122600728750720502315784648842
42672624177658164547044537551992402619567451240678008913779074919530879393081
81050405918466297526354452211406325668740113801309840839721903994331702261948
40431207407053673283083630978703732188266369778135879216631850034472969157162
39900077672516008257670878175104791446009947888538862631399693228850464303866
90412861319735580251463223428124293064967916337348937965398296651820456131563
106214291811974027816148326602477086152268886038803598949465368718462482096835
48712817461706620515962022579847794260948472024911833400224521087545372493879
48234189537338445489703537183386581020196100741384361414568177912585012945064
66542559666429709956767273987977689955346935863310197996685549429365703557797
36499097077837900057704594979173393572121493559432720141881034607646975127757
95955166592029559865045279175135628147218171036432289365829095834716010396460
48758965074634611396423516710166091951270569082462270984805735614723168242461
52001801722505720544399970319888388194619400258852226399758369985510743715390
96444139368866679141896540303237495728964054724799467197383458942091572386034
58965243515293453285767228344291075801948627592961905440963104816322001875956
5014333241372169308797013927433964884470437329677208057530686487739296509917
32412078264162763683470247953983480299521589167801561466251466073739505947289
71387821590515271992908381425538168022566489149763546397650687006564079445998
71906149607489790807974520470659379412569669351448145928563908300432406757057
34527980418719540564523593372379905162586832701709311169136837032784649063278
69832750377827807495390966426893694288622025840757214266968289929531416437102
115202165756765324239199677220760106072111037896133067731494906297834079134213
79028857258664409330860783921512418222292277870004616125123876601494355362429
4719561212240071646460416026363206946061460860509541597585040373975067690838
51914946360851156015421042621133561319562371585672570242129174652698770999945
4654107837914673799578666461142862318539362440433767761935802816464734833646
41061685249364217270018406186438949978292114094685393840407564477879428892975
8698584512015516717982316749210019258914523067057685519289214408468540883124
7173521422232404314844903348559513814035480925170038056978509557946004573149
84058752960223955933766217444546981000293291752144969973588531859521623160549
50895084937940213168075695139691393422993892348665838470170321274582007845532
32175482041485168387541224810193242700128164261678316653095133654659094490951
50188795689943253202887610846579621753476170755528656877130733605095100408368
65089261619098174511516969789636009016843328615124395281511780380093181016480
17378623833263253088043650372939684983325455747931964702335952038973579623195
103784784186335392657168228707763232818751203729532599813366380160820030565255
104235795353308861028176161972289107184439749380428886977602906406633912569086
83578007273775216693013428570662395503538388907945186879279849634078849475338
102650128523078700330476549632743621630185473352161871426071205575051968316985
67051449075890468454874472358247212897714432756389040803840250168744681313128
15637468286519619487755147988573438750883995558988793104063039525201259977214
13243324303884284640762075549750055695228087887776063111092932964506752335460
75421002869096298114936975094629596673171698303981644150951123239067137062342
264358012549906471574220098213450485424880012671765135149408525474953192705
22424151755138342497123859722707021476521520071933826557226911523954527172800
52208088541580303994721281002651045639252039865860502907230850437491602803374
75415494457451669347904119456242604008413641228418607082581428706965637889915
53283204396270504674880625355916507500219146443281998917680600297604591321539
111267923789668741411433678721822761075120092465330854693725272563843950687437
113613993088256447326400222380655433949841602580467280777779312837165165388927
63298099561020087367733588336375955951947798182755548525058656368858608423628
36638050858952488840096471226471375998877046045063066611355710112047367470015
93457815792611298196873524239559118833844066219790989950320383418745126279366
41896242635868935291891655146244854711851240759255704901379952742124164682228
108170305776205475896876091715043974204450847149814747769729117721356453576348
106958925969475398611345493417238436760882613587636747963132614307573555753121
57230097507112122320082638599864201064671892037689747667826340112274020355321
15214630308632481339920454675325638900940402646384950010344881525115987074014
76126504983391497001834114200693837268224652455323483814446557542479268178557
1861195439486227163465787569322457051865397079466973445212292010988355695642
29139219428555168533583703077581654038403470017967015237213615530520238734867
106517365645749264245029736300936433482722234372266516383454876300919970420559
68937045272290631975724337082285779772147044890167888119838615652620292038281
6690116981646546514031740988408079039055365356121463185148312146562262326609
72491602314086154210461962859071257805731279368725330354367004802761522359225
64511742342322771090190529712206152310655036004645487724932011828767633477057
29746774258686382269019759542354640368524279883800549165211824655135648156027
113044906606358606544093227147658518910270121462491080686146758604440453770098
14211572301452379950452223334171093633964370811181068573851522525574709435407
3017132076339105833533184019540784914868171922412103223969780821894164260389
19632418182838193633768538061812792523071082754062668335359884916259986769015
40145710312653981223244725193997375120303457186385522570967803405763893999776
101716223565325232474288282657769312017794083468957267293182818992100171106701
75350887962629652749658929673556528193715619223962556478128379355663174940838
49015408191996631786118055216718601385855843150084795158137034722725253577836
57603588903015843558336246969880683312785804212994853544253929823099077697881
79624671413779895427841891894316552925780251866897715203551545277647271948420
86802892045543469016632930184621902919710275302451779926957087984135341992221
67279645551460647107358677151040304056793525415865300589852541408204663946254
45788387718195154354829914276498139655865589548857381204794215753730660020485
109347937451733688962474963190806021016111623727287119346350578023139007716810
8272891757752131018452891240079381895846807311097416853459489392455061690909
115176846107520548907069628011887169437025762020737631246699484536739718179693
27432260223524506566897237833034607935633713472947488100556272726923050373414
18420002243236278906546138721158910858496021744625681761923580822789635473070
38486605176145371987052730381694114959017686881480579675182687905125613886381
34568274279831287646455527934601938527507020161453662680857997670051880791026
53442142057421082268059832504627725519059085653510356911756644125312835741736
66291033932730574904852108269440433715207728331582322424026688329203165357355
66754537220214586367437611464477580772695509038465824338968492476696789322036
91876461624275268012974317069833194605858305688045686111588478662193478988581
11277173757051154475714871527984372001464080369992776071751035591898319810791
48093956466986765554536880675590433788652566838972779446227506586943229152167
2701272714027754503843724090008634348418028625020971885827821906321148251380
58144544037851006153149590179295823492593883477535330575567103592454845141148
49384682147022223789836270795414854109505960553665595266082335861799862113631
108327868544225536041703046015773115657453288075040331721458683948445826293404
6097981684541316960088208051486814179643766329434272186889879711346426458320
63723161486262665824519322843959179417292644035477886188915639374537369134296
102675963936132863636465362404991557632467943724116758407525560219494434121605
107428193848604470437537387928937341978910968490315115197482470932352813589852
6544295460812897869951703407293667598126560293377330784459107310337092713037
104848624530005595926869224385098789715621749167992584010637171239200758695425
95940424700775337421251340127269794725366374920764484283391665895803954639767
69488674780090562363223745031332357226744155396710773795925803147564460158284
36240830507675999072680341943211799469156640333181933365011870812068249875502
21611405800854704901840869961473884584955122979000764348366528402542069737704
3901621840589221693508541512091490087928821919236650567020814893258686191431
22984032402635215956190419146826521937367606278938545331145198407607978143344
46876367481807372544741435391642262478036367958582210965832716969892223013811
46658939903008635755631392882749210777337096814905396703868990371384957140115
48233777905221186625883761371127051377090187681156661384848370018874414425080
89501363998406805970979313640474793924923840018857093505410408688783846869290
61794096770296719743538189277629553730184463382911873548147302952629355957176
28427247326266486509752695310649750080489760321510047143801299965760023483639
83294198099088947709731104558180418242878436678256110416118930808238300237638
64706788770605696603409301206850990736238281622813743806352838208865889526895
86814278143671978625730158767050611651059248790182623460887242701655519268068
59352564648924599954550506474552228083630337689970264508329802352100545350040
68331394214077910266654001690736380122784343411246248819409782426510187325249
109759676458841430823618995021540957417019092217681342504479410088297265399901
22904205470751251915434232115547747903834623277782983812683832567551462778747
44612236687313845865608468004995597222574401911142195190350523736809626875973
22384990649713793297363126700703582704244698697189010883782900909399118430825
35939241575010637934034880653498062120175376963742369853553690244213215037044
89225788692847552480927167275804399009254725235378752865056460539959304752950
21751322820866791283222970576893507380674931488551045234899037234320313971902
98746843342135315344405859698281912226942729777436551536320426712145980842957
49407772268015402351601907467366426632995467879784810742623601375770989854408
272418736073736926365710555645134085286108547619653992389193793771064183861
33268726274981990319530774053405425428198489986806649384244135192015745863843
102495768873741579032099195762102630337515364193273311682505012215791520084480
27918147864313037777294650094841923645278149619966645766117615785345133667954
40592216171748316759532396457959898050591235556414752296364973842883053387322
13378596080931952120038401502584305633402345745945780802858273438867340872496
38553130813863163097038266469350382753649976251724993472059371848013349108356
39277812443175498138798642752006647382970932111929042856772969131926138121952
90279142779743112161744786645025883870260225786988409796492172660040882410933
93141057484783326158243112705945346910929738907911788935020893595134220258306
89017300588131850846486933987403511700144399308587868092278746264733109731335
92016611168090560009547966480941841987337083770509765427051039645746186331464
25706465197143146821107885254928863083997698941768959985331789432785200556055
67474445866999058890504320785269574665076739680405205459945188419244117870422
60393845603282875099724074078318071386448194783357949185075678840759058706153
115062724625737699850545023300635924296667106600190417893328130374242182787897
66009844735840749041411006555474941173045702178238972901161892250350048572631
58473178624086377900890053804853677979889475113036902987468931791403471350916
71317313214720339101909330803455256310530642234774487029757722355560948521773
106078048362706828653080909424429395572394874714180679723865755720984877007985
58150311074954695714320491476697412870616162381471666417207946821936133211748
86919557471410867219763988366763035862300786494088366686533706985358567468509
114249335116889411895859260120106813454922533161910819384707662184654457253463
88644038409585117205055102492312362795938892825281830849570130779382279685757
76791303474026445486880742477331716241698710759371031627936462819103854415095
44173581500575357716872471831629684575751806862470892737617992895364265478683
36192684307049610127854004020893171465259270061510556237140703808224211877741
35227102040211147447812960746094288864971528058548379582502229652713732533216
88325751859232002506486699196047887129404774593474309749635582959300366782808
109883299257777192809322723763870031885359391829266769778175584984548545558050
60916223106781884219586927508597958973104199725815609272558815210572183086897
104399711122590168014842525886656234364700979760901643244380495920265074513519
26580517024339622656174344218774913125250218613580433952987380376819090021481
94062914690055785486427063349905882228531337076843763346778758294053172017945
37873910525810004361297702293151140074773397272327251248210393097189778385034
97792819112882950498095034760339986842625539230362324327949218544854253065583
39788722449902387123866499639322464418170245360536277045025209235554104560501
50055474472845353133848932037980217506297782549141504104956725289449491376597
6489516339539507359348310983432479043850454375020162500049712967218737406622
53868498987570429629795410203520407471865615339920214721556568388687606402810
91875971004515142984139630866256386510506071017160996256709040221246756782464
70065583886863814902968020688094719849153814406635084688042542355154456288850
5115183042563064939913870165821300955183994723004848070866136325624750520175
79481670639540313396020987824033106079356261406322836134077886757037980356537
75970624260893449205067711237205053217906975950569461235319900436094070390051
110583190727983623946948114741750115537122850673858270032869347557180608695475
8647515373792200294223137051361060140230713220906265447051739020971630402370
22342708923485625646993140820242362543274147608629282642741104310891589580780
88553248325144862437850994392791078289672648349325264698028171358825009221211
22260065976863359323594602450007819710141803501261217829750479062137088007693
94649325088259280461272939633583574840855105107352243946354286255187337956642
93751049864211903488351951540035419503312717136252901254537549741045123043753
97933980679554426709906798280325937100769561834239740637613462023446680451423
219767505691520718291502344827662631273965272009992969217383517992395212031
81630785492094907989649043006011261047945134322260170819623253634996872574204
104607198315262612709368664983712774900317240225486286938394146186741808926032
15819806343170028704909442890812099181493750065809486759996202891058123807108
68363940776512750831296193004837099118485790949502383186640130347107959137202
49800446329971822980076971818095548035147165339483927360102695495970311830186
47824555019386538384914353241823237803243390263401774904061992307394665237815
106609138300808583590195027036086788551158708326222014665559169995616186036114
83996530306367210338275302862735521952152995647762971841071737923255539475291
26789550252408765290787589163915559255778141672179625191214131744837214293703
60758956985481633238448248587036398315363339111298355286862743681373515233705
44275827431347458485677069756670719519218246744997726701233900124671031956585
111001001747942650012444869731090387230106087225130980121728277244740176876602
10705941758251183834083893267217580294006528092943593306492864550669147378584
45677037574412156098429953350935341765492452200180387145321530689777174503608
17531089596092039028902223526960642921820495427969471256926735316334534402377
87953413213461782456568652557390925712241998211291565904215207298672475592216
41590567084440327948986032546501173969189748961382438928193206081536252786997
105130232971721242299373719498190349151731383394107908829680463798237010728561
86339995383681749340188636292224674621908915921949237746618501688014137651555
41181569632255411927733412143507544223436076999601290068523720630682270061186
6580829499671804645093501789960059301948467328356366607217202358365359183635
112493728915493635114265334628214428124304299108193005416871483665131665076854
7296518979680484015729241738334712404141178332229841321260186971655101781230
62869063257498410277357904253519670547188237182553732380099109538325037295156
49401627789131872046076240733882207123026721385923093184884796420504608318682
13881525729472630512504202610214599793277785715449505982578109006844991503347
110392793734247373409821429739250752150601427894132860469285684520302166884495
89139174884592374796670797111181724562115290283391608963071742088944931424576
115245301713377034130762220848972218686524426253924138929022404045437908111140
113576764226449349055108996428798156768578808779672326995346147906362428679036
55841687330802272356941051838571833280526487362126358824642672842051694134727
8820299171443680995632151593155334804861047044980187954204540505359067272854
35807112457875454764408876829154085529187229176265994299009983636419937210280
25732122307462966076619266247566054306794715353220216500886106389655022385424
16644598789743721072663489057252955044624587867704329745876276552420176286845
65278784912478682480202153834213135945957702219510534413630497776620407792425
79459308584190195542589537826626464796425949504884691156986409813815620461524
51567448757451067185250720860989702689720668423470684864162841020059055987031
17908331081659382555484370588837408591214722572758466923617890674687866531744
94749103303028404628785949611106995605022515872966156230845754234524685867067
42919103596171624002307171471851649974795020884703480340733723368826712239287
45661381020639880072370360974819660895783106239246192796843644227635773891593
37549720999317813048451349617212715320434214732543700887627429481298534370986
48149052039550136306613030557683418987838045370348735199152108354495731756022
71696010782486350841172888821519107582766428265461876677061596399974131707516
76927467174212334377311748468189330928951408486259535783290138777455713846504
76551965278211791264230656454210346651876945300564643834783269919988458812909
13329864334113592004074015627515012846469018329523297734160439595023743214936
49088059437141967321249941072017909766956344946837858233445883712246799662409
4883151924883759897648181845183916793503697791505636423158658049388601030053
109424231667431541068450399416638701262359420566822669566756650751570998674171
83628815964568608000684855114618246123689953271796930284976591593481415172910
48021468235499561959725080866029277784755954650559061001636040850655472794074
46361534304105284490486378984646524041473261938709599966105130856116658431829
106846156024133660332835954973837010567715579868064793301324101885544244230178
67080361173746478763038038730590816071385874294943229669580676839784003276063
61736138188660369766945730783897425147134667090414501788213029299256501510944
69555881164314647683933380742147893386608714556610864378292326194080689520393
36498422111066834769789214453622625571438862595432912990361097836782357427853
67722428685406764779477896384187815617794548842593927526294032641853049419026
109518583801788759379118900764116393220530217501211170725474021394780668130321
109980891387775434245918802128720375575028994965096532392269736691136308231435
10295305362585242259197530941323549461718209400206089807846214561762889612818
57560649855425835608386449759635895613866838007282007976969967406730162705975
92727387823588949377403771102442812725749508570554720699631792987653024877926
86223479234639126622332119893562103149098325907532092907317762965078468467236
100093070014559254702316579981634534662463487861904397008885094842463045136439
13730162020163901069412806266510797372504802909381136388913818428469341186704
8827198051625370503900586307134100478899100075073558408989698476577354983121
114102233003199106058820289301497304549100717759836673373522047516475419415614
13599994351945088323796364647163602002403143780376949420220671290958339737445
55684503083318576635065848348248147158631732878020821670206787781752229267693
38726468895810324277351574850542490524230272333540730536041627021569074113038
115094895622915385176333026106063585702022762043590452774676496537588988335274
41713016201800457737806780455643644898956458464540148313061236166611712735906
31079354175224481148017032901225231993342073449601976894802964812826120079659
58297383784538673595023376877582235752122719227967884887980523203682301373178
6734038753574196280664904623862622223644129712519807466360998504658508091316
3277835766017450723070434687857083505964246998257577430691202967795306991834
58644441319759174436828795961244237753637188157841337428879411166332910313022
7401206777044832314298546258212068358061038178759932443049769611760217167235
64597453663461716460562834758558852719150586160416487704724047921528266181280
150598059264290108950173224032507503341369156072062706578416422674245860183
90337743598705607434707053688847446997498723046810798515002108759322218823220
66695329783168423451102242386887750548650317401102940507721595647544676522513
98973616525874458988178778000999853214570775738424026523168692596716217885082
114237184650872704530352712241966714186228168964098951429605754369265449273125
26387075866262117027685324043591539205889465511392665910353325530796026712731
66483963868372088195804121192057980293954303482623961362774435871518426982611
112715978515181974271370877306545426366549168635710185328683293396452608541663
77185279397401873821313460275827684867423471982040191369882906968002901162193
56419761158996314878511346671674848189660965177356668541913353995396561826950
112819148834623558515622058823962746200453140066241875886675416444242069448814
26505951038595688767297843839098863078485481783595353095197279102237847206743
54674606919002606353699495485262355276919364486277466993402476544397962034551
88402840782932565995898005429553241135383618586249854573915517236382297043805
8376331332269878037933836798577077196642088964793578978365507922920322003403
111515801453129943105380955302785446535183299688323943766880045856640474492411
71188650527310969932209377947791147838986579035930870147749004121469180682710
91758128015543767569178087379262238206998300547778297575719006423182102112332
95050156158920931344680564821766591522073813886907960028045924453671736928094
1456438542043825298344864723190782982099722605108748361144312423953005647581
70284794686041557395107452816247238602121884263335489117133681463705988580756
2426068384365052907395420270402826769192785112655576192216097469220182532380
86436690791904513901438435039699580009477592764353667502080140407688577001659
21849233440867438900401159035762189715648354879997216578281654743153597562484
74101278648850619770825521389511770301623748549738364106881028402563685865061
15547424778382320988408737150083469573881468596783496054434925499359485265276
103688750799559648672050040362524559422313206741815855435154678548712262463723
83890478707246984760635384391915602366303944366888327265000492726898279265477
87683538899238002249543145102471923991432281990625054885285536130967860556055
93203088580015104363365894325921276474631452658868098540508848111234582604301
30679581470987142271949976496379387926805095858851652323515070372556092351789
62835008013634506592977231129356079464478509308159558693796817012583165019982
74281955084482090539061035530408779032327597168075811471803893453754165552338
33608894675778340973411073402275573447400769807539119557694801813641590222262
68861512257693288839147322766499045802144580319967353513123963084875283686959
26750765089459488039830328423605327654947486727680405451259897630295291763508
46834050315751248251972497470086548367081723376730139750928170915381025049930
15160014939465829429967204332129602750217781162572601742069989131230885544662
115479712586296783990934456055475873184381403843762702439432737531675671508570
114181729147412672538124391309700958774245591540553395482823197139224070292201
95395953686916666394859698730452691126414204039535542908863179465256313701336
19603713712710219842395774984415018158377824731844380908392828607309145228127
23898157856867685723230454173358288473022984718277999765615958022820251264052
46026760698337332847365105611572072926831742644543621012976502088082852699303
57686101121951324505412165516519126374935867875367462158491380222199996902713
78836058852584862730119854521646092149888112774167135127537336290511187815577
63369838482194321225682728263364562660327057047924332843762541696556001896000
96530871981853455584770146187965043818590276777062479162190778368259023240818
88615232847227417813794231399296360998678625614812627229794485921677509922600
12587291175217482992639892179887945253330490005517684118405355429025659379550
41108307954833407697069195302673378032299645483264904200542021813125423267354
71938060810333153417985783344413451663208845298448674855162543554304273822265
27095069934852995172000187205251888748524152005234506112012859675152424629621
98414079653421350304527180634422907306109992554522133996673050567351040791939
43358277825059857143696025118651525905594749535796172906390408451313602768286
102590962184811157229061334948141920075824438817448098243863035356330457849968
8627893653941617380646178821761580333190020574570158768589141950104847233891
5968539469474834535217922161011194506196231383415518226498565554529745325693
64711352761236389164874414885870397578727106380353968322387382708526584950266
110581130708602241767754576368261838326968176124654180886049811837723187560417
27983126806031597566322045759011407055899542661718332941178551267572890257071
8504296274408805796970746718933220056232282123170617344395714896253193064715
105073018256421809743240860700565150893643602869269929459855461222563605758652
89356284204019348101864368605044500624117365178925544021277194595539363495012
102005827381902239696913318706234624754821603566146732242782036290297692281618
62019665022134499481529037847686968002094707316808463450247277493062654815031
93095399477361338634000570370610943877330768535987888899526136622040621500304
6951527697566216167005006547324066083283259888950954010584104567011146767445
111541467207872143533740260904671323481011901298563859502053203685939378332430
107345975052699635235373864345548466826840405746363249297127005425744580432942
63790406592111973740028827233037631063985414798398770046100691372687731084432
13336325576833186754705338012945049719884362126560491068869557248042046266574
32850769157194777890476252698808344408008486603790413257229323298822647711463
82689700181679736530569624787582031863024661357436411806019508310815981667645
12207038770411798998646991958050887695460762389793789233129521233379096766930
32391887558036290223779304134299098236623076523841787555145216062100654054961
