23631635139634685740630624222145553899428070855091659729344609035093638429441
35961092253138569547702726965693681148159479444978278724308644097277405600957
113459794215885890580336612306511680297986020600993632855461616607000186683514
102700222128350386842104299146348029481052837245439206348914658745349745070935
95048738686204088577231304170838144148005586835954615479424184281537542993803
51242202126801744047247187479504249244973240748256408800283750540398829467473
13944741349698821649984449632332440298964748120357868159670067837611499695442
66831140889463473181096220858735636066708154767105010701956562748748805412605
74403563744102897924994288081756742469734727536726128340046304035798794078783
36960393453236519356624932354382850109700476342286069067029172304100356575295
3994445230775032215608637293594223402618814798767238843250874558208112798713
27174471649344407310894930464136191174676483222593089295560386247812535500426
38634277452314154074487018471046078720896713948721517135479059727185300433652
74450808932466889012494846011744704785977060116006042118358570235613310259505
32463919979242696024840465246492341813824896052211161852693553210025818537343
108955506572808296461081580631742246341483647991904463970870804989709322234242
7319986560228135054078950141508010469770088099342654000328050152692107595617
45439280535018668022366973880432496835428974934561884503333202960142861278743
93187759155241092380573265207934797178203504661579806991455806956733295008281
65358125600761543574214210229629168194058068645234972063979516470609012871691
27969579539306849444110824277398649820356885925930319997907185274585937029110
90449537279483320283783862225319168018554075599534163933839890639078372732903
9140539865664415083485421050606359568906385337641478998410914541616694656327
28520437428001521794505460423783786749270953787144312677950398055287923284276
89987048333272584327007043389147697124521494105711635033474133943294225766354
104495433171521683847489414272259030179725243144176528248987293582200318349364
71916544467667430823344314558300014093572670711567378685342032776530153042910
65104819105571336591255862333625965458981623957147605216395216499679813644696
72381670672114199999827315430628317844891445513980243095630247197320531318673
66308004718379259554061293338420236254634310450230769940562163287471035536172
61848294099927174981016845000893745149868661363111475738726113724981738618612
75471346267726794821319650707222230589611871129876574908659703010805205989575
113013813804316254314866490674364338194111346999631339283710610232251234064129
4897175774966725358665346201789053632882861740554639197875991276155314110673
34675062909838182953406694970906335642503005095367537860823477465789000549040
251817523584187117563374915676063985411943275062648838611806290433993226795
63538895639845045714044158145523072471027010031199628346194665514193542715381
4572826705379759311341582828081011690938419533420733541290300895135489787761
10296371626658684016981290417530739753404874522288483728103854820245743028614
24681367684062114056975997399600054266874108674474694516004268171653245028024
58501828754788409459304698124843311009936490966387470445575377712947775475012
43754316417257933718801789911310207335595118149351131702492567513186311188596
13246685516209905976396487711401179362132106476494902942799402506760104586709
81407446571822927986530791307656507067999235905650093868401243191603207222326
12060268771036115797964946334546799103994432590792114829659013076114408302396
59077982969081598760190075129319614773919880681423595273794325367232467813157
64233824815146330840682442891639778964700512706268007568214272068772980086875
62167820070476153367594784692287151088932500433758975336879191633792712780109
760582629250430793508649376910773693965564399010718299437427048955847182639
55879780448811086641408019583902224358418306032427532324400700408095290368530
52799724596824457322171348764507723485841811872526934404717119616610961808866
103794156050583344145935935145771675178881134613667437143191898778331054039363
9529091558734215745707610897617168069063627179688902546279611912548992863691
72414238238806267613027812168844586657111935951260717650833503729391052766338
74183462343851033484657047746248424125192602150481291561103758699387782653888
33175616393317620222324112893777304775436655589090970088220477819093026135542
71351475253600023967848414413570657192930547528719164330601012572932082832959
69301924811888776470797432210697875812666132573453994913469700233344450320602
80665072332624753133639096203337477130285698612823068826594253664939529178801
24393897325830805812401063720313643982055591556046637450859346526261257943256
78704952213763137019141469493878438456264528909865857046544311014735653990651
73256738170655989675001095132509966048635906244274349760477675806907409496503
16270004857643356422609258852808401465847005937852069436538983003417006108592
86158481136833921647357122020180030279325553646836144412357412947282819789925
41319296863900001312692966991483594817122007230797705072537377137512304667842
102722083656836600625018309802115423138826661025919031335009983272169189425512
96740312137926614382696258557910626544299570294793599126885880136575955634950
103553829931668738680909548818882377733574072763801688621725873917280274360219
85380596324773531157970351380309833170931871057512064671005568793234624108593
15120865196066737593359080353016755783138219029111631684840963715315897982531
38590109042039838680712856204566293044759153886862396103230782391989434522293
58198626995797642831399558188642617918853283984673088813800134011578432581235
51117306429235954841066846042219030049293318352377353214791943868400566276290
53653835725816508298831643906641199256090953023480266142061435533644548724926
76564994088640814495572340853528102433839176069729403265210208340838341849809
110559141595706978124467946623006808453941193530467301478264245010324950434283
42517270303362769919000089897619431137831622186791276527886452500591989224527
74996865416703258906769932929522587994046478058422647909014241858319440279508
29603869414616256334582422524962125893903274154282641914417988603596236445540
38060958775193733481324895039877481820919950889612321661931234061706643497058
32547181217418438108827480316485086492866022103754118127037937663556574334748
53003186528989205694392142980874774852571734239069800694299785519733954791637
55197845714084169059978373956123628576720067824466516994179666296422583571455
104001191609945267471193045892555391556336184224123069747410403483692495929670
83722609039518217362213538277237866904662726405282930892346671104568681765707
7567481557383928598075748973368536397342900068580409451244231013808042283293
21262178098490298176800382123551048581098612749618396176117882596619395784554
32017780500721098657225274428608169695510635553747282284977400234951652575814
45780478844970647098175423415642613413911119154524601271364988799617186445725
59036564413840682511268224957673097933561634524926718274496797936893346307001
49254865045339533248352155966450020200028108112770550311883586829633271211349
56785944799280296345133742453133504206554126822470332001396321367389802308774
4228052342145323734083674921262620056718113101829178375331993468834998834073
103308574636066297469318527773286614129313065604122113115401428573128217893673
105190026623880481400622528961407188872771519110779190142710287101114843272608
8028342608629594308343232935308366188240054987402614909874539405430889769556
22777225534647983784391989551752757957425283901319961865690246583189500803230
59426234732484172675266158909509563682243520888642456283183345660147030865014
73199520733459922533173606488878437008277349895427413604451893506744003978924
105880819324191305394740546935798745788674301470310511103028163456794892287798
107446722931483628925550164317789550531758087856147960104877471517002326198726
92203943659577735209919600060471873362757401642350111729509730432615769891135
6246022635345249731416120628423654640511311562307772884912130681835212361867
108632382361214567739693722787010477986890263069023075962218704169087317692524
11727902259357882900919703488677544006076991683547851774802996405411126801570
22523659728919046964401633986147428863496380456520145471682630365341491135335
5041888481961188545095364672887384047457778351845748798408198859510991681111
50173819638745803801516289799726317566170278425565073759211882560593101850542
13956759713209411798068724385306531448212670453144383335435826952211939193729
111055777118835619743195521379338538526542569947082341484598232677224414222274
86415837389468630293480836988132803981843830563861236430268713977565807886823
40635507808933780131817916857405614803827457123886396653298604757209141550208
39624192908413006936442348227839825673028966342180847943536830103425384964469
103318419752704240504929164137784909061419639138016778072325261550657646405136
90162347719848951107329730925099027082195594807091346253807571759437237674169
9487155259392165456039898507417850591764174525830774481908588865725383968093
113896881654301828642971478071983032482897347192881940067682502879977878192432
51634387634648023774499033344546312017139391335525411658380312767440084410647
93122812783364495482560574682180844575249797675055389217930471933698704524004
10495842069061417933912244246522452185440370503374329558785128614962313558305
2000653426901707204933334412478161846331392429069606186210162719698935141953
94413881371528022660753122777519915693090207888955989307492501851216109912450
22265118843579288789947873362275479834421222072197608405948076293371261417560
47006697369437991923610923824634778342341164328451334051050266031453522574023
75488466192576171693163909571650096583211112872691051182556845843781317803999
8676449105324730231856778808943251961263801179285559323512513081757159576426
36457836944580865164652024930120338428493871751997711688705477258578069622924
1289472712723006391596716470370628185229567027687661090810705653575972234239
100158533569253564874265663086567773784810000950149654567828074050644636795663
46816039722273075071221585266204313970755653106667497998865514253994604908428
77046078592474535208981860266296343305776587837440563370371640352292958141780
27948522480121346134126307854080705750211763370437301660044028740537554013345
97079855459782279488373335065738376153544776263398449463263271204760160645683
101121444832070057664752977911296010819844892118244356658602621191926459629252
110956114178761778481523887434775378195378540789232037007035109889345634904089
66962103947496752438440700557740784242140367162281175213291981965746983911961
5474626048630855511558317645318973053531660974639023846197595194050465549041
23229335090137468091204551425240750358328987853736821800651534429199850229396
33117236235635615450382066569679785201835688887719668031985742345985420883592
83103953677303022265495166331338934158880619814807437642790141542989150690834
91920789369209337308444520640424397452606363908756135128148105374342718232270
102821778095028668449393407364032641319348464694463005153810391468985633195283
111831068906110583461062463534504217011580639287745140075434988707541567441856
55945822174243335456402538500109848288975375802589410196290494506234738659545
7433992740058312785929534517587116161461970925498053563076425217433560802729
81783515081450024770333045101672105468631023603768484017706079035644571688564
9029703911792110647200608182981614814599899811910776456184848945205746643663
69904414704476145131439243159250067142423241146907950861202803071209840515709
9088442231092553815213837326273815619518388131286624152124449426423589061325
48173925138276818827422446850163490096529507358095703221010116773175177543246
102470454067219127884106503968031331011707593363792677954666524603764156403259
8900108400116186081105550115435653456659347936016101299227863950051827745591
77397014891707486855620293493816232623536126882786449308798183140400641733540
24953232980633250489012272539090822006624595786250895326735946585553869208548
81126169642422093760195019998574648123588815595720753836307186782519763361
69020222822372257995907541955144569394657335313258806096526508138017900120082
52257908698002601641227868121522643329992083120916398936689882680404061214223
16108594677365291876218036346322616170271026848499305797374572076740960590861
98407014778161735741287075769274889354805717947912194605879149614021698023958
74299769667781989571249831443740949860086251327353664972648804721415945486484
38194418464279602297460981130881078902520004178623193757253680399472044821467
48732678589227964457839209765441065877205046564477993245632780445499524817180
69789562216232888357585920805160837240928058894333550274348162374356961632670
82750116013638535090993507306883675732870904418762734538897249251359025598449
68500706262950891379182960289114166021863091579447426388206759763941422552262
80880075266529216064076681669411248447809459943148150785899422317673772025918
113698322237977134634317443642340772916154735220346910166235588564398874974318
107824348409870189430603854335371359171643386725149594464380566004990122189876
18105559346549322461843327413326664537875190600309809155904787692444707005028
103952081151626543671058571657523932420905946396203127394004559936724546040146
98053013471043727023571907060411837626851973378362926570207773428440938508703
102876460370920324982837499578078988789153812484454550410559754984702499501063
80520727991378252908207254022191225709671345417396526075253889785477983693893
103046347565697748668103042029868201302475886700351344949586698730887561411374
67650820312090878123249371122581881376656268220874589701093285732253673237923
109551512773893616816969337795668525031183763767019197468624401802975857245854
79697347137994201768539691630202005487941816438572848298743049156841978635091
12429651520491721973422937965643232693353403590337390280792531792281447172077
44273501386507532981079474472547486395946882972434606684195752428302072042869
64356614727569156675706867950095907232971189014865157369519827237256888035566
29183202052805800291796220070647393571524931243864182676649004542217857428367
77776179491062035758573152293156814167617238391879434442481922471438589490166
63467463189736034092669143432930873433071131159112313407458228176640449309862
95659129485353978304594273499850657936631403531108078713819197147282042926472
39271991551810947994815330735954393980440073278841527739277750761257262602045
82086775216025674099986816990737737366709659573128336195224297901862316410411
20408888606682040788795846083113508138332227377265657626191681810979778942939
100559567308344147664007956325427349153372486183020122646854502574132463336343
79712221102831777419272369465202641665099009294277768590490821786074835113642
38604900691763511577167854133770242282459129697854916789416331370406747211845
103568884658172144880376809102886930833861778755474245946914475388867773776445
9043763197964088159848972343952660925136180348285968507420250917445534603014
30725483148316596642997651705038240897542730355271805729963963015835789913446
40235656343460935401324385923271323667456951480843734228058640829671035501593
6767153784436729143148117703822744275665216751449733320517861500022868129713
6557833069076622574744155378808870926732843399193772527918809672030426373369
78347505931063261736776436415585434396573754873597991681629747111997907567705
95606014447394353778033843142652346501067191409507085361011067097811336879900
110851185834126389784275032700049729003951075594503511782242015250337701988534
31898022091876519606784131133214186207113702580234807811587441579974727855190
85196079915574089856115401194022615452939759786740314220484848862967891222306
48448725638473501708466994238308202533697066235257496213032688333705945407571
15642632251591325037381992576471260113942355532009790190121954891601033369838
60787600254132953714796533973881047285818744231295380969190463584686097460089
28391168892813282647652253745595632468322355199104652271085857326295620431576
1755741983391942413691971817497153156683124602028154863809979084762863035445
75361806348904410367024034629609597430852944562319608617549823506537570880403
19024888042607492396693025452864919055052772818230501715035970456638063787956
95873069033192657139949891627604355415258489370956834548422364330775335752114
110940618722278296062614839110048954034196125013104876654929604985667399938103
63274271282048291395450099145706245657435448190546895485220063334769047319044
91497173271430583201787816777443900035375125922247262632941603609405167355748
78775245003176941690070302013606138131651036434516645529058617834405129571581
34287586434114210096215620946751677996313149649236996941669855957997561349017
65639322387417337797453918109520633652348538509593125489485806883799123730868
114207052624950205293635234183260198380168748387326794075955310047036825451284
92294956807263381611392018881633340139226626681246506726600058155125918823659
82552663650202330432489479632911015341399854369606434777396549258727102072284
25172644361944036568826051853808736404607555278035136745927552267989211451823
85661894176599940816788089983348189809694737157059736650680126164946208024240
33756907616877520413502057908314691015628168834245148941014828522428191606926
48164340493158092523060405741452647769686490200145578775099499913019102458573
57491208582496820190641012264993148544933316849959181238941673271076277794496
83159672411780685205798822236039666857752634239536485683755103234474910947041
73408704553772948808246749259858491146365379319814301307108833780305489169048
31701229339907568413888473332984683364864636843577552415266639278001740142305
55731662071271447565001511556791708611225557837571837573007100664676743118637
29860866529160071633142149277661782687394041928173821359756022842253132497959
96445629202742293048462004692874380832148460840369833296079318316346442258969
114542851974604602805738274303644284377525862476152451725366331054993902305348
104349132472843700959395662087280563494567182409981296011394759506443627249190
34197969048393787035365315410560806153413056130762738278044776298050852532037
13151793538150490139681234595860728347984856795977012668800613541023564961036
108958474177604734571672582399260496924943028300183842013145505522905289584164
82007771170327503225191834118498359595032806346869334183557434762790960327643
32697286399931540670794272736673068143246906366067973255538971054284806757214
382779227344079126225360400865759065889944268487025695757956403705292015475
27335277053315400243156863989204547293841425687371903246300509182065775910802
62637966896561416611736689333470861514891152720557342442327256916341020603823
25284913523697014014960405872722328263745615623493270499154550895080283542656
45328423240741459083118314862865865168120111909227978857642609620374213678814
55615645438687455662543210131929538534659313961868961442592165168303905473709
91819096973806754333651450551301652139673395785984434750268062725139380665171
78195758260160501432637554530700176848426270237276464828947062990830585771961
31162881452873353831274453269009210562498893625772219050919232305395519463131
87081471270137293591930139436438129890246126937130262727281085585854322859592
42071603729069559815258159233364623870914732975696101041038848091381615485447
5718953944020349039264214244071113720033517756986014708490666832980711145624
28725692429348570677861648519800652450061162478983513996919510650506741910239
59337542171835219544942681493910802510931171495541284701797853060313247302889
20365092468580049728869461249232063708838897424858926383995749200381526094392
37859597805637659894945276221518647341980999145994375220302890641365212517628
31488041870235755555174343213536566214125013553407250634742914139786848212225
87607546152968224199317875635475064664276403885306348218360802754890324557701
74720408907152047107298493865545735419093364102098337993857114888424949795594
92295045317684450666649666443921924204968988336490992940035899535225471080102
58285234597445796555308284279418464717249609714841606757147850929381074247537
70378212483495405878534304399961857492845476219287669355108971486087801265173
85104844375853199495211613938898470794040711816150486163336469107214695870774
29120493053325064818997521573480017350900389169183011824366069275003983530845
81081743584530024510973985695246662370417851383366490145665298897187903578065
15141346983793065514769274677575214364573431007429313340798978685128520900389
27401715098358132759178211939280493554006897794741389065712044714770607381600
102110405012119832218857974316764957050839596858798905770109574292198517134172
85455229503330986296449231607461497892022587052078751934330817917307075721359
8164546119024295101746572814631344832226630227937475413697908542251972539889
13252838421254509485407569912444443074868412004747135968461336420079442085716
66008570132465883494524543416744086412176598542367436088450985319859300636896
22967578738012928780422259812640363992018937079263393608201830367376371705359
14080471345148081683411847917224849059398186697588218207283156075853730040418
8249217992306977434948875754312302254407549290484252199784815149449541891149
81839645490309196768647631119861394080786219672200775302873864453045226445861
107880202963204325224368331551107888449243803279037218440494480108869910355500
33952948915080522544476877956363313037267924730626947295204550598922748843256
36938830441565152190535589699580764721429593751846812969317623411670724810508
6515812137707957810605061103691224183970090998227654249554381475581156151863
114413352287224678812627841235836847609158987857450915999716711290631571820615
94612688187400635785080083480019171030538211623959934589544297379720124461675
1245599669859628463677239397715529751789301064993470616534695796005023796742
67769170333811980824753017981359331935511118466317955828891104714461756722331
70483255200900500143047082575766518508849957833154168665459581734400539276390
69372559033631099992542703145058146649670899347353086711459114692782365433929
73836661926947005416865882319323785589194082520713406952747664357429810751598
99725894338216257896343293353283891227659848352100424668136739186595555946812
86434520526356605302522247706505037933705984626757946408124350208179493806703
76759403080031039125062714174141398776970528151569491180867195016867997291384
74286268794464809974444824892222324199006553077948064771052448924480607227170
66860248708909029446017876070607427141395637486623521168600602497182110671309
93142061142972838512528051080536975239663062972622691916082166843554732425883
70000256387094326871971051018075098154301944869120748723886327306731516506618
8181475024205029950922859846291146008583077876932028454427735240967920638049
92906433927864507670195936541550768317583087678433711736505053797283671479273
88755994792747105947195562973420417483099801087734325298668575407245219171797
8853835317249401899760009914293292158251256907093309679360480954728567220629
59753523553858063601313996654919516200102887773845111170482993101208836000979
26903617115149114540867514957019919623916278251126346185010330555453267271307
82941931704866940608748123638311937345292495406656504038530304391095465375322
20146347677289324011410663012840620266025553627390030942611064281693318972626
14597558308753322470320528790747877048922708936951436263379238926581495981694
1980332664858563182385135229831302702430656418349860088935031160883367598754
61347864413654819597866410356789909138906505627203991029049953203039243416326
9609864085015143525250420582922516682504781423855266024360431184627777262872
111024172484018982822393677527882016887143457626612716439659614253233004594167
70964990415983680674220990197945120350801767002241793758632015974734514846996
76867442934542622897535255073842974487618722078301064164237680779850028250357
50025845851446106611695356138795488057766455376872348112110345343800762319678
24240076920947819556505960016213341991078214485464571299376954744910283505795
14132291286753252642620427782169229425835366031918311547182180340030479943563
59872604555306344628812439976795193010304464417016863329558198513201757012667
77013222632723709620669474192321392022407452015962490438163212604478427442722
15032051703884225744414514254965951072273893516684076969965327604286741474407
81062984800569862840870003940902421204090804795639755351997734203903680780119
61139572842772683557818700332080091134258028097458809375460610966464568494826
75605376821907350329110735420223856652895464778416502868999933864289320602277
109025383753129443863373732457283358243792208037897456972930968591557637336345
26910008859383191922694342690546303919170296362098101534313656304924162462306
98662144347501952233720827493767724499827302934702026077450516498572655964681
44079912579398498727368015653535051671245832056536059440870643908321752768777
65487450535997420441144662993901428664753397074126433788793243454983531394904
256733597079902829385144928786141216819768088232967502207344199553266338475
23308909055968277668087043766196852623623226675849544944779521145848224208809
96705394702932240583423527454167512472216594753389700892406137781419107334021
8668082400882355266119746738581248076271737507529076819558260258666789909466
104369097291110929559433775767432742973227198879942624752008540578410086587278
59880956424576876581193365692891629979037085023973409433545594112980789352850
51810977908599180914053101168352786483286978534839994923247056085369503998846
77954153233812110022627396242216252085631929851100679146310061763920541546484
47809245732397538152728448809784380872163300294836458380983962502245951664334
3754465328349077194672625308950115858288714186197740715812980531950182784325
48227268089502170264078183335724225169503809389150830322580831594776161391448
50860001403867717409134320059069967772204754213609213886271180665131942904734
6783645237514398340308879889337511706371479024227864253154739131238378547226
104788810390711733243976348961142983800134351699657571219805471262990659676900
104775065517317305342363852311954996943054428115819075104586398711392048510137
4061041652787817065999095193083678673541358978810300323900506620496253027311
43395384603727650561831441810433924394014199797720594288583620711547295515826
108169772643165393239938201655542234399040984853471322926135714848627660260005
102971482586904663147831756973775474330511569941145256358004174777421349144982
71912624593585734788065356156273080501645421382994758062441791876438065986577
92152016966692491458700085013571373972276175891444702403627659066248308909763
92682388982058403143137423663147225529266330058413362061602822921372406219121
99959971707290859486677452519690795603542606650297119064051944160926252401164
99984934583315756309758274988849527061971299216250734244303890747676744299347
31104798989118986788515603612150146391272457001700715448181193947326922928271
12920943177870180902545753133920099158076130393434065738362650602438951422848
9555719824271303604508779079000101857357203449167735462758644100841579920058
37659763184436390218155343480251263270151227769976299703535158042929048208388
100724758106948615797471495480722647084923991875043542409427060007561635619498
109213679601277323631716798360512837913961777076870582457846342450375086323169
14771338564371342003574049545260871208331827676100941052041868928541038496849
71917278190758463816005371755511273933763114577572617019313791856069229721952
6446798192789318787125754208027881114078190532412651286645514162676131872725
73180444385046920938377093105935529266671030580186051057929521322473460380340
84462383263503562677552681859091296770528140783810759808526537790835972041266
58188276226741039190223958553742123359608831676816133775875495594944516032773
29916424042655365933614186961144888836479954801745720724523708922263057852309
38059718575775124958473830833381288159001570917074775910723799421284039231782
91947027879281230845143416063883349558626739848372338070228310697775428737749
42805018136343082819899009492728809848345037590011560190752302656132924875010
41798567323801506458186488035703825411648667565871896256313207767324669218598
45957125697046457846488768708660770350332847559595574917195478927328323064599
40198046440417645665876680534186243392695559660357610710818820901343197689428
86335207476981812000361060375328508505872921044059175409602184627627802978497
110504879546716508094099935253757521840120886783090837466333834133049853709581
115480812588020146553380372226670331390416033390518850246700512601829670722541
35318791939000622433193421868373699613321751171912945998973867640362168883109
41680775200968387586757560560403247232229840377409859429786978188944242506541
64204947030989208060689480536468935293535448023535363513731149817636013416596
12057157297406573164916696740392322799098010655234974529900953884619446888883
105082874603401478087506798296544545196750832174067680717230885927238160072848
113131582458180679635803062140297476016510781586389006293171002551978078233064
17366032625754864895376458348870000947865125773328211262012619859799334647961
30325409180869124445857495228421649965211364300520386953413544216422547999366
30397935931901454464289593848049801246382663539876020891921258170333363051791
49657100355157645728037558028307233710353103404011754283136682666016195620176
56064521373053343843307783432695351025457072326694254376191374448722211956195
93135817486323588298462854292441615183932585750103313882803156980529358019202
85699118609681651840508962659416688388083746393366340265473079522593619959166
57056628382816475563876355083527087232927281113567651828778905413607140655597
40212365869797503416772023280262781949991133086130577396183687816398987307152
97424641158652925106354614209714821085909204694973987753005551834882856282806
100289036147842431903654525902130101376632999722394902129727694617719542897916
23350624066473737498541077032014661794611843023252580662457888874960596978379
61160946000144663640598693126419968103162955544928268250526833296019540189509
68185425151777186228205013703022300308769225140441721554260112909955563648397
27161791157072441823560396054234886212393457742376725010506783622052271216663
94642052521040391326734759863957884254562689065387840419581987597770230112417
17554888730579614921780707303332514804173531825703863641953948844025178721329
11001752837565513672867952197655515144777297111536441635855484850834769169912
62993055555245196358401070889648677499016806277369953351139797538450302554286
15400710793858829552408358002056228682249183783401146954360731148211596417313
22820847023929930810110389752851827569547049642788015767030389529513335842955
9870933249954556826999897239851379688538332492887112370220141205554626931935
53577999819321966761532908418438003120086237214690650647930110414254386614372
71508617222966424453445707070122982972056852887795122441872239371769231611562
57246930412204934019035368685337537377801788599256534947134939769839075405800
12908651005972373741455521784309419721407093783723276181489853065284977693257
33331043662085741293766188298779821515003266776089737941196619794274904898528
41293887368962949236848294190169064203738348015572714992123984510009573742331
13762809449431067604190307226110843521845780048222679092771314774881729185269
70824662402595195810563118426722912409106503785478384308070422248883122296675
25155467943641361897600436523814414789457258927703222241736408599501443046023
114701237873679542726488566963752239837840282218893607337654402880236192956815
93144872410608314014552605327048282646338813844746219973247727834543992210364
84698334707235099034197215893933665329463280094760793463973643353984412475987
38523664948474385982795060805736836573147616290789366890317325609372959105388
26680147298736313695943936243205972093380345772271436194763280938593795960897
54064935876044852258705699059980631049675809204983650704494110769522499993458
67768348282006304502684227309289675551780810739952906244043472395088976462322
21621165730660959867025743040527588636521180734458890369028294806776832852924
55731705796831743784586067395778232422743298920889190288951669777973501500181
49259868486927282011063579778669486209511571664516052152399115637368514781009
2829098505627101698692951886141247077477874826174661789762468173283883838010
10607869811401236113352414136936920629999156617385055801918059102143274111054
83184237518126258811863291124499476918336086394568768037872413966843661399568
94438477956325074065623160469091709879048137145347596116358929745821545932534
1609272064103929855786530883529456704473590170179264158217269543968346034155
102937804715254497318362350675212003232717863839890264475872272531156801571570
66142689486185245013656397924134454780755893543298024370420147700795838616972
74096344485616215352062290786325953967094765192275331769127604297690743585174
21224016143838615527502345687137182710278163247208484688299463207035157125576
83664953936026423948369379234548654650325189821541256437651323026408293495585
49328857351996343195018147646835194328813995344134090750938682319116682430652
19563425792736015180976476392360740617650516080851190802720939314275067202538
106941888439678711756303387706122160473135299185903962476599785200215640534058
101700949922820325508962880334825048430356551143048148497081998978948813931043
97470400104739948317599850603115187734520213920074053791865962412947369782830
60733772027269040154303891209644596876591425573867502103935069738792128858429
91357601463084577944699988529390709848248759655174670034785127884641238240451
26519357067176924615055069629005380444058185212183325146637655244975921178905
30204590587833378921105955216776038808549993279012967753632854783918189768229
58608062809044164034957576244550746627803286208977041111544894476024534101569
49257728617489756747920823545497999984663975773405678033997745624078198202377
46764292704042638907294588057847644280781224270366373578886255121085689140366
2538653824438321851552051955987130965228701067412029120198519518442408567699
94999151863929070382907745770193102434948327682373273299135523198970772256186
77745539207693067620415961392931510240738585853481705265155521447642812375741
82668011153159456320782384903450301168360966935766649300685748062607899603760
38481038967973413408763167276165008816278876485898618811121979220930801914221
63547362306425198656286554309899366536957172592135474168764928932483773173340
31063659373062532190421034191064732783503439664981319377193031084430450161147
104920109513053796235250250033917417242201159121445448713164067849960050398206
37755074794160388482313051853427178021126986805994311946151170019077524326727
77974834505944681047787464283213347965857516422948515199649196797287739935158
34423977307117411417080469669470616717149376533062613084652667446672363949871
8583850300247471447097847337567441989937877660442260969202979278103921178927
43546447300976912898685206875833119891182965068042492691834959223587265027458
65286280846771464188258733808892363458763891317060930783235635610032887921930
16351884708623871379133339228948872122170440576246197667942657298458853794601
95699077640073933804845604112217510386792217667153677066795947630561748912979
51808886075456434946192395133457609879150414763768255392057687370922226385641
27383283585095882629098914638029193153287486478683765129480559824430025666463
58497576677022082842018628432549030038420253674938079631816594498870786282713
16171928373000601347504836683990611872161146791641655727501566975600484508050
14989757834433304989860405052600883676142422079000838168229026828889882708998
104843457658560886386295087287915322185251754676874820403998204515698560346400
20673926773923032508335683777451538601517403477320553755061703937318053189482
48468879196958250966990810471356445946550730970722851950563611470853389048286
97379456134032428604215181048893573876861937480938337387665160705584821759860
77056110756891523100849419506219899063009809000805318619280827695499353243392
46831908337067442781300233367533768340240195547640965948506296044198601798042
94393810584357195174755620732399832260067788152195970002239034164598181120818
100812684418430770052761680051456805004862102149005362004813740802051511043067
70122646992304323018910318723638189353752533644744507683198047923502805702555
40294627718164365498906348484615913680619378967164868274413791800247253037432
62511933924615665402962298997793236331190392662195022399783054976301844202233
65540244591577644187257678557927965852615734985747293822270635939243760010508
583269527469446581680954799245187073785356591045844627799217484777761589873
10176410633069725281773958065189395906935764363185062318000012126026251533115
76669536474224889270726887467760453945629109537495933807720708937573345379001
64362217301498379255297930010676545432581232970737151613853444689235523476097
98981677018949007814325746788578328274708480062298110531570445128953064923421
21258244838868617356696981907831365233751073168435665688344174901136034260634
12934769027022936170273683195978605792141553876842555380915108699851198300793
10800124828834175742193836695833608040370911469764627863387166373006551813982
6847193245553268812035671169726283526783938135965710368540360442987846640689
69934942078744410888820628200471103211207969159889728513800014770953229904674
51873186627812568713998357086989434900105180412582616328292036873864469659978
5307592316591546927173138876224282559232947937557606886920890578361105507884
228781573008447073277686908276128870014667587157808784498471037273942804588
106225772505808010813886777870884442952940770984459398531198128585871612235055
45605942117499941375976958202036954284271526716814695992430652515426040494073
101416873291584312499619651638080152566120037493005357915205813925110743872145
21061890003156746627878617884926119293583506758827478951124993752530478432737
77122666409159235601719459723874456278691028482974229401227270323527660412989
6796855250232856449407668270708314497465535219115372929578954693699252594265
115308671591306139728976742899085961347015956493305286406952339497296956019704
70792570022038328060947383654731801168839208604797121672216667641486764368411
13762450235499815934103007783860535355255934670242070065175447988492401246159
97560306445037400536550223055748623587798190055058057757941025819729676036512
16820821871075901168206190864661378357856116716213797219594719245081670479932
65566978126516561722640089187540622309423047377741852415334951065308288308277
83506437561342026776039221170244681754049327423239701004759961360560455879946
97807375337175407800113454143151044550584057603510822467899903832259158829252
88738883051817586498715209251169924398684822953878430670759373189800499110326
22666259346812740717719920323435441745573185033736108865259773997379556546278
114964686628873910395381141246340831092539960659834632278512530567220964536598
5130644809239380434268213194099281653978895168790477898788186766562868887125
62819197470133936733081709942088689532535789555626845651930841706147162226033
81180807557491270050965390765892315490655866141478308003096257560498484041145
50958086055347886999330189325267434766949111692213156705105424985828225978925
26724834443289530819735587024863139851380556914737574724329342620171541771410
21408106627541130710768733302612822552261364168347557968006618543776481436349
14409560040619679086331543343948263394252712366855972571780174964130246975053
81971227983922095193962158071673646986116355687457953017360964145264406288322
182239757696786741455215997891523485452010806508240708002172600806035028139
40102491879073583372533857369123563869511083170490536604880676794206950909653
454946908204915485384064741697089049658755458147731919933851202805233860640
65223935251702539462351623939399967246471526458965790719750674728294662408140
93113158391006577917001844544504822844735414832295364877828612433822808717416
10132985519711595549140870455457248662253026287792885133679383483126240818123
436222453096341281985465038865244645345351135765423162031013058105510353178
6823180986616090108671440413466167878982569775760880299760586158810163829036
29055572266236261898879779422845620927184120008944162089824932004236924467591
58718236466094338230225713544155150978624420613778967590717655655883513011436
19829815076237851561463521573872601258238077320220343563005935937192500703764
39356440468757722447688222837179918159868785137520203582911927084468953056090
80004432061135272840798916631410816140430233977186943852882639869017608703790
80936776467174041363584818170172316054201759031117798493547129263647030396320
71516902107484367897116317197220581745966748404142273885816923419687760305581
112527244991192721575303974567473942527142886169597762292362516435469294316898
35772152125019671225523904214873977319059964505075426962637647445203419398912
15587131218147612582225537530928845901922499011926852422691314365040157798165
46048159567747112829393629920715337145464088444669396239061924683214762046886
17661111517105937107238701844956709404583869099512892672781698644465934337643
32373111393259293822793289934122276077077378287515150856586134087812682429186
58484180353421238257258041248294995456669407929756750420401465241572142140934
70948664104872079714803787839868611989553326003868954916536942864305665606308
59733693467560509978978911902531434434183428591811153353767101686356329330728
63777155680734173805702810099172979945473363282411159461418020675335976908892
96997711670146328378131627021182661463565505028004618985203207356944079632061
47280969703865246098138307424230883107179479385923804632924769637096274239387
80532795144075174541105554455194831091534292997675871299086646200816981810459
27396744277757094000130071204934795159430420118172193015314514635488087124659
39476873024124971384839376645970750283775926112429002073607845168471028749669
79136713288130461311405919528238430777189345762529556426636997432412924480274
3080189325209061537901534107674588574430612577073394842365095540194040631226
43556788116550581435875659954734829375224331870030575732647831425673008066138
103948404483752258867739793278643344656209948538705142427269531834013456573051
106918066993327967199526523618739939617674973987658503871346758455627102127828
109576342765340638961784570689411070834441028118587375555243618618440745477616
41316353503157133338130809308570931885299246454818232465000469548811067818511
80179263032208407882662020089383601919322982965975476923336542231165484498344
4327639991319090060242373836891124170863684449218537785611087340261937732499
47087850803271493440149028985407464757997258065978403277991378740703483293995
73879796666514439110726389517196225519080347258320584761388243560058369282738
62718343166808698883732964604276243943553919660026469812330358599039893587004
102120701450703421345727509587091555736010582363257981125375749939813653522882
57924358799618847744214745017050560869593290381331302281518457555410804218401
9285700074868761468962713300391854199627023016723941106301929396199074779619
63051877525533052365283536525302515493240627561971762383530833003821236841713
105717268399163647253365491725930081033752682329843545956339233153992364233730
8299770464494175426283466123391172022479488097729520013438641444567607663710
21291871649327092762417901683484436544095208011385890802868018722372965007289
76662265075160118090509367156864010556957861276158351606952240902532691830524
111933883954331547298572271805090560752656601547077903241757985511438699899424
64292007274267228584173808150887961935341576504819845869420437962612137604068
94134273371487789702476491905184886204524726909739952436088534629809737057291
66831408194542122826825437194411961940784421657946037265518397758096576775435
7964237911253424303156974003161472079411661760719339363755928341008277906929
66778817600845606763038922442159767426607714779595861429164653196306934626761
104840025040307278370438284663121442559027643429114896735668236121060746545324
67674804977397606807602027065647043664288540434662681542590790656399738684634
11091572305880325741479392235909134779282570592615830518574433592944362769457
52162309752109635621766474042547994277386379906228842039293606759602534992903
89157681314022238560532231788801919679292960057032246832213844477036761471854
38014832482807143250513092039348753440008917958880561976318486936302620250160
7049505853948267155000765930079365456232459936793510851583942721832199155305
63288229708147803526092351617227916396374116610854206628052194049736919583806
98773620403393844232766287118166725974995052756842022761913799560846101109540
111121389200289733421657343578514103682660324797323112220976523441517379273271
22255065647999428092473341817809555951729926397868920087887337703846665685192
3659062027460919348931303419092783532771468129523195927787015261571894687921
63674344491083125339881723093495836445115615381226035605654212760676775088437
60406820904776633994172124374744261356586464853860582633003852299811892310140
25332410903452019579620363407896635335662666481090400554551138056901447685355
107374053173814708831042968893917270166647238124440237124974861404825985322004
61330451918194628479454640517432614086252956171146485980841127076295870896158
15080094650405174522371662987543084537811706471492646944634977698221002379742
64842602421382579429175759217732540694251538441921942030440106710233181425195
29061507125740756814809590326067171991500504093305054688767187180793137371995
679848580874438830662826857837672115664038877865023415933933881109139264803
20360126381556524769566876374150546968677183069125476177954079676510429897156
60347086293887578313036110040791771069632652788262991950808355226526963513080
7175816685826967712738946998588053981430253550196761043027082547212681779832
47039349652669809334741598124197217082265365347942067066765435469244400381562
4452925293874826344907561221998879534067659160421121362181482756625641965562
35039893390608432526883008190271789131512832806493511082225616154449872646902
83780154649561337410340391086745667539973774709866970277074769191083709391620
112240753796672254308873699204674734804043095689241667254611865721792442768851
6362556878201397315835186955576069003948874954760203249062518818834428519582
56410172063018994895925648693393195678367302879544773457148927195282307228533
98712293747287847018886310633348324381986888709190939792002343206918816186755
64951109599121208279457635068299679067492990702508471541698471803101960747326
104322120369625718740072441908421326684322515052097597520393890170197018286777
49245563202829605248379922500974479122006258292634926796548047547857766823738
11886337871998257919163058714807094392175284605178688329646575832664266387150
44639758696267140822970668549061373942416531325301972828144229695435192615023
58635689644520312675695576864803776170724999860953381600010754257188972724128
17758179227580422015592382304453174869025397078994823226437784835909402240947
59819630519635333839183196575018936261791920754810536051058267230136445334645
78108934687849525079309486156948621331690676270894683620766418043805914062833
14185215327928775266066697704996788574769896780338287913822651368248591567703
98587578219233331332559436133565617513651920471802483151554453067889596540155
33859196728702092896275633483371775950868522298302383146480328177835689661747
96171089642387714556587944707260719425498886520222319745025540770494786306713
89761189725208913793380974498259172879658205064739520847343212239563704718009
17555199743466410661821109261041676206503619883310500973142043944292142851520
8691965706663963187659620543795765671876524534291075660336065713400769742152
69802701067166656923279493245146561740119258950435412165860268326961989443842
56575424252391188154495155268145538383182257887969518691140837532869610485183
66296554599406950647482901699489372907546644198716049655576390673306418640939
45694348427615077014383060608629691299970579090751154155579157422276036575045
106889383154151776342031813188056456617835780955475924759468782112401761266520
31207265951481138285333181646370663082528428748266890620859457712363378105346
99419819808624164123073684188795253082392794169179234612640170250947576419411
38444045887143249175186971781709984035877657133967291189718586022790929899525
68922340590913391276060089732503478573528140904324595603785355751157992367783
108199560451754612027614916672792122179954059495358126452825583152421085761789
112748335112284530988067169415069027472528189295472978062487468740803709282774
76759451704511805942813988698507832093762098878809988280996664122884640620738
61694512919682232745976233530378622829330626190879617778908938437954763637685
76548876953162695262524460738365277739371466030462727263011005843632825841096
31995281376270413677329099112560784841280800729615187989069988749446191378110
2158126085046543644450050589416777450197227076037365807468994211221402194146
111825665396455944638127214604014955450875636504574855629554278539243807367411
26205968691593278960582239050472731429070434187169604385860908618605380974910
26206371375719080870280844236140537809980353418074878363499450070630232196353
51893669622229542660259608300967668991856157657672473727814490513194019968680
61825032373309179030174345203872744661852461813692893819159654112509018990833
100306154086626534150210057319783025287601308834287387857788163917184359009314
106403760782470312901107216807693891748669481693986358416975198925525702200413
20904766976156350495561112702724094643646104810567096259547651555028557086345
2995127875695508646111024962752361300903723066350702269025844780721214709399
4105229322881489728896153197206352612659021976929873699753497177454263407995
105405813906423075791291108096139089518616576833194317653163960210089410544188
10848608231456852941616416920512852255265059658352829083157813484586366435125
115207805238728593425438518489734023749437904575105218341295480027555460690416
58501891003489182923095686299737830393194946509483721669085629714405892615094
65714036045379587042067721739155758261610180834098658103269053102484297476719
29005362367974677014431735791659407009438970228368630224820162292484611587610
72116857236251952626965017548196332371505668395187097481483889671203919155453
85252026349816128853452791731012872196543244767949501621717501475313593895045
21654689192991271384516664808048099613493393811269854080798407009080142672856
46451013349836706328013216819984151910045031138609313306961259557219952301165
93289594001150361269035962006479612353134538769165484452313952771843245675894
112701412982178296498383684366600296363445416530324600655341430257689344914403
41562331377815045949972702991475236087610850113047350225043044163074258870648
101094049921592411722762846855368618281299961313026795147820878598774113773929
5364387426444849944610585094108553111963208484482890066798351674046149633631
56241143471377748653378243338754086621723133875028958260952384719014360553869
24720777026748369081024918426240843829468069308021876586240071783878476577410
89379480510108553730653383191692607031880914698544381692192460466810519687259
75358661215923254965780505619826195753509340738988002775965673469589773730303
110289340268830453218805355882341815385744081557899790359560071898094656275195
92471630927576048852628983531637624145057980306031976948269586661375529068167
89305197495212921756860292620173591583622705949321227299279463301471521330630
45749514944971066661937055965562522011785233756414626260033490222137233922940
99178481931847509700578951429673850471774161453312439525414562653139642770976
60189184341221724549222190369766736676560016904732699345882606441822218258226
90874482021352859331468524500287552663619222266663742100986374372525089095304
72903901899041124682768447578757502169858489851925503863914574601475619956129
3667453523526206084165470257722132558599413196433062278855127352487846958988
86681503577770491729287839155325159041683938299268956849224221958458335886163
20954646925707058638600795701872273824382948783855598735672759310599947372012
97837237796136717075433559519238923612585549287745769961510986258451299679343
53240928469488994152123155761643405392045093366565526252737213636877184902204
75615207319357024975921433953474757080764669329981485400903203866378617405837
31769761491580580493218921554954445680952099047609295637767315227786085647752
86927432982076098199213509960900111582168674348698237997728950330626825209747
108809084165432295559399066585075308133021466699711464207265879678277766559600
73222384508424171745556729199458130760181145428864546634539659109251416113332
32030400511385895323250807722038996746566151971448052023225321595500124919617
29739102405658401006913702698755050794071353483919698885091082267837925073461
47609415120985809178505457889860998400811976864369318132552413673518176781186
67006233545921014015683429746341690913685930465957337253775055260708216436316
97435665533435290888356601563829823613254064718713883388641126168111536254791
67870315495688251956218833502465626338457636387859428702657444797307532713606
65713547917645602021482374841126451982926091565482317752031341729046615861510
73307475501426163721150080530184448033744696254901791758373736687362029322982
35898732743627979463065927005348307278027042715040572820465898267636703007575
17094751621612106357813601199506792227065191349170621057775145288194858100273
1118784927356094976534814913328713459910034480657172205159849670536813717842
16894824331933740945971102910988727244826117785005747832250201736038816700780
66398669890119282401387417678429411588352856355015028139015511168591713067500
114523944260048173877868986846297822635388743569480299301757194108168131754507
56288779333253221520178284312837008862501351570086927204479170819843047473455
60406555623971322718139223192947330909572067889285865811782942044166937094120
101519130420038858769035689952925378813344542587980483905935049608826793418894
112173914868047441043163705821631292909846098911914759007818217840416988654261
19656361552981216988898597875786446441342571914016676075156461169579923063603
40115770545646125311792453079715359798145347778835841607654668734399198145016
108183122751225358528486596476181481199536060941608469671815530020480921785740
51644907323432830436360559164068108246974189835825831771428635398833959456457
31317848753903016969765137723314824248436307446869442545290186290189027013415
8657835144137124776659799108410923270205188342011563540637096734365428288836
25385891455981202379144496904722378932310241935478618052554197812000432151964
52140428316212371260580307038802219698903419656712970122425310912845974443675
37605963557560128819044663010867814936693010656581571271302626391808945645737
38555832538255392518539889998926258480800272486347228273596111474374121002645
34892354996647865324008239021961882331130886454038490363738395454090078812091
42418110750198946105160489013820107919549014072050700300931591530537779599599
53512193700330942288118350190964785569378133418529194204835572383988077788358
102580874532534462494448966828351336451761933709492421896832191821524469175244
12143125338546680983277949627491621036225825922051944668326484963075657211390
112525153075217141690666552733403721094947144059348281832387146433209581808372
99586703392056076442986852474686605680145715869404275074622022230296285253356
58447780600300509938426921221535529852582185668202933906620364036637602602975
101644220483843158537187331153505563856944582251396449018245150031537532478471
67320241284022229234355544211934495723606247421504766452357111586765915646367
74065627555681903793085248234299543883866078467637236158411177191494682174508
91997039678088412819098281801914019736981500863904464309029516491028950591518
28126058276162918635941802916856075304976399776602205086242565574266648602938
48314438311893694347968301254916152665378100257427699312888253730391303663979
76867910921973649734542123669873171756850596204989627188120276770610826315943
105684923760341476437288537411417464950960831570006512456330116890676121610852
99831518591828600677469044569154653827819874494972868266461965565951345174135
63036192757371658719905381249853178239825555747958853932701582482752984287997
13560454043495880800020074279983681051057598531084781657723108889805576498762
16293813288042140554269649148888184494471712624029939687162868244164547442161
42288327982883679581981561717094638075354934949294100396325833941788136769224
35246860376905800074277741371276545519091549067695187617437359578094888623334
95910024672041784899268795042706969548421873016074670250183918562199600398922
104432175318440443784050880301915099912500108619743667010821288565869752595321
85961896071069298210096141250080595483912555283597955155361685581362125396075
17996138394307796887760910843889019199696795741810032813632511096732733309413
110902982457194305072200494504589809954303658563518621182025162761691075876112
68157382792072180581574277447611698665581349492712317150580382282167021627856
38578860099625023256895484395520107015808087698625471361166567230999330869124
15698945899789557964373821006234466756217637541351877916702332976404617431412
49398993832666641986654935117084583076643909079758083388193259389883129748291
89335393126574669557638919728246396265289908973402210696925960138665167615775
115352496027163419814559899143928822458110058851000590892555013898956664330161
8475285646359969459442293781553753209519661362093653951778223977944062744051
46686893009691582798953288726038583177773706445920594953814061431296604760165
49317431134456364772997714577365915183589903147129598767669871250735621808052
17381043564793070830492742818524426142923160252414829823593872396387676388715
28639305762218484900178411334984239645708361945351709551383427371706596116742
42209656461713179324115810088524787531411526971249998203942607691437512989082
67170333073043587551488600582185150852651550833649395502785072690325967289534
20798622064523521847832266349109308862810141971504353026588733971903302235027
55745428593657492896039672625614836449216252140996625548510438410074755519096
96061254130103957821868157871009165003219293036814446143002092838464112735355
95241859789360560674809049697549887067756840990175073364131091606919100148468
98851185534073179158201877302898193747997827869252321995079720017900248390004
105599542127580301663473454517914761474788446427775778532477722932912978598880
47031910650856150481286722417208948894467688951445080959271021275973814858628
54508828298895403288824936960290178349320230851923411116833059818209790759605
8663431781674526264603285038150085688168507291814557281790716778833340845569
86991088817893432101786053862130881095565237787977138346725689011783704340093
94158511805888360996792102931671997224704405736111082928392812136938496494777
105682939493403300793354683151045048664719422563689650996822805935072922566898
60690300281960978041944198906571925061487303308626077430146106170016657701581
34853512910695885311334705630997050853151104443018980544719189647532663145260
67941381312916959013791900047463354786682198559296437418941703364128860263785
52258905731302637187534168276653776599619196995172192278114277109355412871074
58676983885058879179127928412338466660058335691084837795496665192062699203934
23098521671215779595087336191603541254866266805742023632004546635519104477422
56980577783698757633416446157287268569623789643586195242042380125802025296448
88623543087964130564945846396292122816359865533504264205149034304000137030297
28023480258925439107544382679471038672283565380169475732371141034637542972711
90797253525191868700727183398212840002176406886776086929271455384742711024353
82748723762326236244067866218956153567556185086098768247059059445848584037831
93627095927451689009319833787674944450497027135473704736901485985616891257474
62325127305820983622107459144388247285861306107950230118633078505290348852084
7551977346777563542533330518750303154471734458989265250654445157713667502483
40094281444529432988173942578501850151777711096884436210015764311118739776206
22460183364852894087807554685235251212507356184000488781404004412257445544042
36631710549365223486463984580112663819972310912694998791860251329690097942630
99256588714988057370600989432332244850109167176937614520815968723196268036434
80981382816818775832888644825528334244300849778319623552436846588452195691760
37514849763576999712251318631465644852632634716125105603255669951802975148097
13669271062154199271000309409021654809610390491572685626957517285035168411890
66024501643890325173121686799856547515787621036470896550797818439181296892726
26278349196714080400967129657659991353499953265991385513352306960092232857511
87024141840162237747672560790174760092246406842393035371755746979547128594421
62744221440466638313501425175537267431904711377042200891675492051910841791701
91510632882770844967094555895565801901405654592143580402913433166931174327620
74850345946249222011011576166295499643376845762723934980481530826295378146083
57637925695791830740491020534305365317375959629132374643730394611812670300724
13516551825983878796804428507767924621382875548348603927420698586878326273246
5891498874845641536819862646074416273276225308199134782041587944143969161830
37193159189360022989061433774775096488849737354823743661869864159192492440612
56465765990501703750612908836594811689647554290763112292749220593126518490953
114960074693508154995820204209091020905171466659522705296728538977875480147087
53430698729992825896475642462042644411178774810423543574946494193865156722284
19389537563730375653200676985637644090790107464959098725840379284357830999423
3509277343830242957297644811256652336411116414777287356186165200270268509070
23952555547014338329078924099260964985700236501065792815456032880892539023614
17393168963120812154511366821633070092478484630247471071599412483223040129484
108919408549749672897023653003715142557919558905918388419318532293093665022225
20770477257848857947054430725340214409216242008443441942684678786561264959962
85849246854659101132390747469793707002223613025060602255581526318281886502779
93830661426887736351809558516797541431298537359488507875190425384114074812287
72285403697652959142327354970920829775367365869246317859788478577962767999050
25565527863462419796389012331849023678716510752193858173368380609699367058672
26045521974438704031324357620995213392339171883772131337227893011050029647566
39961341525432494080047833020014315566122199935090361447262780672698916265763
79772695120349361590013308204621758999077824171313403896773282261532650663284
66007824475099356258993404316018927516499192172840662609924208254986120368934
14095178873002181256824170363293072788316681256289554168535757448246064566319
48007555467909493507644326242745041768525164338552174334413763570787541423263
100375682246217738244471406224834763221742575575105920930136890443493492800172
85668930907990802809661741927062323383191800923709754361636108854822459614987
108046280237001802354193466467099334581775430624283792582273693349290451522658
46031088169131049717067930099852954902642227339176788656660408833960729917088
85962585427347242468968859678684584802869276308562495904099295602832433374082
32703920885781892579698829002207031763586069322710642067251582423155968040508
85380492761511178516661290050255081439709007900999772188878813207514705394532
29757406836459772285543449567414881043586050427810733757699267881015828254770
45047943014438840136194974428183742203825079876991828050851990841590405437972
88365561588931898821752132094054364995148889464128760516518950853082921559824
15947998398641982515103135809087958692010438912831324798784772131574461280957
45116502592052293323938231095165964494098095316130745218194563727990997849193
90709254561139053540973829624969663853148038814828186984596732825950198656922
110342675400003883193788351084131810367815426501724010017088542123676210213055
33779543838528068631234919463688637421010196494313311741343365653601553623508
84085021751464768826254034656581452037435318851538781580169574530967807479698
50844342636415709053544630845789039756227368673225080426575703347912468893679
54996874569866731733805685920555534988639781080849011925760786955792177844158
97452919206418086441090830600156750734045880740679169584147077446340982150056
94327071722136182149098797323296955234379534527060652967302086777636573141410
74177085798965026612079981566666309964350352389941815563604747053108718997367
42704653340032149790490238616383501667718341854481888073189795120354177747901
105811374684638620813430837597786268156327579863860643769768407582709869007954
31399200375836019952682555015518953634424020348065875393644791666301848454538
31333730934336347429668795785998602285497847610481740419349005330202497062542
13792799107622657802846374305727481506929540656454302595529257442538731503907
77758117844070136140638922038288116277691345162818273350631062510284154301223
89420856503477663270445457303007848435882150098454615811712716310118253364348
37465500930478496125522073810175104090842599423453641802198640180486692297147
93144050164136476020813406562032942838025370501441070865465214739892156167913
70077546609140014571973875470048254257200086586761932121048335857758126823818
22174305665198128789737970837754519489218417869788923954774260664787898547034
18965782581845396222486282441063068034848261799977194712840191694292115137295
112901858031458090359090036793525705809952906482467502965997239776439384148734
109788922832838452893490579968906369297038065611465071212961930457221052914176
108599272186530441948177172424590582571800367717817205419335882202770158227846
37665300922409569826293251231175286495311610325814768690714736047025952528013
97814540996017649751112452769717209404484190485512636933103664408197469055803
46365283449095885479276024357616239550890690260592393860050778453433571395916
103432001132778505511452901421316280090549169367849549973900897968889331140291
46931414095069463727227224406917275567864612998261040801062361444898600422772
56907566569919844769507241870577192340030466016632973866881724921269031297270
17952395947226921142485002081197674421762966299631700512949051117627228214136
107135146633941427508321283905260897939762921963264650955112422338710065069758
18068208833396074560458942571647474928271716504131367452277708697417319420013
2180013133887513482482683489729649377486667569625840751220217383287850904620
60986499467469242824429412621118772863290171932158597499798599988255218287653
54702909761881240454906120957092012942125881491641251846598913478325991366975
37878203309369885394932489022996602725188019650506180037478743586706568528759
64779355015805856447753304013445363683409309997247310901429807181859773728417
68137723855857227276621313786088306923515398180350865661309675493500805505612
96948076785270568061868551479035991743367537943331292219026705665217147666333
100337397684041612518782504580990159838202582678179256255528917526693309354010
72307007134233287927200812053318210799788001621510728669572693285302081328791
54175943595345140365656476342931634728769868583466759863174379510729961222499
16858933576301321460856214394614538523925081501980218002967742065582033302126
17540253775638777194248856195733450057930531869739491891983455589651814838228
58935584356581885382095904419329576762280448077519839484085606582653911893132
46908392778891796635314406725122395936989115135779653992726229632637199097162
104148448402426732849196316990077532241038717503472088334176695785555591832566
51949220729611327777758000289713079659262160713975588658511433103084520726936
72628403769694961170967799191197540643416327385686659727000238728029050097491
104857417741458061869502554845653177682210620067140830084521175842453633970115
75095043158172048184283782720060591414217093260405033994774834376258847265899
109027093976901397860025429420482890904667448474614094001850921552217316198161
72382413498417540326912264937089018315347794793040307495909907399256775470203
83872788091898632899890927007289417434341838885192373882936549346034443488145
64172633807113699978414790255817894205013877124586748620145358023487424435414
110376121188197439064711638468111386501503262285015838819981686140001941086702
33811170717913505017952891362321346450726707729324095678812725379912524858887
39998934873605634449320879528290025864745695609874856175200587790999228386053
50444713285246200719168727434650209788562516294096543102197425696327935479356
24559478443684408657833260777532878254178002099265428870517650548399122582674
68010351491211017191305570659783752626115750237895522767986234554635333164330
87125809028928599275144180139114460421423719711976416647395034442002353906435
82074252349162674377265908800792456085458940746208537887777898245621788607211
36039077507014171667891022349073068841858572317982283577581950073302731692351
112798990557111986637971622954477508756651095179347011102580812510339490141795
35488646958379686558184854189235833801329226155967267359186441885257051726627
4571685361101329201798629645649329358056152017229499711034221063684726774842
45036920481843217774601923331983399519843924746432867472935320390949912991267
52501383267978583006965206036174635009442189453882464163892286974789155005821
51269711247810207751483916663956273874365873509501209293993619480653204558968
87584287745246773430009690651829308837984141109859449530988836097186717863059
5300929635515688881430518436497664921869289948884921560473974781174369640720
81721863020483049590259057543026265892747975091020598049804240710124063882233
109747353304285107675691141053141707733641973357940236687948425150397262727307
70243681941707360440476868278754215706131783600601565063942794161472246997265
58604273225801750070686710155723169927213855590176274252487485784203826867587
70189699607110758490027382838192365100050617374179512346642341341578279412624
48400047369336322733125798187237876749342582408129216457082011238151245079008
54946284111538748745002683219259483950839755200861416754286525873776907739146
45058673877704627615062716719735192445250820624655552435746669577234817741541
102011479952891714552025368064888821306988505961859626480285560229326514199556
78427242747489416453691528279687094487014991090549561411377881078518428164875
79574849889412025849084658707628533636354721604551094551622208335830991194881
106785979200127155924829879975255333199422233713418143149105043582403609779564
36084309025408891943700740354916795310822495388982329781028089573815767463722
90258001681807694831198869546786820238382442590731508010110183400148248816444
62609098825414290052440525469801567796404052020432981736271977936072291258712
35106112446101320178397776633087076071219973453633637712176256397984652485546
84723019293793107655727741923913823435055856048572427701061615631563653848897
99857086805478473038439093174906021168243897964623058032962533645131574112388
24096159788433816793178333888157641134004745340090881565597015763831350749900
15157035525444303202661812410704909714519625190257431369390172969174190746442
41403770715783793763520400083807155110409993462223315197910042063857603753723
30448236044824959529699350055394525362234751483056728923240770711074384105235
53091214534865355107977761835988834844031916525520290265297255794332753659248
87275674214488916363173462612097741335824665454178687259994634472376877505788
78664874654556512984395696014066474100891992098794468560438198225314661051334
21386353013697064088174930120728784348433187112215819325798170222573939973469
7885206663469816177021557929868169164548330510779888916228216550774795732195
88852841463180418879296828762592887959097833759801343782627533240837185696626
65224321712692817028734861166615034223807932154477715405125391782977259929420
4040594750711887209930552026056957276856353398571150956048902867252626524898
11574313720068157169567506476410951730633702812863356491482354250712159010729
74749633097525322993660825059704681231091835496539239976868344242646136344944
35140547706178380195306632572154556143134598152709658358421397431707194147956
28923937893314916216739547249741676693635040237250236410733933958987699863805
36567905802007643852671848462165589771670798470995928169479721870884339844771
79526006209021425335517622853843062761625663271344880618075019071065303685935
39130151343563985919544546415130013701743391581776814569343043340594360251335
99313652501992240925061889540979541978895354742958024268836762269450238128990
4223781216738050844936447788463920242037467785134202584129229298900801685561
92168585324223091018147520142399545079500523204704503534879689486636916313397
40112082947982553995574023105562606320419564763101850925678603789598578884377
18350995364970930526742164651525360888852751367644347763485631381012927890733
99381862454832213871897673648533216670201753247186708753770134374418076725663
68673303833812723885020212293437808435773771554067420953650403214014480696617
86154740616507769609156940441207483363671412299165152704368004730839017393813
3396239637419684282671114416957185943185133554775630608585104831617766791852
20157467298360811864594828614763176747762212704444537874097625293444388826391
113758078895813269350518790560987850880269399499181544123540531931874417847075
67238393622611242102166592858199082621790017337739899474159210625040360226869
34571174436134583451681379032136542373023472021148071253901170036775833289862
29652752409002424018033763099161059822336238263649919621961504112988537498237
109761029537832137637329203893082136733792999015417610121194877500515749641531
59354385603558524633075706917264209483471127437411923361431562482994954734715
106059440387332104748661939973188402404877849775589411254101069912922824813794
20857273816214459457174299503510036587623883336761003045527615865041965729811
102621307984147063313999489109991203160353089065037943006671228651265691049309
53732261790032717512893141787044572247703089026703423374909313227673244165295
81501383415007378253038116674573904149302424919023377394426563438224426701663
107326023447763361535410697707439399666113225078643431386600139197289407075606
11565628884441234527115320560478710154223520108775281117455608506655879877623
115079687648175831411487601617976608743809577706000960138521035739503856040571
53414438349385347362835999336667037732939317367403426693325939561299872069885
66814488653136912753919944113451850020586329171554910756717118737064347226677
64189789965289444845534524794116070832114866680901116824704670493097084986954
64426657589819198876521540943798235275089061769417537490867794577603161644639
96137685735720947310890601156615498475310967550761790215297909821539295343651
64204741919594740022914660104328233477616971998864531320442456434968241000719
56198048822736353877400723907900924727493377946854029277012397000546282409381
66038095487657447242409477979402049579011726787605535385370806388353555175312
83311182573850947141719589416203197862618461863008689586227323440416953369308
80283489287565733070063318906527239983955864607440106544027160141319445483295
86927976802981387045155648554528393653176982502792889684494667616165662375011
60559376150326351263160296453100488157145601744374418492916238489599988902550
111921182303013047924570304808552375533826198348736414601439961440904485566271
