50107927897278021970870047836868170259834830494475584010677949886998243727123
76996021659848686779329119866431214422194770173403485790165323443473018044765
70973365776389403927470383735639113259732763817132229272328699183458023182877
24418010840400076401993191270925301949009490134972596395514555529925097669828
42313586562520054581849341196496118572370893845678073503315538587047077891167
88832540727936129052466516253501818976904433313966005216926827520519880314518
56016777031747527354373469344156404439667467880638361027089884485491683137356
34476165500042948241258494332990208038692694146420441574923968591238436827874
36835153708168185297982947060792751353962303624327715278861712680208285773681
84765446659795221139896491380012132025840392928480745411733313235556351845219
74856653015099338608467171551006614751800379223330710702859250780851965144166
5643518763577602648629470783146800727201323765360032731989450134860821961614
48385257819063862473506566322079099582916476019667076985738876048034823834595
13390456719315075170435922079966962803877101875251753948014254111174657415517
29432572620809607780120107600051117233284004907275371758144846633785052678030
30687562468995447635172106456549396333173175351915564861217087251478058141082
76419997512263605174628603313157964957203207911321100144212751803254127399823
71225542602114310167724584386216026220035386034422803648255964960472169917609
9584690071136302458329834111444684568976451261413816903470590346679261367287
385035375155118207094808629891185250401100533867954935952805692954229452942
66554953593070635837357033869823477234225970169302828753784523448416372673384
75920882544558766222719966335641158872870363826731962767007285503095205266914
18068657268785242180706226368963049511674874344261835646999917845575042009104
97464602262101524413219893735909122925215354608995014239409025018074082869907
37190372855309088556123786611042247137417595548186552714225099779313314866576
41264189120107981711471484147601398645190418812267630126079282538339440315295
114388835214140973150262815172762161697589729776173842216689994357979844885794
90989554204152694881521560899850241525526176556512880712123504169679896001518
22600908686439421292359748696103420960445599564564536393940723322140383667247
86894838759773721587851902830598996701775807296248074893139971373132171672079
73424629387097393352267685178661640590185140401218280997358149958624633782482
35567978660066992773371593486098929725601869139311192876072702917908609510320
76915764575189279627353697178374452849539412926117829909244413020259036140486
106382309384075984841846916470979339538639254035640888838203228346295919726222
63430609428942565666951517492436955844276623362497004697340322470207427233014
78238358655162704005764129306839582058958682629051587997717368596218550525821
59107606785538609587585824668838246443437150455777886928725763026719635595352
25241180159034792974497826222045462780182213224024025199718013225554074506255
47368179015987650308078367380647275865500320123163249568645340699204962267648
97903209225929234155669533701267613954074944546993399260999586845316167812193
70975614278292758334561564063658881918015690964580200698491301251211851772696
115725123207365278756639970407338304602167977760069572716350667804828906054573
75516561725914677461166646471218490074544398229853428455724282538130072363637
112965726564919062627143968912534272117670831409643289057121909253988912335036
28457779996612266514511344013688214043576365613420157449967055757382194075047
60038530970079432847014693214133831912390995637876444044099933367282375909653
92258371862312281001441215567934928046320518415939405370896095676271798943833
105226986560795136519626198811571941338793296559196429205018013581702129037208
1257685554841266542664244608647448207806300627207377620488062100094972141393
81589598828508259824491777689300493322346279189802215105170251152614033584066
47259972559501771902270445595599517139058883066990596253191838625762826299615
42468125027478004877154751399088185062064977591794293551954182856073994345572
85727645629158210292782254571933722500140397130025447706605357016837926824394
42408892120067797830821989238970028887987132591770179844691740503591790297454
55952764661969755435740436337271771066262072915398577524617093254277808407309
80269901482114293622997055243774771650895660705790362625128594520903790327051
59525442805625398793789505856033136027963443578597997404394612604528356697139
95940265707771340161919866453252810727200024193888569826618830138326882853389
66602405341771588441703529970645463900475008419622522051326378790424953148143
60478294801668278170190867296890239606541128834047084234144574650020194718669
25548293700720153072865838992041745709039959956883997169810504865374761978657
24738770279016689562345986659083185478803126578017762775143967472553843390680
69428545023486854874650144320262603334578795852721712934795094178143793515535
49318766009312809371742910844373463459565548835776333234056052345268745624251
16705990909669073544865797151161350100931139756364515603528139666441792925713
103671051678344242592191810591072384774547418197577115043641690379776538251527
114149988335918518089081623119309043352168383313092464277155689801885999931296
71735379432892119344862700423734544998523711289927525236657798120840089798693
98618097900784792314931281776802787071500319731554864401503257187790790795034
108806328247828891556235464745496597756976314257815090608991103506612550985397
47974767027581049014064996931390189654722729469417408560566097593521529611863
43443437416133661648605297413305057437467456675386770627456762505441672543764
96685295235527385881484006420672173863651198192327411265716927694657243111317
29281523666476421409670346936264973383268523769648641919469657430942046570727
6805654375231898608634664925623855966472777067833228158475756215109814767821
31067773987209888167500611288612479561374295799170343096645796134140592806567
108497811346950693484307704962855642201394967215105920089004542355665568874175
108177796595684499330930901525879174692126288912896589880247215901281789193775
32487735048301323277272277290305711134561683272809730251364843592166830904597
86842769531670456292130828253440860750020707597094063547941036852783214292985
75559463984212016243689528100790592055116242669856342030726709501550172980436
83698317817615600584871669176577533431746223214335965058596966676585231253984
51736723103479962864087335020442942152752167811082114738067917209979585845014
56897639061323281837662135852194156302452171635161695196809998217042672945861
50595604944513739432905569777546019679305292486677521498162386595648847594803
94443382873996134793896946554353754335496861355200540215942356235240684556811
87499414355827986735515628048678445941285176359477954483791434158437658680920
75136226336642623812778781474738465266901570464474122906680367838497759545883
39340689348517398157749934502829178963845270531677481868032438583161356694384
112741451377534321252885113452017039885984370203410868951522762398339892527629
48912884376187186723667984074618567699752088012674950023478539429135721146022
83121891719634093623114496399773157153074946422483813044641713664120135838715
78981417075502551534249979820737705975570625461213552688890947616263252180208
84080336246333006740468727152367708641050228691990131559796153279999396860356
79538296753016728838623160562083869512643952106288228967653444319081675907553
14798617344655344944415458135312902034651127771805132588125817705586673154341
14543421008906648987599576107952160609610716036955869473877281006755466009148
64642038708284041478139610043818653005039093681299363542451248662009921636242
16499208712104234497019734507350649428170882145436112474155676067756320631638
78518586224858123455393378249215737763401798875632576947986213155429887067082
31605367370320853516028384478408196006373736673246423873605143525784355990578
6500956845138390522933385947814959953988290465306891230857376020577848047331
9848162962012711849588426450083786629033208850757354367695977018752705845458
80481177180943750590625676481911636178173424999258086498499848439249879859841
36819779448794751795857658321455029944957084567531053867353753613583443342444
35015064237858520030644646413428727484340727622701610976491942470300090797901
80206895739976789251384960174788276658049645683884398137830338206022945970340
51413950065940906407121576950645348985041299986140560941058601623917463339628
16911800978648815077840389328405619463706484148510137038897626571074174493744
76549045477723921562353194310206985921127771650311200887322454547597255372603
85436349437701440987473264744723948909456907303470078257915907557140755066829
26094775020956022338138976103234831759088095926908593425729118410250073255774
98624052321591490622812076418766109066176281224216358414647817938210993479520
53927316708370422850431125355245573343302477191090691490215447355810876899943
4487101956155724050650498932471197596316078930013361048348893079373461611664
99712760408598221136125975607037269158010270639960491426585198926140633456400
18521115128365031860760998468125656270920063675473064011843621189308992409780
45587885427215164332579356309021340833516025961379107163463927562010974821293
16398859824620460367991295253179303759492945074129476570917160549716512926005
94233209113244950673731927329264599488907801718626205224791532238705032647973
3946019152590761653775765655970663943535219108485487517683359631915359753875
23325915389067555127306821553011208560267110393029526180699805438537158254606
27299139824881137170613543098060646629725920999373191851146683099026315745626
85517820790674618021516007214019040321981309283215383056376256436673749775997
21332152892472913809303084336538715618615208893455257990653785884743945612291
55196926387494382977629171608361095017104227046422729519077763124766714748523
101040864598261082793787769338723820207903957885751063295911765604875446870686
109934617693277958089941211017388466866661529365726330763173085226495581826845
45619080325809379422856425958659087100899834365026217737136069653083705344879
17425586767007053151968947493555522777191527515519251988065032411203822989239
28445007558687589245907341380957339634027174366751416163596209931837328536245
101505441981906275032781335233002156508416834792149074866195894942426780675824
83480904379713589848348854881730755242319225724647600613040925254186135547060
86875026145149243220569012926326685335130613592559561706251413947325184501451
73068074194887543546503421745304799381305527662270178612880341424875974302077
7239205539514890894896946213654067656288322093551763612118270535268619313721
36438175814296492280757637384560472281827294403921369685992782655449994288133
30473129713945085901610307371036611687837271367826856014371671884340155413219
14316561257865746102679665293927728309170250068471703054816648359705778169155
35972074074604839839423788243222809347684023963867380080898380956459871812723
93587877063480605503904081582164136259644240016902988944228212713441760370162
84850971648983302045588941710041632531391089269345291502741838236709420923096
107411585215740597821061338598904709782395398511905831522970917784738986393237
1870180344103248177513245303549451387581850908628621313853622984218971793450
60690793225522466648092346126602174422352237175178949284433485504460289406650
103281349290695047893241148653054646508033602268849596268827909342382599228280
38338467951980535731396646700399985233678616907706882128714758451900390659887
92413064058641170972335482508852464247227231079741193493695660706076847546137
103458992626598366692054867779241742563930365089082829841411941546798099783992
56676602841987305897189388785575732154182177206506219894539327436258033308721
105603412722483481115099606295015718290823293073054007559232215818009669281468
79910502437840962714203592100574040238795528469204660184918549653658944166827
86745037173405419369208674854860994624621329570497868465010358488356647587119
69203959061204248345374931172073363504401664900027398429666756230739395956530
59233140780636200693467758735412711791149714741973163966829505390228837177584
91044900362310591447983695564834763451742426734093760294426761307385126344957
42152205967718385604438698275717288857369731529017681692519046853880775628953
15013335095997138438780093881903138035816555262160669717503860073365464896821
56807857773360738553026519640951339611712586856026458871285305136530463872977
65461781804705787587958939508267906727920022528087331311380717289870203325207
61436679740804873931393793937799992734851666047816973698412546246823408789491
26890398817214366160697585306258261833416551300953715439602888421758375119924
17455162998277151363138055623012105401072345417180326392880587635894069821757
5274767234522655799175113406205518938428914470026456928136231330921308757336
110797481431090091963645333855863680190293430800932489674050679238203733223364
59739840090383882485179540820477104289275744554627950687195939979066443794209
32991934618622856991105250668578275915963567989594040068018834413407447961655
62185975086990692272283849181864683289131167003665726828676073839310209264544
98038886424574079833642771541265414404856785953171485588132508175080991774099
113693372153773027229098514034418856026517122186340250649419656896046251508341
9430332938077583271623052516473855818903814574583744970107984411700094745435
88065533550658400834597112324432310298263662037787038037824397619864552191159
27528317695164380050727891275999401507150677362320553396097242300518371920490
29043923872326506605424887767962276125640622678993180991475469481516378863855
34529483769601619485583832606982426810127752488307045602844076668879090578245
105319370940453323818519921736063565636501961813051671053730751335464669315852
23047323135884724382905504723627151572976830349846008159119922928551486153266
96659568875318222624574758108928773248798894958148487981323284637564981209786
56095718559338900078546674236653106415577384329955250609514202195384446179176
113109996268306400988102164818813881805277413449299306447761534709724543314979
16390815801753478080122665203796670235408249880953439444199675192464065731653
31843640801748171182793920101405024717019934560525116259398787261362355045491
24323130300823546986940915102725013615086532899599276708750413059017247468216
91096111715070635524481588261289475035678851424724062777475362515726074732516
16901479937977920112857573406337596526990778366590628402142429185583649197763
13482933175312017464339557847804186985388054110361145757502753278177397384904
91374414458681718187833479033527820697098908834603120720082144542965945403316
6039979118439571908388151961512760903974604092506091637805600645612448257882
38144939332175323392938709224501838781496077406668758659820481045089473207152
61466778377583226989650363941462140255120947972385753160610517459597570668348
1919955437047807356515109754264972412396173741582870760952342862460623577149
37623048272734469988464570686205453053389529203709463300078487993088618382127
104754577594643877976975720849690682238524726726016606128297329875132939036748
81132727410796558113209218918756356309285622482443187651898818308961396323504
68230972325937088207842355840120698165620997662060906026217590734981439147878
38597116780766990132755326128153891127337019746944158662486735821633020242951
96807828100370653697722603346406821314750624702732650098885114437978728755200
52292890922663665343749716698853687232026600108638001718166747418583969158401
18932343318299344682346906780364804241840478558092644598076948289718171100555
27344440902019242320026468245737422176045654626171334345307987680006533995215
21075184402604529507769949042616704051296475031247607301597827331591142109866
33694365242002802910247359245255897814577726229395132009122336765267821932332
113179027609914558824951730255557586556637775292678749653559330380324302199390
93842247888237081091295021011913522742597097594535831059272470875462109770745
95361638776714931639787423218098797994879810466729815170548445065222871840737
198095619371291350565524465628623308640287546440120207131683723803727059836
67575583631872949842805881983069668180118701145061523629515141481025515396444
97079475459707427076171252665400031060317696725451437034965254688574102455512
97590559691757034636954198703454854635268670671675877631004772746261713823686
36708738365799206349231401215638046707465108965365086465870051889572634995152
83376849603373374471658132224217105646854846323594112449319456087957332603581
65110958547572220815798520587312029306504409099193249065793478676675028436299
61754350314821604563531360396887809645834238068561309034104974605067317953749
104084533912736236007696504195606537489963040472703904612452806229478193753488
13349355327771570359820973569903182725390998293232750367233167391288209702604
77026904805454991556935701118546471684191498835484442297194687532427861912416
40820976123757675071653490140597908055285428379248044874159503448810736814642
77353267818704331683145576947600460828697061347880949690789040562764901401592
39658789632528671032915694942247796397532238658578064282865611460203521143626
26559788270905113018750845234619824712305788045894379003878885660387925471325
110828742574647055634190229163264507396142080190748630267095794016625635543528
30703248080498952582571680667000143906143223999058044949540176136848712687776
28099003875877180323928251113854714420805869209621771377885161707708210301917
21593785727752096915490424018389460749410586497407169269257120952794566262788
114936121315943967047072213256357217439648285528124845944188523331358793748623
23420563708154899273745396675867967633415905123659104409583981751008017181192
98886949916180965370657121025982940162195154253952805430728063427545141051723
58354448711148656154048279658392630460501203003073825285873950758932635433545
82211714160163530134251417054929310855216219147670970536418663347190270681329
90434119408204647432291130336458679374000503322889002770733316756608778441945
92260042775495480901135231326528391769360771649735273662396653714698312950883
25692095201168404483771760901254497059251940455519560832583040001990092566984
12060262997656749079976248098726894785831752539980340913243609850886067521121
43721340165869902143704381320173595849229180518548852905199026224073038916702
310935212788097092850828736781076337136026504409853719772812960287905565125
36683237926906259532282095504790506640953477965221321223726309795430302465163
83397799073288785233705035531599078980118874706441646848113382499181393334002
1708663904143191415405039385599095957364282230608637909033920078560067591117
103352437569338364744485557904691902826757176517273800306937650794740057071357
24569156950161179258432430160402054754059548018117245851099493491750784388161
76498253339432955687696835162712612748487140670239789147886851123453913326859
114631621762432607743617734349711498147361682525954734938379737681717385480914
35390579329365074515837703038993421621133258087452718905007742684483609904258
66586948199912836493860059651080221135707950186453542162842050319542443171635
3564404476109397202163125479971934759533912750673458343262025651095851429979
82615094788675495268786269968303696059123707259784254800454649881933433448191
106089253535619234813086587677713086556368284740882201417060175168365035638845
24369683682426394253818450987231843078401439151950469539373481523750788673488
73319318967857179567365683714414038949006815577442092526148900869390648421479
71677350365723769062959244314362995124913473712548573482873002119060750831313
6128281099966648321582934478115810665160300089400802372885772687230126540508
80632622110276960094826726547226720662953617701137030231678509675547139829037
17727427831886196898657938020473267896387519446913294426304418420193072045475
52082091731844177849129683747320093908146704486116660668837731881869543065350
110160551829163585294777306285040761697860303555114886076246610539851186787947
59638481706144754347703678115583225651151756505683087667769612225167057603820
85843652365493931748653140176565848222233605440475119027430914137003487333267
47947254714102516278131879889734287626414699549156152082437824355744074410455
100490633481419767344019258463246287573103064621321077197601856694174154525473
57094259851050823739410418694500497679621547654632211718239477897924502348170
62207846139620596316695752333171502537616130066503735525688666302933004751214
103319853278987162974100111888179719365568725251597927347846716683292816840306
112620749791929074043529498756647038232244636222567140771596269630144303870586
97892135814661221674581624078217505629867123976030830201425620839811345439867
69022206060448276307632374118720901992137331057585066400500475493010947671714
114221682869249051897726280939382579400636687970439907374468323768410864830680
35838404999643609106587264205690398651078446840383556095650170464681406580067
53876247163930737205169204707070312792345963785708350008198970066675804396891
13975566982526935645642038481701014089846346706155873663217498587103810974015
106574528926945468143959617740890066531931564052896212305299930435404583367742
11666097390331085343305313684608093547833080810479519141534044594532364142905
4188254301719185763889477200074533985379386481203933559050012654266794142032
14586060552062326916279411215106085178337846211229985479619929756132840841206
20379472622995816076628291814689374828464818198393714534770991858809586283633
69228996822974946817669900153865439858381437739039496519600826332142829348203
945237059993576849250559630771092937797764287420535077736584153859183027555
25968961140964766457057284663918106367852027350442040374452021340836988836720
41141950047168530575565632942232625495623541899362891530902234255685208116594
66722478226159598300606311350553673476509734333106162234706197296949650696640
76733679473067929599332110066221651547971622387965800106993653440291728487203
114345676974616729028664477002735972498647789089602489995574517348510901349153
5917904132459551125092401671114927541416583456475268409850593588935870864806
21918580295618727476247703767356073915326640399481074660614965896269697073587
86550841167480198433900634445861043147987092329620286460334975428004245040706
66294929338898439225078785823832221372844435645109216833138326269889636674913
38124446677756000588327103334794747565210308263687055388084978341321823419851
45610788330089581630927745877507415941801719816983501580049024310390608094706
38499946251231020555642681598055293142191143581341706514735058979041021737790
30187499331736006214557054201989501179658073184477894295704936563207697199601
12554100369816512907946634966486818726082265064637326683235967533936513764096
86805872925557902495970941598023777281390767919520162874895272126458399066382
82753492604794253582817870665582237563817500988345961992815753539766268197796
62824477924292119273964750862201044074938695868606723143741544428718804378129
97430500910606533296072805247064700052977435894440250782204857130516324135524
50670261372842757450397987292279024040297187952137623201450197665047188606241
68439921501755405276666864934088201421521959969355446261669812841977789992458
15083193490068425840484634207404328095774242540836406162637306921234061871256
64605631686812496128957819292060459512766778933728043935563280143222658021156
74137658944865229424431243035546233667796662767887446407859906522637442742127
805627106480933323907611952029878301492756967970960432937050224055753951744
70903496568556062039259905137776022725912128064231765412777766430150441368319
343126784491565710350082994449797425209182381223420389006717250749587116895
4087354055081150776182413286270106506317318042900359030778025301003943753839
77774894819670020307402976819445812354540748802861645551213664148439933068451
7322805670157022981523617317234356436165958836073905725327394940722004713298
75980886971841748974810485398134877013735187422745424796130410748818249497149
65081970978674644186925634782760027768588648625390878311178988230097105211454
78181612191654621389007924667237550814730098095226149642606776658462823453253
88114217031069994641649958051822473731934835489735102160317748927719499090272
38366802510013238171297601368379767582542787162034050635327886592277672690910
48872170289133769891162709964757615514568710564465809455969241692956590253285
77837138208203462779018729964716503862409113330516336823014895829422116721536
11974922476368321357940957026143769915594039002177758987924288655136000728035
28226753674864889986172693278423324908249783962148602331159513449920317961950
27989287304286680878825271575274950459567810530872966603874373467572155269010
107591403210828005873811848265548940905308211964769895482175305489143815246049
68534316968925378188130046378537010620585821827462118841757958522845837330603
2392974345690922906913240983038822472848714377198660669584183106593673433976
3675691602858003224968243444423076253466138235682367859272305246514535741430
92857272034593137278894990367124811105850126636052990202374114547642184316402
11103087337424411393402200815360046136637745793092777862039839150090511526355
91062695342920138837048952467106832597195310894818013906457432753289288449014
53066117402188423420317053580623094426498059414021432120677449550137778103225
99144070914464948041646538868966887040082110100427102857077826339987411177088
59566213952630492266470725191658005359040651731504920024454261722831142229047
73886920459735983182972339298781346914295471999920258822399378131788137186328
111515019331308329321581770131680540523630776135295373386743743017722926416670
17451373741918920405159186035696539397965411109024953750196051973267382413504
3029434533728402757543082567568449792936793926553749562037785552860745074387
59652827369320966170257928099058097271333632243739576936015083228637912278195
64535656190718022766224499958323206137822066814906229509158762757730408117932
1558755677988295152359617196132576884438712192636580046791331049805053484101
114350568286531306606414566871624608034818279617510340268282715667578076989679
74281883588539815472143622839863828523667198856202630068584119817746590360096
30059263507584353639108643986350893118199309070465276565680814973773594261478
89378083807372766957842710086930940817131694095590088845248807852496465084392
106887578810538495170413316822648834965232789989525232834503786023844721321409
30257029033781098558298953443700146329514542761390684725080711315201111776230
50822657102488363115100919758301327088618454119493388552062298314677908495158
63957550598501360526372053908283865642971965114048571925817131774697428733993
43571983643152500674744796254063226796456348373509098794303457708291378942318
28265373520299601121248702768113753515119494464198287947065322974217526794911
74996631613128760739299594989334513117971757956684703559081046451616052578634
83216202858144221316508378650128152747323858674549720116595489937021659852348
9666439264026842229893126647079045566724777841354063489531603610098338659616
99447298753441039896853972059543844037856864837437020319773321938066603532742
55866954595424408297868914693349419012556951988722551351234209189793175487398
8006852585386403025857665333178738169080434623042861010086330933106612304841
25243554309637671363451555978249488177242454410806022883691762733802138252285
54157297393891010463237810399537652180170400693673067716229280335187561639054
97814862414135461386858065022871885582371490718608986067276007033707230124006
19581091763949403888586322304186466522318317562685558838170678975474800776482
50262948395691278545808901286907452261366897592235277083906599343623802869378
28373857158337475095877204270847060394241028236019929135630207104718038714773
4126482450323818267963521431278826139612551449025663445654528505932019002301
92789688047453836036429648567593074574554175874217783931805205561793991292595
85491520512335749296408659654868970584970112742750197458579975266322062457351
51797748817559744894503811603017652439706403440716164775030516162324227708007
100230374252375967333114911930256067670366924560511328670716433353625259934354
55458587433251673137931558678433268817985880198167935549192881319985690548007
19286950922187549147076061178421590330578360210836241771161290820910441533427
98165217047327185575778490605305812596189930464516356234565557679523012709966
2268804100292396787932419280240400695545110271392446116235788051370185236169
98377690363361598999989054869187713743568596659681000690882417138306487292086
115624456856512313805213798859706423607948181677844099823534274768533175540461
108724436431005393964109434822041854973599805347261269670070052845964473915785
74241695098932356446623642665781919963959365708259797439539232417099457171740
46525601658266775371226724830978478634742654839622404266293275858448220606855
47185411100587128291961781635618609710350796520467652182623783225261402879630
21655000362843762908207949173030135866263511737065560801010509287074349640189
38212716698695930515288688307981329849491643598068398813485539631689900782219
106281415790006976934368311222406574488200099815471412096217784951977960574930
74116833323897524384003682945190268246938006078971084083443828441241025667482
18389766803025869055061603220378025040120302848494960661963581949081942626955
87147765871524782965650258156441004274600240814151118971701669469746288475240
86163966155493983285715519890372202724581433177106978178771246609521636642018
26517198723787874753669899881876918446902123205636183708714889685583817474004
76515759370123115021899276791525793523806633183529607635290633021563095056836
1633663704826536746923661446279494703552521423920044946567004812536830616967
12747292495705460761354154888751940957630583445832063403990105269436367317434
60616563166706402868403585813192553241292033246461118215102187952603616712528
90079985556814205726641913035818696526300449321123494881156879723433676898947
60782707137493452795112330770894333053152879475632068031943420283437330601695
94268577642122162761999170850308162741109829906268319072589012955066606126630
69152075847505480327398854232425371192669094405427700219113068729244494067814
88449270733713932421385079901932540251814261734053843207107509032317860258439
90114304278954112450404938031989953177647427697459221698478515038751680640253
107588332548539187694877238291122908100187866957250062538275311560690576078551
46014218859034253062414404475067539216530036877630335380908584646665056224990
109304065410851909570670742050301922454667304392593442993608511826886095974051
14331060596525670674968776057804954768415640126785402536965259746979449722104
95294080546559191401892630492393015002989254984814149469856201304116197682971
24566182728510359507662399491900305401716330768573541773202219717825220831820
34369999900499148710677502326666137632859796138766518802346029339190102081378
93041313565084352261161726696322972636880242471812571940948027791802765244937
99862135453853632087470358203809509774027219373844058706609010467839837037656
27668536010889767333685980351287089062233127102173136359986669128866326036697
837021690952666277397681105301108497116267372538008000537617975613115611841
76118281587798113902653647421223124393956029552526388865494086090687526800832
105755013865555624744330349307556481279534703198705858139314364109024731583604
4829531216051970341682441461030045612422416532119912733384717850027918743605
109089561537995382366947822379021596076492877227947318828549439776329742705867
111241850928435488955661401475430571481565233225131133404667171588812754488742
36483727355696938156021825168987353584381860639565580397786242458970923306126
89317605172997305100533046629058604814950928475221082697134748498006268495925
97855223838298973419848797772347995452186950853902899364063281365964699091230
97008333702220931407809658511867870082830543611497338649935057000199083673906
35965241089649882956030013847276053096130867178008336315301680910994772801413
48984367657437672183722084988546494274537048198765613123728481095643701645681
73005253632567718974255102562323902618393994256699656998241072416008913103413
112188128870173323861518591492329117686560956499647912859275738393137785732051
114997221772641925239051070293115930835076328770783389985686796282866536033048
73975434238920999318750470342717610153429224688753432584101615752196420257911
87121041209386643617782015309569248946783047338221351347058205103201479949079
56427490229688563729104259061555346239225290409526920401421801300144241680067
95107475266350519766963322634654426787189846096075316126526907547526359897549
80714528299779946021176933987960477969245316099938664187409050254901924191447
27422771374001928938936550500242964105247210443413730660579705010158419173460
57387154713063499480193950411078288649755634577580543516861575316423478404745
94926610080160375177331194503087959663062383877449550734003251381969038016014
99697218139382719989674674600307245909487138927077383952791473702410643303585
79359138893532538408321815891381592945114373710209189361416528918674749753443
42882165908446203891948057810179617066842392775521299601875577072313699613744
31958252106463698162350631492979984406194261576963447952895262387798480966438
103636378377423724071909093319937951908519510272374987870458604656083174641746
73996815951597366012019043097955138475835660637190405186311346945880907481372
41587807929363514730884698401627456100812159484982945525513730398690810222283
103958140561013178782638931835683738395257917160923482042470117658055462358107
18189231704254329650450290128227673786772196637499419582463461276680743409710
82265120855723919616442132775156034370687373680595001322976929312658454365050
8675147738719207606084132449970244886593479311599229817051411228117244385693
31238957473260439277362023184991889070044061206868383398788784186073498864920
34927609062763577161851216588150232149800074619578639171764165323795031552053
3096411554122315378449103318935995539819514746061358362786230671683968681941
45350089944030782474052340720006232779300958346322871851546674998899002548476
23922889184377778222416936147411771702499010088739751616109960639992616249583
102373789733434424088235805816595109525185292492397163741893373346807861141824
71960948718122091613982776322257642512176483495518074712773325712000335453589
65450032107824901709083205457397208353022619369376252324600045181323437408648
79156542378358759549789182566797081609684752451296687035396434923873720271215
3006993321545384225204796453295906166605840305628379048368499323679045950778
77293559683019505268532826388001636098640172498683546494295102538138040325539
40503603020758362399608304816689712010321459608800411073494536081637725013127
52552789523854998010510006151274004471428701550164393323932362273622095358305
10109717662368638259214783539435181406190502539514844994630743876276929614339
67821603549163500249206994762113482170662933663693775873337131666210522783877
67231438595494301291698429566975106398391423663547969686814532534933097675403
77127337976971455951717370783456350800108628406155194916181099174219569953233
77749593363196699881430342064298765420086880075591602948502568500912307632337
4010352144760531148507833708064684308537172191597619589937820444744031136656
58671156215039042264971764652168701664293197167730939401772748149030475538140
87465021934074710548250883068025320718670333682707960997753670443515716512310
78897818143036513799244010420854409796394416968543868753741244048830890979974
109379674628549155858485230178393749472994015534614598834434821277786100018510
25819029456229879222480458019077427080014697085788436410340254813377040697850
73050505322183271885535745578939348129202994255951246458399195845310656062737
1585551492174494764629518803116615081805788756450618937002872317533531185617
42304647246911808700258716857584637846395805038596306500200277706912108175633
74990840503342162267334034396481138883821139579481281102081207473023293775756
108664132943593220516209223435732038590142576395026079762527920571625417278504
18659062893730892284040786191600911596502338088719033695762494760696298667915
1115838720207514985676154959402876348122800661057727685904132805180391387551
5974321745423898289852953015322792477941509059451147985229156030670914616714
55446075734197836960985006370378351580876113430489575025449488511571301870567
27203014011286671224433319334940034230618385641911243153475682933591834695557
103955880911852009287583093033200489519086873748211052833987526066204814690358
13369780563066966366273304372963725601714927561567165768182823993439307775993
40888150031885253846566448631261127495897032751301438152641397303489543473775
78896587918786201884004486892367215584543050687068503025610533323509923606570
24761721607327114438679885560933526627166024527770922426612398844831873631239
63543379480385318225283896444782495328598297457714468757415785902771638748403
43458738524673416002073244126590034881876520294968121405469114255165782511223
84837537065965513364010586028267706199078472769757263254571354431083323139710
106949096525107904803385056040249580237383891566309849682095667277230267720095
114256746379936515754757466507099780910229738741008195435975938237449639104998
89164923634082096662852249154508139197288361625221061381623279172835903188316
9953924024286829252092924596256545477964306697969001845440609253920127485587
1462902641250762519762754778507983653297545418738960749353117003396999845999
15071983274728104721144199121683203034104520767775621226109237315064250853547
13820413404231696801242181522315805708984934989603771939577439600372794359173
53872262996157959343627106449260622209352612981700882150824886030650292316086
23492557801425172794689580473022443549772313931528730587561803205547500445230
26569124777830457500896865279827014056523722978929529637804730749881090259358
82303256192549583754537804436779592635356961197727796438564675133284778752310
47881689032149438524440832388285949832002902729109980786235210255376522834654
5946144867119176210667852181297863623153886938504425066911565332937084197370
19300039121318243453269160577003092883101098482588183152033384424778857857626
73283565805954786052892448291459173110874610209242281493035614338603445747387
12972978910618166684808916686364042938006371114936524750491076765229807522148
68592622735922677695578431076387109724938779375682370026300888971091240072102
63458738534233964650178531372786224605968323420502550637595900602982110741891
33791652456703900250549670780238696058516122202024044831843449088507153451381
50958393692444006300590254417774599531947383066491820309046868685401472950900
13822019919299853371607567721635281123849012083558137091378175556891730855098
3046428333263439098996314907347725201024872998725721701669096440004636598973
20564168951140426710284371301306288816117649275254774211256978748727105096088
23865918300525409431108967474427072481102847282349795362013077498985320659855
48978976975449962408317135652284703037939582443437663615767262443655558652598
76596916369738761649696494011523787904009557225542305338814350670532922507525
14350344771436674357191173161215695736902501438620103723606238319097718641199
11919362444234247387804456788008771783957547024671237074370802205919961575123
32244016050413013300526398873675247350826651686226835567803782037790334229486
75768119764666952854083273513539914661002486399939376242094586831895699834240
71435502669837574056576323634452353348604228028012658147818146994548946964792
7763007986488408474559607244945616568525446222625322854213936254913945033502
110951375894963843162777682776671678597129921291316870348038149113597052699285
56175967967182706267118392757415143217337433597692783737831234672013367464692
88961552291015600836512813716053929288562886367466767919764746510967693891135
34085391303679191794583809967356762928945431491001117602190261030612051547723
64075571866630546347763365276200373119297821522232905308467462121665469750161
22435629133822766261299180901547258799593792671218050663388834416986615200678
50232302725864070453791695332245334472958572515033446748683591152194868956535
102713349548567703727371707844735885423830011286768161070537752064261021884065
62199305152935986550951696829626476569624333788066405498833790667869543568089
63407356899709337748914403455190768427651414079601127599970132786472102932082
35169902409200808024201222662166451118870587066545055484218557714125367142498
98722747480725250189046773047526313361579714823615876147904249584083744270578
57377053310259872924478356935755967528188740545370574780826972372516601868747
1036680400992516901318771249507066925908678165203949444337425139783749625485
66279522501895995339147372576304171117573557467728239022585036112642051399542
59102940910609002365114583236410276419480167144212586965800019950745884983309
85081619596431508354444898050187783693704394923250100630899402984363259583757
58628455274287901129169411737638877999655632229812411286348419632733563360167
81435041352612676316549311153187766161621824734842670756937653256530339635111
35535958952066125366904842182734781174700358728522651679865466606892620904375
28340772580830455721233987698641535854395818869135959606957596941533354863859
35177375356438993104484578213952152328828184407611516079077022578083873712486
73355908610401519583761528870943526805730440696053602723933137626324953036587
97065670168891929693260119672507702240277559531215151982502413119290655113937
33514433665036794601478449296945907095770704597051065326838036643213891097462
29767770296550629697898913580638648401172926681723132112644512467290830538762
66167487848732064319596106660627783105648712517713228653757292676383661040782
83890712843901303825370948948338006276398192637294024117829136408583406459523
19969170207405499805034098361898132794461366520505930519452145797393605277977
15761413720623984950351470215362004773059055385324154087049769089424586634156
52326542734721724625578722120600865420738414469170059426152435226965046531553
110016846533949935747009205402592920443976583259390723071763412200405432421890
30051668807313303245273812695045726655986430049804931592211449593647136074080
99711495324018490015488704770480149516524366695372146265360602090405071255532
20763266875166251244578098644090770653015559385748847936487816325275498450090
22758593067172879600749632307820636222109525502497812627538045396476306297855
16167234128861264375089587093594764292134824824900411279285483305058282503212
31864676671367104486024910438046745250840733247377146923950865221715526337305
27023506852914077124370418687762094912595345159881804959259869489725428719175
24659770210490992979231680637484661405838918099841227309144617313498812764658
51029245703025540925625627945779975155156982170042870892515076174461768696560
80101953487859303763521754296182642514402721404334138772455284424950781998672
51817658756359471063344910481158689246417381137227400762438917254364273837576
87643395490584485440918612482154737777166830491191460921901178761501270140263
32356752277996629142683793032750307253228381265670166307660562277771427447465
46388469429330712844228042428213197961650575965355563630813760773263477087637
115116588029233769213210513161367798403399422180377775821402527472620833304443
111317616456520546048911738349438605222490404241022655125989543568942476420896
5533028374941598340667784577357990899029215453726031547595141847911256241697
25676001748661629764575316327801264762161106916801682241740443522851406706496
104020088734272233803975799947126607643663053678407396894702619530501959379913
668009164312362909025432933368323965550874760082379610559791711559043411659
111232607864857473613748905901308370553013500648174955205715855653007585063511
54493891620820736496819447011831902485944032838883257459504468923744053176268
75183281007159004052870486217546104575218723497429135925625088563654375498668
98679826221334851409615179291636159475780402686831234454854666496776294260277
30819559326348312851895664988124599631362116579336835703363264749897597415683
67544498792084196181304896757045748252902128932827195943121705024723040455382
84792311825106097756415586601638870317387770138786565796927808391937509614913
57013810562081834078994928867992678090352397349032264029173163950357933321484
107348347164473945185252276822419812971224361669247595103343577728864189537575
95514142415915517371077810585889672797777392779666592917714213992886130114333
52191571333596874308523263535398909675430881041134079191268698608776517204179
14487642193275964705945002746732921439777182229526815774374121868736408253076
98533465770502074496864403750818881983231829615436032517348292815716380979825
42444545850321192086291624530966761081909641157685253187080019073180271001459
78745216393489020033489721787440608543635707617856703327755252390824571417364
52106169545475722243172117568845102313446833656378345177517895441117323759087
32639017287319507307335303892372211205282923815228093181364276783653946186544
82766671203331269378025577797466940989893086677626435348398995648453090936857
111231413762258687113607888685589250218041841674870792682248585130289150168512
57309924455932986760597320141828228435134299377446810881255274113085980039951
4151849312948684105607194265600867894671686838483315089811235445767428955514
42994956174503027371806134829466240766359591812140423645669295493684002783223
34054913721513792099050296611928969005963793287330723363971460089252389747707
43919206519046731108409637467302549627923584819182300861827024457234239170869
12370485301559707543069179488305904887179743827721807362051354015285279041294
40392848372460619737256467438639224225109231577288303098677570517575775846953
20027369467212853453438956684779058158552599889918237094469497763600635162406
4483062588446596059601076669245264335371312239912627493721651356828708352573
46800767993847089699277147790796410304248362885828967534203245976989138916595
42556949898750813954292873404170286295297132993369769871176687653192266980813
21151079157739961304324030600027023478341110242274595770227853848324482507518
96093673323179827748563163966934161405756071048430632786784307051940999942837
6551724072081323662707482161293793841624162223147852542051613387184632437245
861031477303611848978266917209106195032414581996911430808072331172835056025
83165066186355507359132516096934380702625477685963322119360552862695626204483
80702235821289334636655848022489464893004727006264989727622095469665343204056
113050043380258146713641398502961219858705411176977362097754481242455599205605
96811898291738219872387600900161468852146382097939535198296903071952408033461
105334434922619877684779003342357879997450546378183193289202243643407507900291
47888170062211930915043157511041887438764905882977741304994703765729854540613
7103950145728206231280724266775799600109029596295201223210309116335750411593
89609717029836986936513754868403506547581464048232161953935797684602509390807
59196021790228286675449600614163251764737332125845404610005442918814407191450
92466388035685284125454475391791772941623428773346729705300143004853558799971
6280010958353585437530170972896272952346410275818313738729100814843841780202
14044714060332736174350495023852278337019198765695033024073352399203033855070
82263610866150183591651113246916150414897836906194738454728425305801981366204
9787728693732386812401420869065940679675777860191119457998866701645308114890
91325111486776421257444745130702320146030421013140038211172921590915100074517
37950408296860362828372380340965151553860100919106495301083325682762285197063
63694328326782001188558497753840544909243307566701798723293536811441365911708
5659146723833493151730191097004389755343216462298264875140175570380599805
60875713256678732406927730862700895496773692302007271157627780123433201359682
112902312714220663093775238639334937502376496675277857551598978525042477126668
85290339807564472653853348236860100373321415625901283842197316268266907119137
3553238377609159951271009127808978638925649407563107143643630618755386368844
70578403720826979654464193365173457227643222440496480069121364988559177372080
1457594455190444289147226864374179268450713673689761614144661755377324984820
53934817527960171763811979639021716756456660466070275878681813329616794326625
92037414737435602885591294441510053778174424281526771931732965567120802261395
6884955435517260949634456739366735668057288906465196028436727993535995045610
94328962234330905942007666619687473983471365356603119493549720346220063140367
26217640657338284624876216152472278485784801494051696182967631604675459353984
72032809320253015895046605700675725522839228836124113270136765619727770231214
100377247531592347720109180583568528237558374983670473504314786575272601158381
98567573093702606198165277867695598163887196579855045846273659053033060859560
90101740531211845727853783147784168180845211929294170738969941128393950050537
68651958320092193886667659290776559470142869583205920797770511581308314736382
50081136720508892409859727888444668515303609205233997993545168444389242782751
38244654125446106454705890884221493465200070381292865159319620715981919297041
6509587227425719052347003438284201316864892059309154734779606151748331886283
84719884816542765441355498908561386654610059873021222846149773831423234661675
45284749320339208751038680215041091478589931400555560137066188104140157963840
25993630489120386442520686952908646372297380223456794291578743643422342356463
23527147985481108806810501847064020149067563974549960645032774257433220749916
110536961799023123096856907205708490573452625870375134864646645509523318828037
88143945957255540445011052600180914423437401987217973491965799003858447853376
111900754640309626832007756501753993660057962754851967488688473973301503003739
328837237054255831733482698924572736480947994518592351245778297018075870012
38311288881514195320657580182137912162692137779962331012315187199128476978832
36218670481258612827758324209459583661874297636055103935261793077938601923423
46212437864523538655622736774950056118999152341748064947911425080136205171848
101869135319458949132171269661586212401553531766654392315953693202380408815380
87411178695838283211038473670753979651795344480121947561375742344973308987590
109746961205357120706066780157681831168506189794196835106052179930758483084155
80062488549400043802125088749270212774104264520074390444718004258156912295784
43003968115730553015457333184414911620959361819375949561093528119552857322887
59864924994982626513012308727691557862150351983592315943635025900343003842961
21343101114944453111109429796659259953525466788084959208018073675999467199376
70554510906807313302247279638718783445083504160740019099198431534080558054484
100975771057652231397423400401269266420597783465872783852798167432628674613499
40593038396300539224762026286256159838744928214895122111893540447322462176214
77641762471904907034808251688778364544884934391886127728319619412920314569558
104990822018748701271825481625918092461891659185514615899768590918964897045673
39985550749106746748921699493487339442009541951435109269063966043017527418523
107259661854374659635965773025474115372805106087305613848178956764102882679671
80526653668747448814185615234669551159470726657465655261607600506073432770191
51147347345055773497599035861049708537982744504164705006382113096328550267819
79882123338301092686892249878231463929404833771084756450402751187577279610630
23289671822869588695675101684890468993509022524286832286764185690593287914301
3957722701949375596791798383159452793079863344462879803047330633688221625393
43713788246901793228901414863717986730014348087912247112945028466977713237844
32056126945908308455930281160750503530054966573479897042809867875746698102106
94442200985181314343693732125788254938209038511044973036431550215365656673591
97861035708762747088071541858841706982094021744674000138139069849795207113528
84736181382838122124341627175547341907952046842523853095431547672281484684877
94116856238524213862180316031640546006251296219100929204913828676397859887251
114981544648917483956342062475766504291743134311121550546586209655680658121728
20851045355177997827223352924963288730287083611304392943347847240431002823722
79209700253523369375121715256548122009330946809480076378166688443914305518414
8303818027621670236823912993708708915365278562673986996550260701178270127663
47656015598087792348891294421500236469804607265238644884085450551166310189010
35443425476422136868456580029044152080397322020733932699439213701181965067578
61113930883524569865190953916070710895806187705641093457360287962180124198972
80044453269062374184695309184330648215388254554488690048645466682790774823780
89541759731020296097144700494553382074632247818910621268655558099085686883403
53436889587974009168979727636723630582044478097960755408711012254617757089834
2214691959760723420144468008072327302820516307128443729561579963573124674779
96974213499192658192065493044112085323293035281444611526756143928369273480785
63716000185952275595770665182315728166440562375141314819014270927049321935995
68439825325769770678861511319788933136406772913687916447090423433161276058
311556892807112931654071985650078430503230830012553929317058767212830698382
89776734831599671245543079525092828053195882332135783378462452812956404793744
57095493661387345688174886414469416471508454795546420634603057837373205350740
112003905499406831006636263698360722383528911014383717593223655243332939609320
82609747405079226132373152514324724530330736721170209756805504466409685441856
24441210120467335067680527697759277666177449293880237513900983976399818521200
2050947732069842779608031871971529451826196118783659871147685632866780675038
115498551308845715218942347812521714457635077532083057058861639647421764692398
103460184751299124903661311720395556564595782053706236136349317618934827341612
32188999765108328244197379429121844707006246145653259978754728202004431839611
60093061816418521980759912362231803426510316854287930490323556265380319464576
62006471512941915739883762260588515687565682447209301862106640995579011612584
31130761863546024873155198325272932074769422513978280208673048839640074814631
115422276857091207898964498293587913958823498961408578234127310168246714564139
23914293233784163553902346819076484071592200408017517366662272224741310169987
109175094979936124715340848321174001375856820034252910608512866986252547785443
38868223203935646625810939926510118390124627581224249007749881062060226805596
30242240561485774103891602694143700192009089186793339174261313915641672924496
96677601127969497046928964581450595341838139945963936484992453568966516402764
86460461361106370394761552140934177152077390168814889493886805060910017749637
3602154047484322050720906725755468554550398570706181774594003515084737537088
74175313472049066105630667081280221501659431075514921809138033287049394794411
22006364260644791240453954358483730020240682017979042145916730885021389039444
34145407485950500246555409478659094134160512132047708144387817237199746089327
47773021309504402511201836894814525902070927438715417802948903057050779550243
95516141744264639377581610489714811239439295584072570664104464638987477805489
21417645195720123133150699770813948722569048769058993968127381484733098750397
17689914454264561343614556158922921713644262464595595421967534022199529272050
29421631578663781025548276937962799278519692865865701897941829539036181735964
66959235278105617465428331433179129672553606014334196136156893257999902901921
7998238398288111226471442515381922248790237994080897597125521261085233768121
66874981564075160546602500879137543608094336430307193364685960594673440192375
104087989628055401231884243691065659477255767796384251982702012491455015630430
50800532117212797039169436381453784850370714853954554796582723835544834297913
27210139678485360314785227325767508851654532864442747857755659469068375096510
96025875283799643778408755055137943279251211226820523860727359260585946861963
40512401903676647629029007829944096464618885943267874674875295516870146482788
5409369041818217529447343416456111058774522902593317450976667211758292092307
84634497622821804584872634547431465374842176370695755828790698092937202105595
71717575239075426870502410612375652804892166815517210362576714571889878707720
84680076392512670611860074032186435044268439682056107173899014942485678040534
70024376388613075711361368173214498993302604263115983941774360414075554137509
59447335240268466459396385242405708318115481314668024893192122428595034972634
82954948239210560600717913832552492103916045731266734523411213097683698531032
114243085748879833964197854749063575424634031963709696116372249155179573453217
108198628849569304188785675607093432313791088567446599080466469921253409013719
83696398368028652835503770252127574180153629954165004194044957683238168550455
63784611687864638832747976246122889780242810570211029214822017129568291214761
47688451178022765642769634264217842717415265211062378335864890399997305465397
75850810993899376487079607425656045439806709339138250463143975363282066119580
76836648754385295983218809756176366493500123432900445526908301752469770226058
50920649902338836558089170258947017232675604489706090724617090004862404185557
114701182332768105800669963682576184384255843900505703197334282317898816022743
103400700065019822365510961128544852024864907060835117395595793208937744065872
26043928167433202476507970192659853732940819844997112043037117159387747015038
16729446110085259326098197801744504557499996909813930249160729378403341300568
13206371849965737592802617840046338247662587327123366375860195350871754568617
109217134530471344290002152242591159216594842791787104606130141709013553800979
97694018622893946630683827772420246344356927332238041722919775247319558278851
15490730886260764626957611275482605353711576632522932573337240176652254882759
45713129167269750962948165660579581335236955617060073961787818551809906366494
94088508173823462437286520634412685054382583939869453868892836997839993249256
112602711868229916884624155382474821309122791880353606919122597182803375874569
34030183754279169202863764777171620686646729470057560990016529336810465664056
2974509757092112887942375636106838501275967919003389026112488051317961707356
112008593593654445226712267983043268912093417939312300810164284301187468130972
67053726214644318416396336437832807158184436970267389239959044190644717708503
87336499907886689750597045105945272837481975519453343298289328938329419518250
75406801262139818614866528300498287493730215659508823617063702225638087274150
48034833973016675901287170506014008600053788510698056149122404116506925787028
27184921524919143316599965038960739840965417199904577314926623183740460076541
36785111010984159275867861383302654756499653202219818305125001391969621249908
23453571238311791037849635754734816890184025488125617196057708914856218548993
30296535013349053379752421053702323380921092402932102305813355929699467361551
111197161169041489479258810148229171804505760789100404399656763766753271220083
9572284653325255527640708092378196316019707586029628026174823560354958043765
81637487274479189843704834758795479242736739681357785156506648963602071194340
27695733652575808522657623068374319878287490786950085245396393048853388593012
98776631748309586102976943255365033634590146231640210989042118523203095303643
105233821793762701729438108906565207481528065506577565493954335116213594522590
92249232250393322262486216919430802811834724910844155646697746467390681368189
4413182923747082156236419813089877800611043264440517036261002380007078265030
25140323318923876470331903343144018011558842450223744324646163580982271181679
31057744537319681564850216895784806227525473324063689715351677749473049715514
81336803888625476269958096624355766724386397346062461736320957973077750694050
85563070290410497042364557464003806310502151918541019051806074851678562695273
10327832202900959458985831451379968091390937124301263842639687090489329191572
74271022763316830717383002733745869180941512817460272509702939128129754915864
49412255934409701496885190244285741805604432095587682495692230572165840025958
111540223596912918357056964163089567868489773153157388786820188126219481273084
32452800907598044465028832084375981278489053352564965073528862470323540831333
47137558447524079588224691835919281060989975388351791543785507496317869517728
43315796656510302130659229813508105087002832327303245095076845406995679402864
86193012158925090642122011894504673387111365343804630161849016067866980976585
112721915580323331988858842238749634081066096887728885279740677468675311927059
6512869544299788567306973448494008488397691801983128097042123408931336219733
78162056025422701355679412502707109617865002723288625327774100546545613671519
27295990881648779244982178707057065804469421597043872350347695107355661283482
43319330480019225617051631129023000889608722219835410202440642017961555350229
46915737913777277936292697500593850396938677274789636479530016857698895443646
23794803009988730524656230166459341661061990111214676430667272557709112603682
70626427512391744735783793623995890247930227814826606077684580191859723270428
38996141639203793988836369214659350884007816891375759574273627311368277240447
108005843593369499560060200311468975699502667727175034738871307299052524988065
66390044354102170920647580348488411560687538397809247133444474466913922413271
91910716459824423991754457833200602591574651834121867540231830844287864506256
16792673743844395243735727942862231389139171639177799541980237628150621509588
50396949849949970927257713791383134007841851991039984203610663489149611293396
8820590544534143146129118940506616136549085046840652365064200789876252989912
109454653730540651975595774609807585736516540034962447133688182676669644426055
42430545229504151723798288337299106155467217860399870145191097195253812649024
11483889285417042198411880569965352255378462332972133649031461721587064739727
80504993183781150592954630130835074835135870873531823330451985169264710384848
50086857106337072872925874152081589541551752509163538530130923479596173358059
83767142792601332895277332915499417094175753012928992416013412415607533686841
99995077599471002432570042976435810881773120388865955811836571338230252030160
52255366151179566198197232527150459525037882511678940897806098929611380128891
740845178145551944128290670445746809027665180175687261313950209770675357263
57034845031948757954799666360831367837126941724196039086841871795231254023848
1327725113066962466071443377004482088007099365730553481601825290379551417097
71067888803175060576158970649682299191230732929071485043883555986365499504424
51182903655836952123552906667412722384999640025026137072978493035011712932108
26783691116011228399541670670524603676042697013382803039058242442237178094524
63548077858303854848471185798315204966161550536768637984079457015691970596572
36597038061410868456065842860244129627154794156149489290372575868264515542446
61999567046319906914189937346185013514831795200034523839898743890850655533456
92012459179655286518661240444014953835245323860151142141844268677076238207618
44245697543941052003247265735504371614869164008670445487964353608924750653541
66158621304246103575795485855288642842582916783633910918403272483126184308740
108294296000106465774989545308547582255768665075600719068277617161778370117358
104511562776668286336920794723012268370061878710925585886232927430132232606070
91939723403382550842638896604405551461551445120889993954654997072757755459787
12393754175153673753257271128858769323676753831343247171619167484029494377718
95532038832504617879911960541728102997245356345187298322640653534323053903891
72128481764355260513829688364317849330980891842190476980447157257471592115138
26123387542156392654703608407464129647857843534799933201779206263336450138471
5204161904773602556381890683584071946800954548583905381833411080072461859210
71268828655314468746086648191444739854085989465510156117253764190987164337471
85181050104041570867697709279837501114430220630809147778864242155961430244366
92350663546896746062921640366456053312627069126414661515235028904703353848330
32963250952017453752547532599474911462592319615644746528618032698342924625739
62416327643545511811701955269207706967477606333842145908035102151050404391266
63645540097969406482105902768340999824933248874418651478674076057599097885668
18682118795553144847610346570386380254093307628945159655156668940757151452697
83313397632842578019804564747912937464433192563009555382865196301324705262584
15257200964480979582422631578261050861523536260903010792589144027149047328675
26857485960568521134256037383141146397462837765064845743553280158092783527703
111854437996464219779712283433055663130609316593442754961843120879305717174332
3109138506435015670770676904223943380480512701257046627793947918631456770859
111225559791327942174932805263126327619392450393546400005613778327930703953688
17025370473823714496430609373065902830241924292487842455111412940284100795547
25702731312123713692348734426644404232795648600995740903558660242379602708812
57578042881181804021386447777027987989816193821586997497551956148641907245224
110815868095326374014776205936274552485170967849834620061853716923063728407507
87813417533935604739932581266102987658401321002475976058043005740826849598030
75702734613015220372563883247341064597728120111909617832748527277186962678845
7188649323929936667702432820673318195093170832104013476750235930418389277883
105630236132483759851551982758371301980587681389075601118684636131083313224551
33184553912793959181147355560383647449378797653697711223470620074102918255324
70759206746248162669541456025443825285780048442860455074754219554781933550185
94878615193638117374323398740433775969850362700835961334434550675730692440912
68624771149314779333791632975244712624466640274269022210913378933692385419788
51740292156550465829399371864462922764806525103144260177768020930980402923073
59431835276131100822196717219005884019784817259807791775446609193812929854780
70657945476137781090091965382262027243181129247221690696946716887231656623222
58080311264779980916180711626067962719973555071263872742169671144557913959931
30719455240831029998393563249164922265343404022423130157996225472796153454635
85707384671920291053735399466808297767892702010175229781377208845580835325522
58976859355707211885619790160536537052959736202851270898134909838194887200861
20696299051512508528751930797446268051317797739563743019639352618178580336772
109066011016735486504435405150744999998078824215400384554882650185859757781186
32865047424969038104045394438496519919452452741961690294341635419144084181814
80765268886059881268153460998515358436290303878431762710234385026280709903283
37332154282630609705651423035866944515195570384243304735938970312312353216671
31021358414555952192715732410992587501746505157762979138609241862036083564090
42351335822425773667613758687466734252087589057378729084605115143068419008683
8711815288088211418630144438808450349004762779588356643466558515295413475064
78109473287484110243933902674637090951166742789021828977217277499273193633758
73700243949949154129538497034600590959564606162687991653739446121094298667181
57579857819501443864532193186682631773965805887349694061540639016512675253342
57767881963343268120326803859085336020652802313788384171207938740379689911758
42698450465793528803717459300388149278278120875236970222004425812231778492815
67890075965051856467291056385534794178848492007603070586268420241288783298175
8239185105079181210799804689388603810322150459372874891105699093228998504385
35913375509251182358960162628143489889466143669545860680702507677995202544771
79985409469203377155333705235410246460982622830368639891131653281893787289320
99110540322220111613940346272374236752031875290098133206146636301699234714914
24573587493788802628952365517269791864373950080170063817989433392230897532542
43460288254709780859739339802212029337132397616285505268661005529749486570586
66691582150081299877422700064091248981565022367321050875389211820716619990841
1946886384997354349777620036956751070096569734258670430386293564403899468189
80421074298732824762934986933347049787298321417903100361080330540450534127212
35901013177924563772672206777342406089909630528329072173618146686514312643356
103703928522344493639794085000414340983639741718129210104701498617063226771312
108199515616189276065328575634319401960975926739015418359698808302942310054454
32660114900004196743289660214662265217331236002228659334018630875589019219653
88114033820032413344711385131942801026557111506860984812996311806508319705169
94890734698751249142950717481689101345017176980112587051861004550935039097673
11451109128415493944211273542755933307724504960966504906199249317518653413981
57515463994338624587853786994171835498188926996361178804097403143890971150271
63816041275535879813114545945262318813374246893581640869548456721883744920718
55814912331774520217481850281226761769699883491694740505507370830638553657504
86943053724347128693224067043657618182509929228161851269917646851721323696192
114495071318420826956589799972531652476018292591379347608309883476796045865286
24073534401195634419316734921089963336759861644950631290976663740123734156257
47536968866053071511119984106523324214221287559099012850488270664037937415713
103130311686430805967759352044266776772364506985141444030551828185132578735508
69113222149334590616644827077485815839943144928440544263379180483531809933258
34531652499660823082122918136029015507126618305798060916429560875735178748959
49415149771164429799988815183828122448414074450248703250041622055777814785038
78732079499946841492920909743342068003095437481700607911945468361424246048475
20522262796646116382656524033528895812775485783827695490631256108908027068624
93838434788654576723993280811626773602291373069673767831356214620999275827277
58842563007440416126266423510652535775050731814885347787865031229685728461954
13951986707989292723182475128721435424448792127047167273606940269978299727800
102973150612972013945232171776087892022525321537998629263076869410372481816242
83033361571568340848057270038279750034649094306083573564447889832379687945145
111532028950535016084558592919889027611148967349502229762367376664120424769028
82909952268089915445138491613567430357464931129923646173031661489804701353779
7415937513396435223410982479020098607744515244510024957911656288828028249854
84990616445037193265638255706563776740495874022901291114864875364431376205844
102531366189588789319284633367365748889117906019730795681472844492061075600821
81820178489845749680292460406254425587286096046521930474769703826629938513557
60877669448956263262571865661043691544576061828504428982163958215375190908468
6498723539014762172741092567012961291411770977651716947624816086993144976972
97557395972629927438050143991829056296765277330375766955919929230861521640086
93437277499517910618523005323818632369108794198399720160593597493902621410185
61558495459090664371712722733527632286040572869070162911594457381679568244363
87979969853672546365625885262538155358057817114037036897958022242131307374956
43684012023801687445128325001351254639844614097114395828430204799896353045543
42785732654525673856799446721586775274218571745666782914462342656009581594598
58636580899042714834233927239889018601564597843953464246810770087059978864964
69124091096634119751283434572152461710980830826513894432935686632333066999319
31408321993074306206466647402484311267509065094684280582009919991581210010095
40208584716652935965546790160523085290160879906039123345637813204070494466457
26902705713339561543868968954422632460335770983686383933980896778984138124403
38153520042490773257424816660198163512458624165080214574642098387865022719121
76029114775451063203022491735760227835739233075315488188987065974480744406547
10098935796552370589478573848665936919598884878716389188886140966480843877011
62843666346168966769680277293007934116062629038261028301966494934213498615210
27417880390644198498118835763572870983406168957185651639538498540250932967448
112544950663734934565798847223854512881413238241414051386887205255122391900833
60082431906747614194399211082594104956461068138325351163250335059583314293686
108697156226946594100080086913786794042548820676163392230503321885601674005998
110798578409699071950491310700462593880534909545237045663635900869267441789226
71052060136082182504039222018748880588053126363871154751283310987834431016904
13110064597205335747009625915769238538196007254559908150986090921667506076270
55183144243978503315030660029794158476903395430931383135435763410856498588009
10227137295951229077639881579138279100769671256620335165220101760175158303051
93509540974744858884790084257603381555718754337121703338098797931087198783215
97426249855417104542776585981081392961522517532538391697275850128822318254864
106912774631826558277380458932498594373361342222712615377157495034585246708998
17352645660118238471426694634971292312599262253827066691465399747354406202996
48966418950929506362765529924588476421746512445711481613853688733590851168451
89720128370738093599069335332821497285646919979580231916046151611527637804465
105437975876978433071844949155903345546934357355300725514064425683293283762123
36776377290196450196886697773065301328830159763986352303883833360196530411363
39523298496839090374879571954030792329667575270711956349748606179361490337144
11180406875584575202938852897183557003258328890070157157401369692563064533021
59570016978725757449062811547864689418983147022253379069178677521789903887063
4547126283254253713196775210633029513218739334606957446778498305256196367886
96984835467503082229770647520547104460019439992473693897254531778408188695158
79356301862921578692026977914003915256486049347218873967555741050657793692617
32548406462637498777670703890121736659611471144506021992460717691040274782777
52920650034551519568597081843378451680903092005972827802932662900403492094472
6832302252687942898310663006027106496925551588214586779032417598414911494879
94771425234168487151445924583033052446587588090111748173724066917081313263840
8794290085975471869110005540616882944220122916114875962975727839251564913656
29067849291497183671981224323232743947538126335733708527894280291217199285451
108396107850376711814455798548524191382645154752619786920291130063918961146515
36327007268421699301450789335604477839895141527317320241811594821058118776404
114777814796392070253981054049149947115221246601375264956346220194930772741336
39208166082284759349936491207712444159696570367095409981847989243963695123005
52217738457094071809488183333054123662566914600150165033617557647157448267058
106440751070110662524611655579111124749449337413031500844059552176239773745790
2751667483485687223104091720734188816179812729108679901166078960049592191317
71788536303911578201551011239749532785143987574943264171012812916475112782732
83668305110530629740039849701206142045493519408848078332216505003873734435868
58967835331787879479521225902551868722513806563937700909053692600416774646488
48360067549969082298502882176068215433912767260730164188020849874316920411639
75598066034545047013124401062902560256188106070760341069489101164827142575296
88172337618799446813250505119568490996710403905173810344587905584608951514363
102869469537485611360852249271104211435254226538969618775372113461623000772297
