13781484883088500863500331726851290659337529641695275732435572193958322259453
14167261811251582146728137931746992954289590159849784761830252201282915126454
18478151022430298323420252844121058642871816213958437861530291346522279837889
8311539731497599243695102325997865833796078620633977970112879224821446934806
21665954087085815630604013953758975117501655735951151012281873812704369372465
55460434160302800308781481914504759470300795081460146972021419690977243107704
28644333236571584908404087669958353676327818454091886163785893673817700456413
13504204309504628541986179924775524108766914133043081442271459491506446813355
22281370549071543525160931231902046612594775245830796340854505920450913713451
7098380980916359592245051323749158449330771874282278211910929805473518310180
18548121951695621154470424642362350005434269361272062158766730157392086596365
101888472967737268777112644299796349173082500745508232453669668639838012159942
40437761101277667178105932172313096206465553090895252210072687443873264797637
86865752982074273931905665652925890190288144138346488373131378097918216562885
2038631272171906237856488891752251070702764654576489590131606337320629975025
65069959020024312641411837690873517118768971071715513158721440485398613158731
72990221637426228229879134396003166936712253772111114343933726768952700692220
109653763755151365759253228318604516642774158544958150280308080084065499966718
51830284896601973326340339812930230577844647336490848393975860151383769479855
60716264337611267276505021222203465643367563752220740543495318782421073519361
76242854340346307234508690407304303712011900905434301867246318609730163548543
111016508976702362282703617438269171258509459097756359514681124281442710059679
13817223980422151357111839897760332488711486738738838707431230613242010023812
99156878188171920621548948606807563938563946618041680807562462950986519551394
85556929263982178722224868161533011625837609079364136012586613073631090894562
105609359176938180688677368266231019850707697437665453080965183278435691097413
49573546079915736444743183270465507436645170343308670207059031306540710734055
14746136873572328748084554765624334287574509394650943687940896019009964467917
59972529208105182234404967659414625407868741588804705197449126044466448629057
73567393951051454532760751855893568424900647408723765693354684302743989881059
33526421422754826882314279401542889961129527278889314902968917946143855875971
37887836794030268798095337874546669144476127813523235981919147867747345754092
84343439825060142996330943160462727884823084858644660123104316812265200692095
34123707507385272545697529001942430863615258664565011263898552825501522737394
45791636436012323433193106940576228585532909495433109395472863928714031486996
62782344896568449959269457275928978051516453286829916357552906777438787915018
14115095460584611374048093470817489986399615079648663352732178448481143485014
72370074007372684967062077631659866335963290238933376686004956999879855286649
38410980585215929276487219269578842290961426302334701872532515491129993890577
54586911447485554270779146960152297702154238376362954109359631670030027439841
24355256426294452892974774351518182033919370130269553613705457096392907056196
65137825337786421281719978224023144867411114278118902921879922786390648069832
64759109385905160926653827448419020819176389221712978565605246933332492945078
48020626244078009784354923375328635794929966242373760890096642532654119971574
102312550545351937976088892961419864059848597714417636655404958194021297999891
90060963450345319844094749538684505047877812935801265528688122448074000786991
112630860941676937620535745106546852530840936412614542530437807556372935668010
69802569775922418551604178018402939286600032922748594983350657759465029849304
80942682359618262613593555723896589647374681680221210320066189080853081647643
109073069773484247258241128805834193761231595955570314068883433014258908695559
79266733548505115065273505399757395279446832453388192404363703866603672809523
100998940255939974935844061589316972513085505025385665330301266409888408401203
11497204356537166161163055455021320722984093764552609561521163457528374332900
113732435861757308957762865551284170420297994317847761458468526927122654762101
98794024105209984843395424605325660435274368184069418630618161420444219076641
51510651598853681704544408828673758436354698997353533113036065277973356225475
107318183933393101444294149084941326580145522077512550148032834838516476781755
55650530362859167464658346244963928537116135917870267376901081940222265545686
33146103053720374730615598255937451518577094453290709560963139805808826737984
88643279254917682912582381957479769440492213738726729574724424120465573748541
88302396733058383468602058852108675841323802092278989590112710717100856551570
16633357809681505356359275965673341981534686505240621272294992995450059124654
29749883538923145159894358235342306874613721231114071581263415405472285480098
101449979130188137576080918296413016824588808640817594009746338607520475444078
70140031669051969446386903033510362536205161329009969864932655381761066889619
98060812977475912636119223650074650762240804055781062856752104023707103101590
79338796739053534096338930104462289902400752009628348242059963548306727204409
112729083152776827045733823520061470221038862988104585201309801311274192764070
51882672852870152605837255126755802173957789053627766380613063677928949166288
29423601570926701117583903737355382861492747587999775874916475263116031102358
75817827402421296514015648464439711177612579182640021903485438051616668165773
35292670374822238645059577975813486394430045501463845231256140578376221680776
106511256312247276624864069260145139999125073030695209791206184980846648429173
104868350567672440710582673209732567926441634818962140619489774090902277793285
9992404260950889270994301905224140824609247667443531728506585108217556781313
55407707673768311427798880212825023972075956474609050376236299733251696426246
41599067331988073200264879217168879007629674593318611099027267915341920706326
61394787222504874867042765726404010936058926427009031251162871216959866995861
75021211647290349215027185012329288172138406134100535339829616994209940550874
106030564582116309744809186669893907980740739432734120450289727433426103751911
83222852419160804510177777053117477393114078130785205503690638584747653945004
52923430599805630781192677242133737442268491922273224300303684801693961804426
67011396111321358275525352386720177210555469501145926522808649089342690607895
22959946010673122168226883157018472571891316589898415930162043173625522149469
11579246291725292504715474200821776951411729943089805457940490385547384134887
2131543754345377233467075502114464981769781206559691555960905734676582576607
23942308871001389274830391779956905256000891276155908562219125285564562503775
12154613466479921738980053581656591225985216839694103142724777157903334895332
67690967781188086536753064066329926936004292852117588915125319449542954376260
65640346788543505568404234861951820708722505026106235129456694795668257951029
47451613706118821054373396501084993394198528167679435218702417553012255231839
16791452035371867794783742146887649632101384779876658212333910161952405842539
114200760196794204543756723594589057287460466174342982889232555246776008911229
88081884807949489950134815823116078579904664666936776558579829697459359833905
15710946160685074871412542973092454817988952172951733275139638810856863959459
70301204391392028586885974452541345231636898235029082166857150565472311038860
105918818411279853506630728679883206472647498423793847436727228581375602585255
67040463407825255755612235649604484729034317861478263312469154793947296703931
39973529295721181356501176750234601143991584411090683528895618805767571229365
25241175639817169633221681961131214866589566549180937299477303664574037478770
83938458767006463418005725661724474262679541101511924712198703164067706725355
89849697886181822082677061869106276362651427575684583866093021810501293532023
7639916314017494663461290981904837372562916131923122641472208665441237612690
14654591468511160906504195189450436180047706867530814762453142810138968774105
86979430529087268074771413301925816867235574223437066231081388775250582763881
106593150012255644036462354796567426137517872824411586358726129455020683372506
68322528949895401969998903356028190881520941167569211800980103962427581580148
60331644213280790059690538013877683640456214598706534923480084749902134770520
19181026896333347577164743040388583637544743704991144611309534358195311313323
41649679225399424731797384357299496185718647252019720723312416615821651812795
56736809698771098926994644088715650033523011032490259384649376647923841925323
65377335346472405133437641918275678623707101144303967796785997623317300762536
82990384696434612061178790290282540666109858429471611414810381184654023155362
2935755294829322033997774966887567361402912292974450626323291626242845224397
18933902433923187680751272251187121701077172491072209021460419853938351025531
47926053587797361726256467162421642551813239636621135280960248934467668658601
7754135276179320138459467761752068728088193477408301593842464899681448323126
90375907837178490506850610902300602628507379955109769739077913692294754662948
67518356646773043292820078249935774287939168149619977769378843334125301351552
97945642505440284746979803600851935690107046512891674935947134295744828183998
115481650268254549974078525864185397733918249812328865984329049010414372920453
