25171875922942977996452025171271759084648521966342214806414134911032356752699
16224751234146475378152764901646941784712154467045639028351353923343765410506
10285491409336097418712498011167722899264525224946307238833539340997882320849
8743856102100272947723103876993477084702337770556540936724258640400223835657
36322478868775478176404950095392696291941800736726784542093294241755106869488
42699399476274286375709651233103303971332038793908387452326648864116758536495
58393887163866230168345107285230218863402599576127901204375526906806071501342
18232921740567309362552605375368517366832782572455641797901525414879379438543
55314624458518837975806761767010266776926735346008513638741570852893167910540
16038284479725118870515167997960932982530103138875929697712970541998413852196
25220012321087641652554942355955760189786933663818470785324043576344594903390
43790382451966030009152935964890052991477649228946328944725664566997142691918
23620590415359564881130460720402420543342836183913414879232891087964686598149
60853816356904324931568804970707529156983698452496917572416780998434705931167
101589390567502859579777288469220361872756067218221884008827202322478953824011
70585793267826306520128024716951983969497687521086646802443735603660074223839
51089327792157898456239471431908507313472288069398991983171076151175193736088
93610101625211607405332352033134433438713779473013819676260554667737401382845
50388505913955696347998357595577555456946584441812391527849706988926334410047
38606820968734532169078283827400419452854764810766482630356559181014237512411
21078795829204878259704678123313579752923331357019041247151565991265996449919
114202496593213876186432607255805136183195678981917725410009083365328981589171
34032831363582910285256302211927148861649066582614116527366735134318459141362
38961448470361958686816421823941859984148432105757592962575689489460101365280
20785968112323556611525299630471572910370928694994159647498941768389872095177
38633479219148624385580747882757160901593183249061120876472400066487845120325
62799430002077185077749410750304958056456022860378260608400829072652330790496
59007736517211337822547138480182109269685034170152576684030647974129976429328
70161010902334281683437431238480042265687569642813199722775779384767101092968
111454194258446732717372214591716273472053316149500453094168620665389145875502
32427203959768588629985749155414750384257779904145482508825203546780887650091
16030594252036718367695647623175537812584020714146522030505869419386023005839
11408742903445257388355946965149740001902265958774603366585006076834360805620
29604036906566368148518958521150345742584181907301226917164264491824311486468
54006558072741940068496618962624469164960212202106343138175502068602763371703
5105535552362114727577950272076123014106629854057837939626563500577032655142
58904016524663584210217965444507931724396142431813107558748166712612825138945
84445617666184459261897153222429430866386772345213216111535609232052913760145
30770131799701237634003801735870076476634314133537355385726367623282531505292
29145543702013345442112187287487708141732189670478091076223250300405422787334
100780478502840628854936559813929258821572132369610587767142826309684805826419
105250598477908473522180612818736029694536818819895967675040685328448183169685
57716247599982516101959757314550385296257861805474258709231842112066530929509
111230505588496377074253889884465379214441533058369697482625853327199908641522
42747681371025957507071935861595947095906606956430890805963247542172654439907
96825883269782915526983887380521499972497479798948806432814413104680571955969
92631681923773911789066253262085239305092212961472704219554529353612288967962
39472082683635242396879491229467884670643103960229606324429899795089031030366
854485719969867591982526646598277066544168926695875413130005957034602612075
115509402216600387004016824548278864851487834421668075099803387566591786329423
34871917991039376852454516378804673311519162837854877494448848053151518448886
10198953488572725283191987510349363820562751112894553629116532254322945080439
78945495842533348473275496625039657725559265212322244789109710412912774464973
26825750639088082936933706262161189285915590964275373150289836171271017481135
85352703175313174767907297870939204177491043748825994370741678688425635558585
19871441383159075970477881930450953566898656072792055801440352703925129796006
76294551196867984544906610215628250679457532492253394305770642521152611457958
12439565296237119939051990211694035741798068896069460123934699657977733216785
19852964894745693193985855896803512692100082387820993528542767053224408500177
111210682938163921456617059457278782981211749509648551102205206686042033766418
88590113524583572667578132465896237565084723225606974688598785453492016539414
33226633382223817486401827294771143162551523665738344328657178831211126756587
70789935081009694856826668928994562699715689973853693745600587549728096326834
109570633670523625444862231868458486949436450484756371878813320628446406600685
32793714339743699072921226757653945131378576914661042767439386419375302658350
66969278004723289520649681952746969213166446863542897623639644531902755131955
96993382576178228143093477613087203959330730947965754714568194241008706830717
92432672503113773291266971944093395890118593245884614815495160266821115297625
76760055091665476338169750368078284882843701276687116287392386642322883170104
21115750418869342015463334280760586355650125048652666813404510324334711112239
1914421819707338746815168316116822453094710587719322876458153769240634311029
42719186908306723174201840298867594943428118947266721319061004976405251184295
92734115227095599166600104102406312043959465946740544202685930112621288102785
105191564031652463351673887011592986050065008184485898473537265858083351466044
62861273040687005881334988400662085463593548334362801661004449166494159696496
4060740588037423895700000563791628463603444709784898273902517798149119993637
26944291974315973890057759070977886786671069917838072010312831660044013745916
59992885310739162869521486016131553759450665518587974831029143508318617092673
7077653922128230202350519492955262125038172282320787517115290076894584105453
4402542180369318360692750833212351497343808931399812425774570126804112336366
77717905790722818827333677249234617099880803776443027650830877054393656220608
83534730021621089702480346337778143464567165747485922890906871634848918965029
65615439897696821639130905490032649098949013831955803363429833453653239583059
851954223195556984866676423851251647467853863252013372970532846197297066279
64893367278872038816107884717938646415092307972476142590117260191982323935149
21547023738062887664693223249532838127578783032580251797783106265075623002825
25726849898467679701731701846440008542532612315885532750828651619564763329902
8899762168890040341507963879069419898854425951874971671212246753829135076333
40263700473860338437367585192577889696887329102670712618458777337865642820855
305267890860226252148759839385367353819040384781059994735979733926647473915
110132567045846025443021814555082641860420661983777193453743946391753401436105
65417348098236282784677650213916937858949703271194035272222242787972284256450
15010645055264992591609322484378587396939107868903142177868238079315166516995
48511739836830930482715772857706142693863164336896881155783547705975571155766
61354972658511609355857091866421037949891212760623871192375056360111550963554
58848546857791265063010237391275927768828461012052131361608343848955759132752
29412619341192306615629943411198762369271965856800539185495995693653589980845
75155411667115772227768383827052617754719408748312433775809270634717362335931
74773743010039776785710566754730220999610693300231595708756009682063517195401
42693686436244893051390294590423129625102091460698221977742196500180701557458
58970200015480709083618957911975031281365140436236294461578779474694177140041
79827688646984895348400841804704969286166689334987639486389308638028764461793
70146187138601535747038590404558143531819357725361576413662674418891927195637
19277194348548109714916621109268848018290135991970780904638703469461716186193
7279621463642695086874418450904318946657740539457153022354019139446603818311
85210778553248369036195819465758358355375065106156310309870764499854223353391
92978778132460295997846350308463922518004014123518369889312803486287183360346
22974762435876317719547295658780210982015594058826476562469334736311594578339
114206774583385553920048965263209230772149417945205827395638268199511882489134
105628224758779977961416121748243969500104333540099177346387219075103789485625
85868957484042479169675288556537075607566766704967457244167385774288347954590
111549568254312129547441867753182161127061490669869081001674371055449619776958
107320912461225542805327733978235296286599305843680197588980777782418641545374
8604052950725620065535744489855050938718509430244580663419595947834310832181
10180042714558622797130170572026111334736801268767022702302391984504351194976
109631064692023797177955208716285932151328751822043528225182442912739347527571
17388995705119248337677334813167381682558926667564447905478976312024682811058
102843148733723705505334565559260733893590593840355563662792151570060036595166
114456895611936477281830445736178148586314158111281528215522524545309035527403
53600556187893723289977371959477605944395483055034323495199531655934076556277
101840188642499886525101288197619354015424162290203819062739743242477993349187
