87177733038874513614309145963797943981594406048881459469225026447531937048996
31311415174670665986797822099300838876071069856634400265389140266409684228230
44879768139206654898573511667796450961883603308697505241685196635375465555890
95367555429670880585508548095643188497123478736530524716715599309334229555226
109666988884968738543801906556090735414080505085014158089338875969523542654418
2842616553842013309624701839694407156784727187531272889745904309961949248555
111647173003077652258008187646280182682142250289353737257805899720581284519061
74097426898080437321396050955145630511065380431693245063483776028261492192351
10897892803495600031282001399718766986960314428818918844131732785613128315550
88054722384558947002318768553231388616637234784968969844751413728329689567879
98864875296475362586357021306256187147319330905507080220712344114939071971306
26043120060314681729145096182424303139349670763035119582114798512603956390453
25754094793943665563127098792240933044944094568874480267078711354498451407778
100861061103806666882614830710796284167505248339342015759545538732473007914926
4595704364624935472651038738760957553306573708530847271845668346879466581358
46392077115036947863649457939616654069171045583558205656567812314302545503647
68629154625118184077915841833444330792294902427095012904414112851766041248566
1648353194828449749281963170410477960533869672343173189620147168676066139632
61950720617554254649459907241273400382593566644998704790692057500767492947746
28766171711377562367473981294258041118312613063387979857317339650257191752702
66290123368732894899920093511561137712148796644763444822658443786134184218371
64744415632153149883493328386439289932988572831732798725615545919824164407554
85488426973798886967931406931980674757448713979897054438342633908918372112154
68308128010274356635837549572186094824370591019216614483702377703060495776697
53214740352724024641318601676114777116396499122433026812647173911101350526385
45400110244745633583979707551725797206132095668935351114729472845156601690725
70728188375965643555967031646460586536564675796500532014864423701737680797721
15575534617850817161036919755466706393715602920657554840322993277560302400582
97076054751559856897700797963561167104010763803170542503255496382126989423473
98183115819856875914484762071966616121894279619265137867510872216305054832558
95508452171014876334333931204356359312588588771347664576429035020847996997657
86526432409339003146043605042393428372872430620277310018345708047363742426044
62483802014393913546472101793066322806691579662803687534145806913216259152574
44961151229453084370246671528404710288081796541111380456196951113764992148708
26676323087167973030804156183734795131765990410063107944935162290962717712914
62359053354014797245665062892994530269182065779070267834119939342778905391423
93139506651165480803303093472071942906376964580495384058148926912147586551855
16200473538194012891933221409095304215817924359000345719417620323093872014477
49347056317783985763788916350135846319749891949129885200630463409252243815480
64936839824747916934894378141672164884275508191410160778226561201059271582196
27600859258022266632716133298604388060332911985858383979385539462844211356607
79377185324247015954562019059413257436706737386104925689104708155331783900078
41842772849421877186531534967008978104653559994879297018052421021110863752605
85471284237356091255498736695440251961080214041281076360662084007059657840324
111465739378268849027647847587007282244179098941674797899573270968002199677162
45917191247413667731834431916939941512753491197662275965820030290236081504138
61434903792916966179251905443554532413385985204094929334173362281462097624186
27276670872813713755081707127189367046405977302541102904137589499663761623301
22796835345931642676307650999074184833167799608251631689566954133663448383054
30185512038665050174059003614621752512937128412951554758733320935101224690285
12184205664773482416521357584223605402068420152956182269818267557739218982957
109522909872256201987107677498703127503672707065123996928317102026911093543961
24164529974594954798818970745077618539237087192055338157326190102493606672135
109269653185497205610600361676950682483266621177951648888989180190247727991088
35744119521438930319638356682887856900796994293734346888306398431767642035342
59943744211018209092608805320883707248952539130657926957963159141164327217962
92814154591552977921210829933002466180902674297511646429091929724142890895225
31603504694609368269481601414568087502061765667810683274965604059517094759410
47420116469039852003163992564248284827147887601562714726487336382890015949348
16084341627714476281980350402863250145611704990059062369845444538417649419769
50815569286301971372644423843233319299018957857254226930473124453535620172649
61833038685441029984889326825144698407069130288753596607491674013975475199520
2960173063655683724732849822256105209979860190865879700798559751562451360846
105103875244712265989060342034769633227896881223018731686952422757211881780614
26483589083704668443304345508125490918298991596716764489705734643796536618936
62606121008154492844771911364162859770799761850152217650426278847652115235347
20090570574831405417330495129859088475772369249213810494890365900897757192549
76626175812573020779803579647885129912061767285356798777597472453177071117962
29100511749474218103092506459382352249891707836927015270612821086202584200272
91775030117982863271416821033451770451782367032757593815704739137174672096198
65330657621310641997957621889878329917863241023404979813142170004881894502258
62074892900056281885539209180325849322046083994216521124433738338608610176748
981259058730993384322681907357570501265864519712226311970256702991185125883
49787373767729996484366900640083242692350540606196186395814245468541569977760
57721764708258965106061865436780150329255605044087979930426290226720202140929
37881749287904093865521726360808395665769457168809541100721178074579684837075
18959366924437417267720823121897922773224853912233796135620874853857996200585
63668271345997590752973779970310325715125060315015229709115288162108835789942
42599785557781826485873612275499071693156707371329575800099643311227886475048
59729326918604622707316121495200012608355341291955161569505659142162973818069
30193110784463359177038672871851363909682436241629265125815053911848238456912
41636141657884876485497277076814353131499296674693473571298397353465357330650
14515017025706605172642389951465057228204477909382019710465431732471473656008
95818573897360422967182864181674834295342690305346352220333020556327670674886
98640024865831013237292010082027851049255441666136419983438956292943487331898
46834357374345650962141515645671661952372485411886680078626144956406681571522
98049571260238456205702590568487989579775313031360205228196803251606452866148
63497532649321085624719851770691370348193987249892577057857259471399029145045
76907798472654695856870818212745906011726141694966994460514991350117969309656
86886913339084509439622475713204670116948445588595594196513840338929091981381
66832950784128690570126188057149314436646984522010248495077639289571802409654
18645549744857919398077132568692755705553634093798474799527835064116352712793
7987448473106615527563072644782975289531395945944015021347909350460835562543
70810700729833905346990357782428368424217702077015332787624795615612569172046
65798115113043505730924532188071617312405692901201502359242038222423017379203
51110508665461183087270936273625870332436804223271099300726137056924049475790
33624972994688815605935234927791438028773505328473758990816366879096541562747
82903111517130774478287501124887943652622085479770566965524897297263135472746
97261720302619538815751109265505047688472666640809495371334495648918581245449
52297773208837989588361103638122664422180142822396123165970897784797841104261
21680747198048212981624788274569454497937687782590692898872369220749767626955
61207306981546813347780734238076687202350196810597738290042550039417954334691
3552810047149817854176366179172481150688272013359968829976460029743105480026
75629289682098093106328762726712899007917348345926119038157854869661915543007
60841203882591326775909066026247470310379978090450897502273286562191380659192
62892248791253286729445159538712945646994175745905187029928344614399012216032
75152851397078745611721081518641327380053550580424367117440829723827254194878
63926086462113786360125581294136482448816243297794258807133204579981904677418
47231151248637541756895606094514215562777685201462924989544334714988187682955
46241997153035976084282973748428920980122613166341891769967229678801138877307
24819383552406138558671152895411638825954810781950933294169694605235141417599
107745295431014181363885277787087751818447162443626537989664822446656618023136
38733961280210551319278761315507965874971917160466045414680129071511522684919
10183877441424603516906901502392045432188029597027787514068566961506505501978
47309912648600329981230823608096203662246046786820659188762784615317534290312
15668177055452342084639958850880214186107119812711864392183645143961784247014
44149256358939289204059475000109277253690913171063885626827640951654851335275
114623594955402590893544639637668988225010990430462473858771133385831307624917
42962948043014607740873996546926327954521047476332654609854807679993568794580
74327824437448902033201190513471429726420875727056777090126471524383566322689
48263889355444711793244119884424738502473802475398176227057257364080706049537
