23840067441345238550612307354845779672680396581622864614640128479733862562154
26755400219783777325415049815639663343215281517560126687704928714891228998119
42040450162716698898640433179788566472373561262897445152772374033973010005969
11359997855542186466559010661679950657556983467444425114603523408378068950330
44298438972687619672867734284106118173623914231197061412363922420672867384174
83115365513629828471203138817384846859584773568649269805195600045684329006568
23944570009003292258434024124421866819519293370395339665342541930596111173534
107287630153554794330628782366442509527243910264729009913766881083915558372816
60414561794781355691973396031888524319842561148046186649863068864362729114460
20943489420409320174987496463919910386446080724592879850626728002184824912365
19121209568583388457042012849949883741522733376690160218964543511498046604741
110124655516782910911906967561822413635239122234154263600321638737616373625125
74377276333412661021085608818462310510385536270356477917588099963846722020778
75142848813711208744386231885703152738740043888807531879131176849174880056839
50113941518294035916327034243912903547294216471923932833596068409575036785304
88224927292107910478357349565736967725973408233586412751662808573084905523068
111544084038214762560858738949114053206201376789331887370049079088953794040251
9674298336669150740843017803907236950633910414048417937831660969391795592622
34133561455034431223936246330587057328050603388168582624386499462453735265682
65205429247969075443322955174968996922869749887602816641030623768137209241798
70007058315540073117676350544454576517932600316599523512923451690690199589842
49590629990255271257743892763696534021565223219324115939353127009169573407734
98574644320387768464313566860483887715880436515714656041339991015919620964185
102536993743230766446324108532965891009735245932244193019265041836338711399506
71054738387470838759472108767726475778639471341314190715199050663988380937345
22936428392306529206807487515383399329734824220684007721256485795669305103604
32723520387914480593824704715237853829407280491519384682324341651243578463336
69000445281814114263982301101799614464266784840907128561424073109808645567873
16991327173968118389714216637307269683403957624621449228785743758353077233843
44793782617413060377032812814235416853258268523602219986578499932742590677742
106678848466457865067100632147836621658168290040504545013856133430855225580378
61337939108413230736468139130275820136814426172925160738175933802711720395900
64910257774008888411798914995577785961186029841062495895613395086491084414404
88397122966100780921756058980936600139450897882732129709291565919645291627328
110937778690956282353418072144309745015833214626840158373855819130082342112841
52367203443884813210386280148562297943044108678665915820810226441157018111143
91042832264142253056408917251150148351276535325138541536182436981187945036192
77305264215505320326330729205485901091660341829494116752659695647136384499544
43447840501115034103094131108238731179069668057078927890458275679222295987337
79506867675574322581100274912867478690058951621430573609041456971775006268474
25038848689086169136911131104084331285772969767976136904240651029864913928679
41734669383289455694136602770698096703761087782402238353439658303727838676668
27343901133171580908974730399957103808015551812093402413861645393992948591380
46055001200530024670917572814367900716596182147009245809006434583416762524932
28892997903527779528541483722413759554227653104198236151628415938875103587387
58444347297780709886477168546132899771451301832711849764789054176474396960330
45433214999107116598455920284054739577800542871962207008107174569377783243700
10529407090520471901280906308318350945076642664291618979902873463549795278403
3278167702999782816017642986343356151693057441510544405359515058612072163491
46681322450792510536717471673387890637354800868540916802722567543122246301089
60757408081789222049778065070555030278595006161863463391936711371083027750649
102034454670006196257257654170806314760498128838625708473809724837663619696285
83903145569871703780088481635065595240425015530319361085869599313402069121775
50627044335480905259526159557316101247459836051137453872390592141372576373527
2199946230008787726919573303054979390750594575660099956627935244858308384211
67193250752997747050412966694095221869344032993274819035507797129437800541629
92384970967730356612023898483193426665854472357319979894298962256708730321946
26953869077672690558178142227558138970418855271015386447606899015461654048626
110498740294960248850620209410372092244238474256206885555617900012725149485447
76405371026446167411986048874172452260300134270558546098518151208637813494451
7853668547519484559422643062271720737324859912152545606126662700349225437409
44203538953001604210959455771416402001753025088847379685176184405527699123556
96253970547977050301861768534342401652452084389141199741792111701749384948809
93515269099303087011123153796251886391526040889792881834559346545466440411080
35147852740281969671944348315092920490570758271932413454540239742190682238189
71787715719359398456842154460594280847486421781200292621202972012082835736378
26612565676569099485214137169735705553268575212979946615452541220233197574384
25586506700153632539205248260016367004794084859655114126130017493427517260697
32999410616001851311754563757068636443291211216979024826787456317417271333122
46926122482852829040921043335888680429011689600316921778551179832527136848270
29814114370683668157396185800687561865513255915117435376632669397104090698669
38452296375916096156826345556663601846846791598190605426050339121645161836902
102934891161483491415734761850865508194253995084829634097647636957377522628220
113487147927747064856325816325080077959089176971091971625429042435288402554923
66055532336482264383918686977838918524470776368634546928691502352283173699180
82344175034445344281156513631192263216642455847114279061672069072045596348510
7337446125601550199446706816071326825393222859735141129842805754900860598028
63713536300280803248346903078050386281602229850614485640434943694718660604512
93407162454761013838567097311267829001610250765170553922851584520122401485462
35401089400329424582889201600557380962191867163814296757716012458113365842200
48701409565050483640907452778130974731007790049373441429104896205429394289417
95599949473159660064753495480361093893442952996448837394811136938340612127743
81399317844236140850486340382272148674073233989681711668417707277442225464635
18472238700528673862863908739122216633039851278946958546061080508257747354599
86094502251366475619591842086689506040582438394628077368670612745144007253375
34809686396824667105334430992974206409525795068346195187745409284312919144484
28860582964502111839434961752662271354510876974645047066900535692429142864890
60077204868786775231881107271301134841308905219784250973882267065682704159574
22783848444632218238726052797228117154800237235673278734529906958651480493192
51886265796316654188322363210495379419832153160865854564841729615022752042033
104279687855188718701608540785164887083036106642876767030913008007509973782579
112344780002527270832161091334702626341885694215755596833323420568258447393468
56973928402178142515921066132684947670213725234894001918650696352706951605791
106575666811079510233750905442871041648703029819379863181528411699389408438746
109177651826870691423390819243105742984766548103926582853418965995236325512331
99038057390638525310565646172237404184723688942573690881998172972259000786527
65128461286563594963354857709047566552258290166225049074268330936834682684664
65646793808969505498452876424427632395217521960303400670594733410076823941378
102333137135922908243633976656097186382298452568079694274640736383220648657911
42671194272075996227561353811033496243076618545634727674817049669651497273130
94382970305920657623122304721453511053244724139301453149058156522758578834040
21705088239459674576505912312071113549123500897317149484934140768128651931383
46219603104345768258400772515444492828584317179771264185541740605961556539595
89006595029372196879219311008769226380127223523859169030286853902864266036031
44471724754132637968946517711318325859150304802735778377630051784193568173536
23119250756845595436303957240451339396470484582416414830380058239338792383044
49785737697961650368033478510939389958195934582389234418465038954054211457453
59838790343399946712564303204289442907088029331438002819376942142301679714133
245132816980055734457411292295135049506097269003063671773184824700681440615
76877080642438108762103918685924593934813851892163976765477740369278319991265
110024446101497314783863526097225188504253747819858472110611012842994874924789
45542260253597449950404618594094658141476318653721757823276522911458233521291
113719184727431481800782985994602562504894667011207363466655692347327360900819
49114063336443779625132232268454234790661589544224100805455397877822189711172
105565350342639979604274931493073308294186607679292672049589368171139210156117
75145335521955673498339908362456614319739531944885710610059506663507554235882
71597717621747248393894890716860374446784433644537807713907518830574626794042
50125446182039581494526355674883150077927429886908288378779324456374376979869
96849878526577596949772588021338832721025929610330390724446902515483183221340
23679958786276582994341437691319112632533453102684671468543696769741693489603
43972039100529344409962073988182378454121767635885520975303588124460322374408
