78846908950301225711653737553288747788599489145531655518437930713836631274102
52870035675896075541411746220192038438704586863763732826782538321948745588547
69828438039293245952968147109784000910198407683188138483258260829524484651614
45496187529479468220830146036884480697762305097823190865253819511840779340417
42787296534493229999106942723585229397865555810596969771515031243487874201001
94996830316719818648476249746941301618981765049918802564397751122632767665829
56579649859752407235783310308277869623161562296612551300578093354361088646781
70902611211698435887544553585281100119728877217379430244468147208249755801530
65847897332121596328862338641070778090457583046544505431972206025153737422711
70501407499861527576377847486819154554964064622229339821921445619983064717811
66353955215794158262527412366952483454932852631770141786985740595345104724306
99942074329001622706863655495591747728416151625637617027625056063855713402050
106242897510775538148430500290058761010557885349231711823275555262882954304335
87405498306009384693435306890327356227626887749243792664257755186378269054067
3422256443343736677951136138515849717087074471686139146681701858686821927022
22851129707233880306194962302459044562961417849565676780331702762515320757257
18402961717864368248988237360018463583734936482891856574382449514438379721705
76943228659384770117936117519327420216013967214708433751328419441876890531483
27166100063781335956195583450835214578625903551759994480140924517553223694411
93554415031757995378381647821812592654885494647783523361827514311014244721857
60896391153715035475598850435949586311056867143095399485259374141952097936209
59952351351746043185612194781891895277531811719310470212172756756435127969293
57824234456791290326966747994983482986390159115168390668956552913989817264431
20857391805913405836799732554031564472112789907056816897477623837603975842057
30622506516296290732670997726510366442504475686023285743072852353634307106404
87129468553935951593714939996902996466705624521806811059134644131492526677868
76003741872552912558008115733850555383503172061003868712127084223839966960857
85955891085691773269137311778341056082825834048686408107155612608435369087671
10407232390182306895712772086379198483128330432629708628755296755829944979895
71715203461880648317524448876294486504361913999418310470647730274360355279936
45842351447137955332193501461026029830611534290676273817176962302820643925843
60709357764182522166749129471998247675760996931068459800515778189323520867735
17621543318960266113216829049056618165700420698986100150082639586118683216381
96340137031850334368950940983699143654951063078646418502253411690911995979973
42117357872981664566427295742622214227319028140417780133597531372234035137578
23720418468768884078549681022700615788447526517132302908254865353226542223854
3681034551190476751946343743057868592790428160981953289456673772128149069750
44800864941118875891346963546400880656283699005186645814710740414340047258982
33889004603565793079757294604982229137008276843558812130860491291315924853298
77845594640405020522681437467322483741880833456388123555123712260647410129856
86620987437952443974574621716967863794000189214166252026837859641252793781886
19300932533069384351734056814076584445162095477550533465334918801495997010354
95681777671226998955142958632830732534233385352740326901104459687529413373805
44248530581759888753204083765452074897574155517363542587891467313894782083420
9123153825689598903742023407737325852683227254271745371155583955045159307881
41520940058768089734998799621047710682182521898644522251219787314411467845334
50145803148605872295674597723152540383342509386664531940050599839138197072941
25937024379943668206449775912993238503474286372590368373868541054699221427511
33092850496392065594441594242174792341221365416201879228188880194685522678772
80098321336677814395631902613013435535629547446290362498241664194269053123724
93975414638371850454730126346725615203865378858740212390281328764518493548878
106584106481849984793844916880498373688145158009357831680589928499453185413459
44311398364863198191876121435421931579083475003592963275484365396494069049818
48485317147078918164359326841911415335752042186612767916002189834861477353803
83941363559826530318490964689002751936386674794558990097820518939983034746719
105696547733772334451613550577582181353070282466422679412931263733194029142532
8726442664894141989492378070169013788864392579951508101697607906137886533867
77322837077937686459475170585929580323158077310390603755708926380086564527880
7764038666646022907908341585700396739196737301365953769406350867118946844401
29745557580711200488547817506426925802918294091005814459491716006772812779557
21590144919695268623476211357729534961265831317401781467151733936785086413318
90103887359868200162378178553416692618500916399766007636210646343709885196572
18190029646778883679800707038373668498153735743664077574660082376774491577807
59327263730319225161724341040680407893046770415180766674029236001316744776483
22970201212266508196771101128079966601256462354942768804729675707192856338779
95681773904903408471466765631125881727647834689116843702333044818851733538930
15716201760936489005149550558520031166424615871888628363799466045177301185073
69090050732136487320082031702935300635687497506230551302017662020639866481670
71341226072743866402032750253082625577439998091507541456299158463712685976301
50711006390613008957599161086925844194629030236844165621727625418004301394206
33783117397679955015173355399653417239886599511649668262779518482696581361286
72898469312769680115415967117018009608053431103147569983098668214748377166050
97621178442177666668031373179803612087808866511983207501962957849489180219573
21904561441583962032759580419024383837299198330954298233953652303538754499309
6472383384138276557032117526959918095829546785321066958197701366524617665387
110279729035059384025328864002889337551313986245802626958897609218295334931458
100370838482616021644321825773966480559065805059329107610664237120851581872693
1878065333615188253765864607213769533432069037117496300315883441784466924178
86665418453598722706352867715265809755719920464497588373227183990818311902203
34505364938614165902776131081258946810412647380314609502774466429695975800882
40775945875314782952683595220052393665120678729051982791574817319131778812167
2165033121489152705432108101948739514974465230330327097687840514388959918061
93866478803438482922955634026858626850147043887534620545226972646417524963612
30853977624057115013362379752121786432817233240592115155294055824295035866024
61597119249333263544666095547393364661775257357491096101261640270930040674011
43959723952424706761255922195331370090802942052448938706568241947532128753738
47960846679240492367255547692546888958159421298978713229677985119746442980614
4525644168124717121540296610343474509997322371578502116049923461274992944532
11474962777289543663089073109357041962986151465535997026756406905784675368653
21715951045091299627398050315330867684762230200120600076514717968889187924628
55789722854710456821294506419793138372075112892359107953819181295663131393942
45038522380259096364671112008121240546961031336933324264302346154766601938904
71971723965267070390025911317448244610275358353442834745030445124306598977858
70499001616484117926813979522574842917902984129886438840578317292179829788792
61176799708641461690533332513140160325337372884133292175413549376476228706420
90028706761928191353589106443125952549823009543632210679531857148693400359778
96985952164544690408719859656866999697953837305087641726942611375237525218220
71758950817410733784689940173323448054961386286748968510440061165580834653625
37472429109248465285452760403084126408078371216659893540901971225702743421555
9448390619151777274080517255961215689367725785068961254252256290924880237599
96146883771605067392287174800702390985434549296235024440317406773318722692763
56794535177666515666300113193149374848872603787444193852333365255623469900549
106127760163093209022040712841691835433079693128949637016006593857629199341757
95180289403809371841930661896191492976020761640422558934963609999592779313353
101305887167559553338137013712045223072415651026781249341281051211007903086749
79568535862050734522341804816683636034064451268865508601165659591959602796186
23326778767036941482066169017343610075479522650230715292210496490820826441932
74992460019794436573101153210020037524891084906562377786044976024238083719656
69189468359006838061809244896078384088940646285859459542834086672519081680571
11458296165964742679585144319599850338526904180795970842483833976886611873664
73409762890499949203836460700511943840279048356231563569685746972397809683814
40489183207956437629868617231869078506953409644783528073697819315465250890906
90631404667708628490588749573543166865507503067977014735029294170658088415289
11923060388070929219399060678892782790633994074488333163761175095310459101792
65604870457926974855504270664848794117475997239007682207308306155008053283704
35949697423095152855494754582799078637351643567217009515007249471477362979281
100917375245509206883684584456991477977105266272192716243987958420568566819498
31851671194776652620942925413640279021583828994518985233022169611809298127620
87116049569038975528996579761670562319487424289160025537351787744647680157570
114685100760415105113316335906682371062628402202942930544661408461890669137413
19405935105692614887385401374958748846453260581545195232954163879688425472980
