97068772406334103033705052880633866323109612495549419710504994888232389202602
113440626109100014538868332539178183054957555795531702228516598111039375038614
22283933822265247085080280984965268363393152731495442776267607100549869866677
63965648425484443102976522085258644388387922287512586142682428536441662983985
5391524063918064883695287953895530677130340651665691499994356325308552118832
34830729118967266670270457790715452366440921455791294956892893691188119357260
66074796379473373274966021326403573097535259262324357961499903672480821600339
79852590946579144885617174089723521182478906703424224115161440281055513134146
6154239436198825158432739742024618406337832047037202046480164236041402716252
27860741017892398481099752475107040407736320020119916961860137695877574295576
97248931176985359720606604058115852978830216440612511808152197045194257327926
106189867130253187300751879000042441676700661860784448190758370471390188025676
45709834895395202012048249597661903613905667178640531966335443180008976147933
67945284395066107179939920576123225556760286634978644228747072871107608386693
99601964433745564194908021512170144278559504927192087559237185620098583258957
79900465661970924164487800650426422773857311909799597121145095584215443786462
71364850538345954243652750492237206459452531719443909970225989936946564965105
89091997410433935419323068770549813992462171524705477228025957384403858485543
4017662969645864363356130544142864478863147399448905291819339611566010997143
39000996667518626784019444075298259531836265879540312164866895273789076790688
85261901261220438117269504672232041467181035273115383805017766825843089211019
80016790113702732762462296154430275046418248455976243564310981456347995829184
113601424482527603795558188771562950757259373874745477650997005929746100571645
92632243155537418557993340792041438031899875593049406228382932417436216556330
99933681852011971947888537035534814682175979320232499099278477060078261522174
112759759528204636406865261812178017018793649453213733693030815824654528639653
107695755378763764304466671679406336730357702782809948763684363396645051271693
45939110172815440477651854661013317487185627953685885425859212805241184972008
49189966979943665458714209060354632276097710209126843121401814059688965196657
953936635712353597831184331557339166813858308345232493436209905229091631391
5290318938808950096596148055013269650427772447718955549750743048477258142901
87193166549614866247244078564544498283053874907510465918777028091621220527340
58064242551828620680041823620559528363705364385696128642019013371624670923575
16072884301091253110412603449398345431756515498187049541379729225207906167651
1892037125831934119725094991249558042634640705495677525613310327004020594369
49054171854171574243939252532541646339386298098312950587553922536963400618202
26939768720848225212853670362460398319555729288326647695422928209758337734125
98214228552489794863432399415910549534908384109339238973548937822566667945401
110733928089072702695306669647471826399401279343626022031206452590336139568045
22336923959950711244077218866585211012527791636603980052204265694377808612885
115074740729370945213587679564086484071951077496901004509772190635419067233181
78928134850102404857191952651200458112933816731601187642267299188907119873382
13558704263739454475828539429968641159450629151826929326774032418381712727318
64675518528595987993462807241718007261172829888115869758485580879105368290849
24651263230420914836069394982712741902985919138776892883910089056306128237765
62322159026465295769227386349749522393780501781837362950546486252363132890282
90142018266775158401007030585674199715533088442984644137690629431993347600561
108546469482237657134391219042819247012938968929972624398382999126209067729087
85036249034533122832330805484826295422932653752950124313628259803530978140635
76193892127612201865232818571487005453162701446638420288177863497053935479724
114989620504084653742364760814051149080181987446125494059622545019322033955424
71095203329360761311397578520106078196492376694621342105101477620629861036508
99914945621336459812082914785244143434080502761710144410072983880194927794441
28156392753036290520066899295843100776098584736548926550141072879412527955529
63141950522019216722372172443660493891594536177994148487597601601186156090941
30996998121033675528122800261535908586334277215033663231394303482597736432613
53076952631278186236462469755577308094865959598093509901019115318888522398364
49554648187238984938704844205068659877591088338651221441625544449823706656825
1392060792792694155450633429457455572187773701993264183066320994971242735481
53916905316173197009774712117887190878952360365383202288551505578086854111782
54644225160347298044971949980696420213221025980995213590511145148606491917980
101362507676003834277762083879388675700552779509975055417575137684557919079675
7019022606756083917112210118436217787434620892286529511225616396985688452886
735825585514726219706116567790465853201319160334072007985156227713444823043
63382147436373659774126741450373671210221920625737846621242050361575786838931
32540138158717260505416327205914182775652135009668901640725863178887924273997
46226335836455537271320151259587516697000959487527630455447393286869817916561
43454053599637205815751393269645198138317375659911088551612757780685367943531
99278039781552536232300949021770267382441663633547204069983209062325234053750
87168959080519300994585902501761799806239418078687338630139135485459004246548
64737544588998923027535833557195526373980668788609260919843067549039216673050
108860052234817073980067982906976771741471437547677780097791845236307988959237
84386321809447802305194509168840929747624334324610120686044152370178782547570
30478772875775878825428870505949628017459608813220514941885610639606125860834
13325311465170333231098914567685878222697139230482708145566174215588267042292
95139070719750941506879376888025810855785070788124740432119180328070549159871
98525302486753178747806766397817585510817109024989584649017793588577288524537
3642051839479808775834171481593954055469530543592924057911446004987412468806
4077081572299075559009027578641806855657262162701408221635799626983512306285
114065446462777836415737551770974231928397229515901399011924112109097934568669
78570272905358651986732879833615641474473788716082253205268341175839695150189
232753248741612280809525141640725969413577100403480048293570026036459748113
110131400899020967245576567379875358523947299641187970800494793518482140413420
107060839370977983334101942141942586319355350864604428054607687276666190419740
46712375929139013130529004439131783870503845379366717466875495302831196665486
47363301133017353472058589570486327212779417332081605996433946258009318587129
65884973314499642526118398729114715622249727261708861126379911869321935197379
8424332236242139142508333858734010694325684582581459175811574368080462283585
51717494241073698776259587346697270000595487150852969342939740034915725423650
1391187536581115234766785812156663081596796449372411405376765678280998107498
106318613886154912190513640165760710416988029470280116161006133537790119133255
79385412930172896583283255043448298756166644666698710001085165203175949016193
100372953806651046104836781081266135955223974719605748351442661067711092206387
35967858692965882954929079659884710718230694652669076570959465954622032449696
4218784619991887035265388641091534733548344354939668667124667774259760530416
112022657256021726735555584305569193874094203512252980662260608374591069969028
82094474767289513100313841546861432056539725941090262862600330378853197994034
35001953853202889155061589054945544953066235620906793486243179861766340595193
4226708966818429652963382120893882232780888803856435008910208277112037960027
64276646285799097642835332494901444343075054810971285052440387111283325653608
52258434905427113307102634788613679622019977285737195318331109727882496690001
71150824747337704975963905849399330439761299744457094739543421582375401737221
75035339336369663881528125239940630005619210850925145273501359842713039701447
30874690361752183254909799424671563575101050723697503738586401527899113717915
103549609292534168129870242813674676822498544899645053181169359570645079288527
88700522599638377635945942356485163311239552766623594981809183614415174489320
24583789718871292794488836760153503906293008445482065853554359458380076264520
34296627199394888982430762452087519051688973927508181845529614594543183596572
68686547998918891913551388743703637790440653772941364064867819588518172611025
53378625316054663861168150343566121635710676821492666106172680996677180624498
43207933289199596074500321405851247280376720134646845752023669638556397717223
32256817908541277554258761870677158166387820710655465133732576674667555889097
954253373103507068382471421898826354476354086593997821687476632892369634020
29591143317828861242785243219801364022615505403719215639186343177180204336884
78831117179963299714971548630815941072717183535317699712951756580246940973834
3573030537472866996482821560172286395283629488243247802111029341769292037488
101952700436091277585949454505006449216933953841119166878098903490063562983937
972297275089044477045725625233876997669044866499265268277290111098798359147
109063650730016764633564369848301161395271771844543855917636566222747369362088
34378729122886230596036316420181997316301861526042231139133252997942438022795
65719553117310198429876480341887216018463331689859483605814054890245434676355
95258391409288636876382843260617452685007822044539621171120191636632982656479
59410236860424570817668043782341590925653290725923398072275582972628305193602
90064529751327273137904390244779835449840852247020548768658832708624562268997
70227759876576475017516328345648108548321158702149965722742002691442552395362
61329977463152493035877605202831465179984592551606614519174549778787426565958
113253525143237031891222856801047418892685242594440011613274089180274551534076
27673978749588645441019032353328295444034178427357111487615080246902125035482
72476630233814412491450836830981186153314991387711078290913766001110918669047
21256876038039142069180798059688902111560525729316305583696276093514477503132
102939612110999151219710727745462381960945079254735074887079694445144065455247
85549126155197071255271265370751255179809933178958118318640586732933597743338
82400579885724989461814704945234578712690076286474948753221593923259286944135
84518212585199043717401720611070677196618152000003322012128965050372881833243
35818143918139742097110605891867259197821906458758286402973411665496127349076
97151196447218273736609463748408457827560237555759102376201698807433579883037
44304602668628738709126075801045003032588582324791886449814527724106489381569
31402100229347934321437112645632057264107528522868540007070409737659520975214
10413322054302849930164325318134079491744603427224900161807511485120237721589
53269719178564835513250176888021477121267432670104540856147916853137513139927
62747044914336034208866963508364740014520704403350315027276919805956885125384
64622414404108272686667531095962281268745663320816801145559707546976815462987
59020065223925900015266573130768294623017313924676558393109857027775234130902
40346241608920793505254845586798171364439393206564326737833721725034624212192
15643962978377731052344445083287068141497440367429340765947601232279128623645
37034704096481736702126925029033476583296428432785614834406578716886262590581
69239970477073777727884124104099490307113658135036210299190235433036680336668
44463138415246995701802055413024383877643868926772467938196272012784978495439
49605608333403560665901846209966856975233331260041613665490585073145872360035
43856556044677326760655267971521595468374738091210820808124819941141516796492
84478856983209722404306168928127178089733520426075338200181407309165691532601
52935891608045103006161958451638507190529981946078295509842867170543015685045
79990408191270429045544250653036747683368470326802954616321525818819642153225
75295604466481727336638889223630586259376525507019786356487121748143284685701
45956826624508703745739353642407893069522848668988003005382817729119484579778
94009525200232067043324216310610603506445949568331849832890781531009524111174
44072162194362590082350665327568134922527906442958811746179527848540522880822
105049845032245768526944325096763178898656120946815681275499154733541612469757
89359575582767285564105698891554833388398020481867336374876996509593774040643
43839250442210574003183678038748708144296181321988880689785791022693433973831
99789227868945731078766254653747952190225604149704020981178578780559365170143
9288926339675112931939578213712847519831868691277009599401039221807862239436
100854877993085987224423606739666597671559377525553691739776438615181301079355
18731549536748141939972119946777725223833167220599096888414946898813025264863
47740600010172438023759076922885692218763446994444608545751727478077709181431
20644238394923381527133750183403630327660255290680844433747433294288967734677
91721323187686405330691043092783483418283350645781796435738206449581521684856
101690706840809653997404011229116309601470520300591310670814492055354348165442
95581981806091706968559115400563549237149875534952684865466474969825441956831
7309381932250676521500630320389294114177129909851160028908507271849377896622
99619805450016700304313851189704215072809007931830898814814798781724504184364
58995516392398778644486697855132461052918708562041684896640636254640012505535
90294418114999433249560656055970689549420440217775988288762189715289137061872
110712490730311258563114152120094649095369484757885089463008050982364913849181
94321940446022044591936060527761779604360840490165699430079762914126842186887
111514870166696907695942522530582407536839646397701021080388429229883809104942
83831794566405805499099113033466484709761328535140545984451710660021530550587
115414020371386921604155151339574924679336538496909164254440641220289734159312
49741310128308655963025403914219814916928159500148353484982715153455759572057
26778220144073553169627785098307367388332709035346483649025047165585121538931
29791833935468445929060859848964230101592328134590155411884839315564777199031
112046821848998890815431360985518456810848367874308916117816835430640655402800
110882641452509754049469447149209960619890096900815204919490787451530408579972
11275473714100300589736905045588223048708883737240717221280470229918976968923
68744194378888265294705651417311265155297764757345239252713251190223470027301
49510616957541055564803195062320728134026233249252308173554611199396394831691
29994877791889976752139482867839241453441801915823750167128164731899694889667
45108088368374901165653389804296650889518086344349944991676192518625529199828
86003319765657574632482387797473411454846152307928788213329574613715247715288
71064290599449097378967715066079617788767356185415820689013765488628602873124
106906613583798077761994103487315172628012289181945425271807269005980068786734
30856087171436512370195793583632122948215197204499081107926180027908500148373
70820479337427365156064172972422708867459608933276371561021327750889463306080
9495969522593678418554773221106151941911505041713075051575854168845937771004
44153448589529827547610337266853316935217848628463032031844182664392109824203
64019036145672464196826905925377779061762362091970339670874966648027532299565
43094104600399158656926430340529769903057268417362717185633161905727282222672
45100930338743241769568688757544110769305120564466098851327233062578965241169
76985584351120265327811863517843184055596046913122069753534121900865649105916
101941564066263003128191166336835132993068769037568054875957005134997405789119
98713467074427120179600022537846043010560110969551030302349547061314157810190
95171059269784918225766034259969968272222102993632727988136387897127147428878
95784442652366390289964672982749943522152682634009560945754400471117829049242
87263240757038687038292407609486037934418981141838008411750114104807010699316
71867282471063043326881527540827293202487295074004676196780878169207349293731
53764074026400237180404079185605636300345864578018489292005196883537140594957
48086483132541644734908164766841527090539077497470061490201839448392482900437
41595465505995730484083798692755214675633884684319895124851685356213151527041
56607994209200746950595346351636508475219316163018512783427197919830551923046
32341579533977373426080514291965765047150470116698443242821097124004198713460
100837751734131374658644320564984350185006072181798198539830235265463599666865
76658050543633935660007132663113246228717862645645044291544141502297317722492
83702619663674313888881514016854837010639261268340944001243339027716140613122
85981239990770159517540032186106413204573141846052914842464423788261427367534
52726876452093704707763139500559600297775670516997444512283301249238454130784
13856493576250354737164679324218295385940517905560323395174472526099504400901
13253304962819700344261864813707950641417063792219180165637400660799943386369
94543995760887318606965938703041481532601883195948452952177019513986034377686
26824006355634595136867841149823084434147297149276762448902507044561003261271
61043270868294015862339478923869287780882711342384107625034833019833874027307
111387999918968610608168807576308647846948971760837461184188347884110312337083
109405167133553090489298188454336159933916244000453040355401459193587671882320
78415089877586554729124239863844135065394405726382575191496357196209081422387
54976928173452954658733443176007108015874294919789756557458762861537439276235
10787455174534922962100657452926744742907348168543855847630577829259252842364
34967531233802617760333034694481535018595286481200509624990588479312847513200
7017327645925406936145311273888746610144154129371351396008524882621396000780
5174600352860208408016688922162411297280687332769370455793337720493382647080
91456216093792901094097410473601806979962431792644973593572116912898959301363
34922326337228522681228763816052155898899764618320213289702418518417565790988
60040156412400256406858141452737885211982045063407503374730032124131390556775
13031932771027837986005347231915872001087995970498884443493164489873864127960
47490463855113674287510189206255519159870290263433882547052040139032553281859
60095610837853270949980074033038452355222859360987387346145094241904325912961
35520964761089415433329152008898952342908623161843349492050846888020635996029
86107155871740190610379563321100933626073437613849454130360291919827035180126
34694375740657269190484379169465546273312076562959718846353930621842834477354
29381387068624747906580318265385232199662231237972279089714747315832553069361
97505220402256910442507670172698043215030581594462477711015594991748007320261
44996745621018029511698973222063235160830511225915960327662690720079854092243
41387853282206528937015564215658996364688421785830865299354131290672374600588
76453186083682015110779407923311955654787830245465276742702047635674191714803
23983961295371412516431618613695757859725435744754691355283520285383629400482
39653448019412062702037005855654727968730253436650210791818997038497971873102
111488509244035847058460014637503749024622890115990588955430057499860636553097
57195510633333223573332673092745529608264333682113578938755978773321696372969
78231975065137453063830509666791605764420748658046148663157752915757648242028
114486101165087626508516912951134680827883511056442039013258887481664673624507
87027801640181444394713240447763951994576048287695338483462783431086728250798
39602423397399792250573285638491009441679775216702645709314353703897141007607
43574289109585927531306213311955899612352312472494838815343558383646815643186
54162950137798774042110889801009810632611362521740098028979772353185296565367
87979009273795474328232810683861685493884736961365607230459011648788246210048
99820617654745895679103706949387934288741863831432429561735227763510545024047
110967750870417110293415269723187347660986254896006361433366158625946597060731
79754844639311010108919422058871613195709843949533444328950204966908357597150
80256113768332565549414164045887671267831720815059438295833308179749337569244
5919591524249250100475081723280602580142133445329786184945876064446518029016
48051322646228944731585791175989946063478319802902697276848556391649497095173
54934952237585816707538015915827584424696018796332285390894969634315353343212
52021578609477554003718501019206659592652546962588214162879577571781801438767
62106635678495482023991471889564884177160821516238598378937154235890975931580
6825846390310182088030566576120490426158335077545856311552609968715743092268
112384812529777760359834694318847605239665167282273834035185017081353231322789
110849260822887152569673566222041897007139642937444742737365268709996892908936
25610714168777922292246443399747506416254752898583695151073755436367195950704
79247605969782808098395204830792278792384786180901769114249030426993333655352
108215701389639047875830073046215512914835086639217632793900453576677787780472
65142023201879849992995615600666333039817677009722783506036991159767938537808
95968066459698443041696974143522284999372493834837333021778386264576317652999
81775666383042470162300806803026827556711499029642082871446139616642961987569
7622040497351948707494198156510205309788302743666206072220257660162392925173
107115469648979082785405313864983862337020967042618385041267263087816292043764
107129072965191674346044263112157719865546741654085542866302807187929890569707
111116580669306849764903383443911547994740803068871863076841445392083903055323
63412564852504220285025923847189730887672793035513222305327668019961004531679
51935312668397123860383493167664272337112801454983359657451162489862987056324
83864667199742837216492832415042929195074228923563272777969139261071101596518
16208886561004792513061639989426250152935794200609889731480806448749315814464
22677655679519725085637657300043097677671239421675601999100068954275749449873
96133012504674220301874031420613952388301214167326454850681033855089810737067
22617743724412321223031747619226634604153035025298658935141845310107088879621
45599817946682063321066333955819134600290274917233527551992515317123608498175
12519635025234182807163794089901728006455870489554124291849023075752402025860
39686087823356802779101235806893307680198396821801723305349287409077425216238
20309298518110536977358330960574513297330149486638754930795649325838111054018
110908065071271132445867850178091162049582326502308765191074641167559120813453
79834346147714747113558034668360601575901361771899215468372795223429137807635
70937307225624713555614713671490848106455625289357816294822358337720253965057
77655638197862682794672106871934688796975233873219167076143608311112763907932
765520827801939189472781113895997937484671419508895743795010664833090154059
29575526856164819566544136267116439782947522872563423757857172090155871966240
38228506797479793991095666776394278195200402493824300008209422795857811640601
13616949592918659193487953556326475710431718794669646483596478339465863757958
31286288494914101015228075683079226842956149034999660025258702393133177266420
26531093589534395659258432180667787385233012890944332190061967733580087629649
77984237932885554511524508712659499109039165610718019547910212371745181780493
101475059169210937684325871243650789713464075938885994772912877190061772982277
79619777439858791715271595814220987226510401059934280540292891078801141150297
89890779842365354026035828042242145857718668430074646681170321659401499579684
80087093838809481976732464546874157133417985259367853160813283043259468797641
46005374891232467877993283624451234478352301722288274819347909904395042148408
32512328903441491309014998165566856149930625897475710320461449954313399259825
101239935295946442109930263616112597358210170071069404900393091681671202348748
19010626587635948232114575045388582298668015134269659482157183047988926695825
99898503016851176690468495702630482601730561792664302497579927274938460377595
16334010051082717085432832025153051357733882386842417287952401803743624853736
64767038130764722149701783931233195279310062614754572449993643907552691302419
96191070123429764582243408473821884989973295600774673848174501737356272836866
82675548283616800376137880370714111357423774709798520172383928741174390141508
12754810049574520479556101892578662506851516592826523898444661372044230637730
14271927630026989273202737866932147857325306868242951977827910710579663188127
42414189539136510809337424981947463721016271425216477315966582579777206377708
20293995235386071788668773799044954758115889515338681743616395236958364937981
85202895380573106527082089444429629356370068148254313274095589067363693975038
27782880248169308646561546640442321488791095978457184367131286884980842741178
13087640606446986363383962780146869359471037718348488774557385575000136207142
86985169355397446552739737461404639495819774211966973433138755164302516005776
52150349509522367776644182169588800636047850046529795771138611341057550448929
40485515019254854125256253519358401030641989379829586412302886411629639299286
67148536762587122849028189217905211473700912723979386268071794962251312833516
89188207575818844071128806768824214980136386364407499990379583563176863229981
89465034849931335729035241668355417981192171659089975904516514115096846513913
51912741865978275565442165075201136381175315269128199215319453243156678615277
80119153756326451590887071116919046730894358462848159708464692118870538251588
3565587340154307914766535948433767072212492017350782317300396100631370173708
176831039716181840828388081316093846872552805349052387784766684233759855689
74351064241895046158835793848058891896831323015422679418840766610105177184307
13817250367545728617064360781181664424434065489719575085193557316681506526362
88581602423857042015610844950980269074356044122473646291832769886230485990922
52178904900678311567592340261077856589192345148066852518235260600208560455203
93531056992379359651372875847565507603789149755899969375568431363591876549733
7227353698779457258148763487254634150672922707562695776740506948495074393244
38884404168870633104432695655528544920818418988285892657985507018463372370588
12893348132181535622326148188362029537687298897102572581020946734017724513071
81613686732153073996011920668412399694424218044988326503316972110971408731818
97015455530649128572855301701727348695519949593576089057328596316752230030964
34612940701898855434911190295389942448811423719632892735591972895427860632518
91150021047935847496079478193250327734735507724680437751358522253697295114389
107433521538909506109851441675083204512850217229134968874687592095413337726574
87748568041513255901832135516080688366896584997275747218295490456363499262291
113469148496944448077333041794442645515233197663777778216378579725575554134259
60995935835292385452647893294911279849964721991253311459899687322841041901162
72090603204282656598445969880968246958515536436098812138069391278012981802964
77554982852065066489105244120611238431228073044215369815848213451532113945279
106430682187122518103485151553134817779784371685468630765666814490706005194129
15057684320834619315558882663472258283274134602990534412697289921655914731492
111513675649265455384400304003150055307896455589082124959157514855404974766181
62677516311448770088966124479384617720069627118686575295591093566079127390290
103971449737163801137990486791702466360196527242223923629274114431955367803982
9635629856039586794126506887673438241140185943502054066607954353889654374628
72997127629214316407441267409300839060945703729390766743968794859683991133662
112561786427041333939078722212165286934778684598471727016989042279018781388340
89348897520993084502296848167599632600010429586859915673221467792054971677905
58390785587230297362379827658103608277647344106622730067107851839431226854214
38643304396888756460188136528968378682537938154841918352458676175241748726430
115104232622529904634826211649356218789452317690287455466459336574994312946888
24723651731477520588904013322923237036094008091013438017970501605889605228996
72443135660597766879454385911933131335598445080920250748259265141351312171685
61539745569621722158353406666482775564137118856436844155523526798543902870765
72215484778281031454570611643956397104594060671855877449589873195556576103874
25959047602304685509182711011405250748399382092290917611075105079001409390033
77565338407235420547962837925321324892639820134743026544474718894689557168104
57306681436033808747064850688496775624121544638173105432632387405293623211614
17567259502837348500601770346732797840499697665609360172986016486412421006098
56508322489906585982944863881932120147168237921871245625262498924173371731288
73574519986480928340954265001369384741648581287485196749137748155389903055013
25415252754545804944016568752732757888340561975572129661108783755379937346620
100819711094902285386984449434189034264893478698891047166229351898068909218222
47822607523497969533859930881241663300060476394324598546584653475444856306332
33539990055203000330484854515027971091660317014439814461506049962069885675077
102071991041479888854776983330942290724210378593653440348598848636396603135024
80802046526302710899147332147091111178519356093416061510725876476702212147898
63706717426076645389547678455825839258984232327188490307004491468037966539974
45079752393804318356686130286694204000579757389565175773360539107238600244464
85730383801010426889998929183328070070592338453326859009553838226595577657778
51467008564927165835876179124690047399684458935442048681767338095493584405213
43738745240569172949012944654391366220049850058574251360562366733854129776278
57750062080401304995608906539889389184476642718433929736615032954330321593637
75500195400218307745798285622697451409260570985088007904864722166275127110373
103467475975034204710204705027553110146761077470671811879833019432558824206361
62869325740701565431838559153349106345796603266848002953083263538922834859728
36707361959448391582036455725392185957222698150119871058712676542194470559432
85231933471314510625747763176031940628101444883300575773749630283484035008312
13276452043770520972520462871068979524639039176675081792928462580930895380767
66798080624932846219382824333342734670018887498795715431136507004341798223800
25592466378818323042875921157213316567318398618226891720341159884409601281300
24084006332180910717566753513657755759983639449603575592116837900249476024216
44935691481658965804320907912963441464001539958753664516358479558359697007701
50035114341187963006602904759078103991543707657010431259391491630912536070484
11265940497378030150931915898247014708922848329160073951710501839221801451857
84722371798579842578867672909153726476426940198582698083215775174211363262836
40756459126134221289780730811161642767961837534791017883484913906022147662757
58671522894679763216290972199741853640425341103420244628591236458768900803690
57164357880994926707048220996678983397942322065591641708073375982480357425415
68726926840658108901380516832825490839270281594868512155699347097046462743975
101602466206724137067879447906767236269802058188144661009643164285442280024535
26111339051345178550404023990301435684579848032852295340143621764280834616660
59758720405471562284261719613717475240805497234814258289810211473022435257039
84952472669614165155882467733541349356391573403443388792375432572941473783977
112996875766047137608306113931893433011311782437388139441405375956976498941424
87543988985756856778608346176204529441935074207320150196335042505407508894162
28152845814612434803667205167417325737324366201102046140705827106635311318087
102863435507666305233954798865452250408588593612315852909579928031657311711178
49808713433457685774169820895228937742105582116666935997241674787451311321874
68628557209223656852941769598855629510102157020869357048283949112250844610266
49053304260936654763313741526922019959988768606872216248604362550915125185213
69487091621022019547052854069231445003017320071835519128052082187213542798913
3800670918233822072154572461305982875971646977122458794706481492656969563350
101767878816525706124753648385702706768867101169626497464118773702392225620862
86080420922482864897418985063559954603447683194942830494754948992253740300760
10478468353571939591421130567149980419844544240776779809884658883593334198051
5251891715208095879310430490955927517199780718845679325949681865541609059216
82001446235755597044801731924579609792619046073295167441117782245291574354343
4463704257670894043217576143453984060484944821971358433834859948492367452276
44889592883044148974993788297392891675426007650276015370731024431547053108634
27938586896870687479693468397366702926884137527123793981174410739010779586974
59921776823080989131021679322969924743616293859687186435126925601118558956034
113761662797815680159877319426363154930468893095750859695821875583346077981670
90255307446303968712883189816686996267359014370727467512950584805639971848952
67805845216506824472682644743103751335923190757855600805344803759323770486205
35940931160134118628257040031145867448965545454841800801399742949786608962837
40410386417292221371326961643579608338239012967285238208661857063593617411767
71392352108556466662889050987152174454542106447008448206203353759790799179765
24509832597936401262012737330745841321671500384901521793689365309286625859304
47937498942885246505559593203753838972342099610938752557125806592438653247384
40491025489999034881377635990157552493588478027083063642255058778995288658954
9787614239292487066552092049841001042654998370322988065190020522287435485546
44270257899703355857330357233943552184075885725873763326451294078578369294908
21742968825643494001202407468169494402337104030038470135219334522471224720515
90539772845331561973657104727437231793358817090176777774173312105988226422221
90294351846452171138959145201235798664071874068904958936235263821886463331554
73714058887693885983570086452477801606426620371800221315548946259957197098040
106061458685201990823337598086532958725605732584984247234950545840915343573447
40654125933130324320118753729451715182170878484651778683364445606680893572200
62772172125506552776414220059089691998740885883595300640706566800691444501123
56914122374193473120640845474491663435883819631653519894136092863422534676364
106093209084453464070589287285935430111619352532636529413706887772633924724868
67038289482883813691117472972379513197162555789443803989687439446948542296735
114142106458105942282836631438364558829673140717502649717950666380509642231104
55683816933666767830541021569558102150252036246870050697685072810284432572923
111721620869210619410841686101090348972722298549335868748066371893272219077335
34788310626692111298634898380567247343333189917414263854064193083703136700345
99997263112453871829243206037135867194783275624067062331447336262749396897898
95623456560703492310666540352542426613175578477751312558233414425628745409812
104846994118707902450979929355133464346247323395292703504990632980536366339793
36059828735889445819357284136618242061627439829233048753685869894394858866787
58747796857620104051508985321271460087762161633396880622450639475385718736089
105302972906573243260056046018896025013294806826717875785026520979061197255408
99106448226539691097585805790629595256731249635838454612260684410532012877993
63912508900619762707014669420384078061915255819185936728567285147585745469236
103726186931975679924892452710463393247343075959628393775678391660710794620408
45349401401799561962357877102503640624598047754440489323358774592428023300749
35022432285327135256021200056560206369032318668818976129678724931353871019788
69948357233798021145727412814187508522022944449938462588866454016534665580708
110238249081709287221444513037109039373572469484582829675250867954851537356178
20978620111940750283657528134603346161978755794945329083546751607904098807641
60182960577583208702267281020004588996374229570279433805790254404526903601825
547537915042025691986731474770270063082816279051967050496300841112525739294
29428380738013358171345631843672147701649822391202701495920520052984880546952
82650301124117106787465861601474246856005779055964696167074283558361321802170
97510164342518209578563794811436929916984870724329305160875848826120108298631
52889972398528401629906779727214643711292119467729644761266260091129476128024
65460626804349723973620476025447988673118400070014774623884994278068326342226
72637329708802443800689593399037751638074594056187567992379606187002418642742
86143667363873430340098440068219232357084552060467175305053250453783013464230
2874549970312501141916408167503164904455080664329208588124292455753367509447
107514573307685592175100530365873838241906519884591718106280011370073350386443
98121848647744040134381941086329883696631404733917990496477614209840751045854
67987755344214478308040248940029953932331456845040103899766976286745317602571
6536709505092793889160148558850958073564434548266166559611672252789364912673
101244830386362785589096934369456596457273419748430309318171823206218789478779
47441381530266003047587050493722283143815218286696484585144512540572153689950
99977013769638927448153337296429272087722041313078480036801660719450333963775
8347722805376490021574144699978724937853211925747251035367057006721107333150
29913093290492440956465649256497206218154915473185014111598168180073763034029
40689242451666300540790025624614577961481688092396911627188605323481290166573
110225751095557351837331547338936955880735563179451450651742391544240132492171
59706061569900795720270658862861387425526808204638880238762724629297049546223
20872786740074730505393483076561374634131271383227245737105053056427810042527
27429856061346002509120237402862512026849033439564883897640262528428488844053
53970808069196489183087385827309281683258262177524324864877862039865353158196
23201383923765229489995189119273675961093503897140995215797158440018647164643
111860047684466493246824438515409198084391346309737556701444956504826801850427
65693156844885418094374143542021273364421459766066597665234600778249769437863
39036271268724083119875485247291517238665384424072675771298550084687003445123
106280089941931026152310384903585894077073729325791454567532720330761848139268
77616704168173436938865177115692380492428863446177464779167296727540999305627
55105144253484429493981428823518560195864603381453499580136144826449505038566
6198369552200882820163603339920751959150786939277378838521768166078697291033
32261390576537199532094438365237143098577992566807079727440060233759641962754
31432165054122629845628689744622497537515189060077637730621768919509041092662
76027887028997707275220759280570748244333991999557428558989654211091195923928
11368079205093534913853432605431048821498362212214659804140292468736380402823
53928650574506811187734359002575955380013549992296039339252512568173429609288
72170228274728797713144537036206453655950081512153942676979345082698465018492
42671041279558054762272055688396736728206670060717866417852276061421367555808
48319096562006825624309913797808744623610377575922805323856641563880183922115
48314008427079752865851236369234780558275912708808546549522019487429508079305
2533184716418966056721071560479925957127114679166228387109332164357298922620
32660757738694404243560977368345872842588059820652660288981841142477233077158
59783986549661996044899725229880257117126700314864725187969403802489534798238
114572544128497748292566732682448759131534269271201207343661591737631551808147
83702254248712854563415428304025221399333208972755267729609842369396730566870
42949803979826713746387135539471459358097405377983727424475630685889982670734
57227092152610538936598847073106076111639577204369617330822092826348525537808
81443404303442865333465188960677586799626294450010528936213256402291317459034
38063493240600533429932647159473050603024507690064767187320277165566279413422
93601732846513228596926066788230294546975386353178517103876433298588436767589
71933809358067392325067142001638124294633719498425315641510956768397433356790
7927659467927308499234816261667193253823661541554281956255072158235944419973
39187494010525230910423401384361459058059583554132151429399397955491659512577
7914333815811982689777774507275130006993551877672248223968928115969262271524
64980786416141303748617405422583292176830087792223048239816163925107223721417
52408498113083600205312234693914547356730985964823177703902624881629695831781
30282939037664372693567806242147539789496428373343003311354516399725181351629
39758187904625404131887962201065870614838427457376281376264427553101084804289
68915133793358724398549074208824380709641552712021037540075389842318704888989
66828625835223608320913307699771266141078301439733589363761314336054542235070
75483823732995573289397397147373931723441969032989693549673304020030932615236
73970579694713876435256204768636128981449150423574526853096600926613441432250
46880292912759907758140261601572378220406494736678086133392683531104224525192
36695237638104175484625643067380165277578958098734556742304157196061855193121
58128456141790775868088722975934295073726654232741535319833516384657609799445
53732797781819076448649606912170991297554754534160887789948553522371929213461
46691928718904502454455683564282997180000229129568714061922889405015679516502
109749021638193295446142238511746748283891919226561197645493883490533322686356
21173119146520046454722951919473102580504399457070825382252809040329414568652
32704933579560416734421537448237081367705905605261709360299947860985676988840
59520134258568138789918890263898769661821692561276520270275769650018770509372
4991079959097061180124400515041578099849205817468115438126768745798037794699
38211710288080649087028457644743690897086890344588034095973265022621330858331
68845664933885850640728530056050622977502798642881189694169398176700042535894
111112859644959881591267850520448416834840881026007831557881055177328012497598
18284217203842399810400794904601712604986312266993426263048925301012603683809
11901231875618385066922362031716318792807826488623664547220299616489069124077
22491059363765483685265936057372990915777785080275212305436915458884229622900
27839003475926727371035912145753708232108200648002001876916901381173904480340
114850468940614163139816929394381280339216074664638564987433474641077680183124
8365228129605036210064939319358871656721049664996382433029987793308946016696
72576317997367983983216543610187630921380001159564415033747811097015996966893
93798035612780683855382688814560515804219950245763651662997447871151194897273
54206749518618552907147630426938722667659416633983954142255463513475340193947
77757494991153182369205002103465300839762941369291335349909130544664525581020
56725695138631769921763578543158982239342754553670257967312369448259419754584
23859451850283843471736401775681903582960765191703745773318978331532957162765
68765907843890361843018286740943959685364689662872508454674773120357071335016
85035737862137085608237569904132774515921168150549262101940547929284937484024
44958983890068690782790082565699426700532887915165845411992472112319080930311
31540539913830161229312177802181224368209620940026381040534637527294052336406
21632648937435902681919171430163505978393537955755798998261591844015664186587
50913739418426415359624957342932015811422646463831636846481460970930521968997
65657192588389575857972265292578235586312368212459520549875588230989748951617
49113740949604627056789667309240875251121802251822523283677879016339033036548
51624063522474070583371551390830590928639206323201131431776229204721658068533
115217861332240952605485382483538112847266209880477097230908180971179635743343
37689875612411757479468909106999874541541230667564326783346728445634680002900
85355016878430231481675799569583950509960087171002115414022055636617548005990
91495942591611621289523500002195467971820354925766011578701263639329208365171
11467615971619779417716045281984612219478915958662247466834935608986767615802
20269191197844734991792625170466741954691375119033394597515575230871581312925
103486641850923203298199864401008806549287850196323903414956274108220321549466
91191370931611135608019918929203719180570843351987378558116995516258843889617
49639545144420504877264260442026406974077733940616631860970040579814489174493
23042558260327122386319670728194442605717798929090053511239973599376069644656
45735206048462550997952367135752480059659309320347088428043887905141054320371
17757866545850253898024030549339548877334575995688971195654733999526249650483
90046955497745489071367063130587572183275230384043023695114969330991594196179
66077586376565215146323082585247278479996470314067346624570029310713621089123
59207130694939451335270607207435387774804068276820744422000584883964274525153
51126976690133146271945751433389726552159882718346805064960654381620252365771
17158850103648578477088041442956737960304380017928760985873070597974667117405
113762512161272306991558676159369289438134279712264475404862612497813075843520
26732493934108171707337027114448323436070899571655276901944683137194860944926
13712399124072192681138706243692093006498722614847484956856916481107644655500
97102793925375327144300334202982285776740476166214753271379410774423367288158
33596650228320302341676821918819358825406969172466562398804363417326196364498
67943402631312532865431283046592770875881872861426978331453206686774600140728
84123201524175529557524595442954219690176767018436892849891653019228996491830
1783659076876375191712543419319642055330866275860984197678592660576882244530
108180269858790972157414200462707494076534729231942282109764835060181289052404
4161841534770556684364790080203512294037911814092381652761317820056905376542
53068714466511383850166835631098953729143224078981478718800616084818614444962
90425587285881998244414783263314588395046822802433450371005785333105083683004
99526504183180001664778418822347488600268849748556800120745192665393375290043
53096344236342254811239323063489452659191317238823404028490822729092619827665
24851231182829793513636707951283933507215584994501370663701926453270080873099
53919731829496305462812003274309969512062697161104350316204721506514524282802
6895629643912384803961692846756040628328241352795952122709100694645628627313
110435211123307079382569822887621267153326656782706420432407908481401761426685
9766761451304122201312627803911895413506456776313237205056700272746559056155
87865578075759424942418083206187604837309818238921933667333129277203575950573
31294373909472069107050870794014165907440291259043604579180664891268956579736
113027531524471837711637936579916545217222720080764062776061587288111035966032
110385032536448059067940429140319248804282782462245397408319446176525213400318
77211690262149899648994792561542419561008204992612310360153715922648680740793
74599161986630744671672297182254829824199048004729131722173297834375250143419
28031418610375974725186833961253432176545058280902512251861335667406516617649
49813107622500727139205359657077456480867551729185798222169930128802983888895
59862319525185996990560706358925162772327522138504878906988314363781643784881
53917899998591649034627514678423317420398327553679646006660996119909401057096
54628002815922917993365830539084632432979973189873759399579013057952778408949
36943428512065685974592695011682344966238909435107211680332298842727987881382
45972452917152389412730446983858213633993847649890081575460359969529053371514
79906421299987134529376431392007923011170531492991725570725651431894527430253
82969566793184455626620810759776316502313342906470365405652037910929827361181
41732260250211695311275587279966007212064632756555922189024833393993121336827
54596047302504134886599760030954187464520096722197078438099751335233511143473
46907956526960525303463230454089335020703430391951658914460444075667316341788
58803298047104903033733078180620317301261745618328287273092630517409077600781
14118269429363068089950897571372746085575237289028383187433868766418335675970
45361527476980521422167218120817141639490573448334454469530458794710714645401
110794328398162305913643797525584515195909369833590995418002835569422295715745
29811216358719857676046500990468169432176142495276957301943121470215884374738
106821814018583605404677259747919520877025789938769224396055746170139090091418
85039598038648521076683269957894701424880982171655397171094345753718428344125
57010801650870677947287024867701023972337110992391330598861782690409217066902
70691006379755869913759330074677598009005895682148302421901352527008243633344
52580878623700816255114151765650151691370299380159172519337200695550130155844
53443070557351929363702877781265566500496226796343363526602549122755541108292
22749999201108967162528117716586456500345527258090951958861600620288705590120
113134454792705399333753334268912546893602258731193598500028402161666081909645
107832790304772024469907921782704445050618302873026465010269463998162960036110
25926161292174788542317475748694802478106426239900006948104418845804301314225
114149288521276516080247401904066151793833652926512007861491410725681641005518
56792148329260087535397170360475361711760927873666854934181214458559359418116
43594222124465331175839428064950995410280747106087123082178931750673361761771
106690969880946340206060086127051109054809813670883071964779587938728744231804
44856026876349150417184025870423013589009624496031676125142353161783599169205
114315855569279052669579434457131629241490101661138443521310081887976419465754
34058879577793368524807778324619901015886709136298370860022326374227969550599
25069429774169070854405414122158637005425253755975548170746805399351008372118
1098199187394976906956395923576569216994527750399355498884720190401444126661
106229026819101343530782005337395047501717464156306065556655909739994383484830
95272891251108601458162253111839048842743035187445080658913998039017079790972
13510202009550060631119945245855801651427155399817340475297015984385907019081
15582375987402677430394466959567431750041601858991610838132792568292901436980
105467872375679389330150388651939781303862407917248545064980708533827730648437
8800390102485485581577384350992765758393049381605833662442018973362648763301
47499506279805971774422176575941237076321274718142835723563719315632083086149
77128124389208211187985820090532953340652447713114898302614693294342200680516
70092353195429388536696256757515889322487808366798030612837274582477327448990
86932510090207894792002334072292602059155059535031143676253250309863476390246
89756956530957183124168869308339702487271071848577442630638336472650711190066
92606318972975921523009456349280129740295864770772491161948445877308686304942
15009908590742041861531003431532594748772672835197914578284533430755226532107
71955356623235683222972535905908595949512148747199939672284743605915476324767
88108054047852515589301167266815028783446236103144321187254939510431001770100
65463266841794535109694275701956700381368541476579850966864823491900362097020
83090259096784065714630606379129093091821021190812609595451360164297426300541
81931085519308924338292736837488007204247430853626007245417826572353020811876
72180143594622412261106970064768848550951301003870374305149199019197182581751
93006219147944680213034285752887771315864000718198285312845766921978781955672
96742132397519773341886806946908507241800004621373648947517350797486533508324
39529486000590553366863106190987445689137162041684548084847176665343326540996
107020727869150932542101729021462640556154878101806619218601971453645485414965
33227114152833008576793169622447151675952406219153797321279871751767364626987
102339512477404203100133473707641835673884521892478186412039078706984284402120
90440074407200361262409290381275405646387617822679365797231743269311940565182
6432179652371049333206300847963487892820872082849846258677833195504773266601
67944381734478282607066867048047061299144911771044199154823213113491016513900
44165929045142711240676433264991300854162732075139249062652238922427173154915
20589039347792423741620235781017821167347378234549888560280414730738153250338
61470193950745041316644659658469886733931634052354057130113379108253674192742
19808023126178406482904257011199440397599050739352063980184166601245156252602
56048430393937889873813827035780133370012011558195706881862199886093159964087
102370147638612856313313611688154783879832077905099383379152335633717237119971
82196046573806296869372519293456102115363972747876914538705133709621529716789
79431841593728987631011556758365888585399120343920994133022894002022717114366
50699314670082153436588976349172524841736983681152596584741116163094200644133
9390791509608559938449032368521834338976900798247515239940919745613072632128
46516947066512942271649013691297645437688810179538605211473663842869597187832
75343293173003507969842496090114059224422246953490684152435542747382904244692
76759221159942961670653653152498474165844706625499328186959541066692254297301
112394954729194161646147778561617071157868225511725921086991848491053950325974
111666619207104053245346157732431052986574322786669264515101271901063324071102
44779443997071580899291873341560931549325744960234760478931451474047546582151
98662269195492912640145963532025561118779035692847443307128863110213744790872
43623676569004767194836655780808159580481054861254311636412092432233098388439
65266101729050225391505161433367675886082820668468163565292190252923641314567
42688267527093934740950651549755537064210517186979439329481198850963517854935
84842161396400419127173942580835413365042085634902331398838888284468805080201
70972238338094037537160886646759579120765851641287375332872203655747085067751
29483980412464025504026138465727016929560304632289674202302342559954873093130
84327034043560362374849778870136647100662446132880913473544277220124871887307
69905949987837811756931206073821939029304069184267872461850633888556182743876
3207331175924585005973464357288515896751427110355253321301952939003446916485
38749246934145504093331035730286964817305271604248983773802307150436785017598
94571736265662950676154603879730796419306688105117039783855797388578611927529
3997810076675206914393365256102351788999291628209032373464384193745809840255
63995850886340102111983477289749140583523873710050439335064009713299055893441
38498317520478534888820609741839711812053281454870131800848888734585902128670
114233002371383510317657711028098738644395592019685381988115120535514015898820
1877049333213364058744411116361972728843758458743561870606764454043030991873
49507203159139078371767954389172445982496324962314068921184598314950177556449
57470571677559428455848555812852051245863085946418387105236424133975124207245
95107318303313179311173882730791609419429589759658115392522942386597158254135
57432756359580745590560734009284300184588667087987043703948739264760560898174
54948946351764605928867030546394683586309777027092913791394136942587256356304
19478169425270566572172626529726368892934299743886843873090101798086214504782
42376268158830331454853369577269475307263136154633519920619791058743682056390
89732929528247786347160085951669656923756914139586782946684669577157232288594
612531576037951273497957595665293117397679724780660999812107570038237239450
27250480388943585636673206759166140215072777682779107278290767857656804121960
1307125168241818463714001394369520972619826182156594441710601930484539987206
5631073606160034556709876969341883685081158385729489632885025987736692731289
55457812139439404907780474165196801010947926862939643793229878512598321308537
109017562448339931386342469911066235949158700257893440797055443674683209491124
44144416398197288083014742111661726204330248353601003248625195413216723911346
41649116194543681748923336370713184164979378185978021815569155164065298279882
112420339646776806740824373304424467191752645574936520083236456334192623210363
50215322305923469182002361585392551997532674549562398389102051231114810843294
104369962272738974756176083969237787949162344922320596846254844159923804858487
59947855555246773966998974898971725854757596815365895605282585680619158772702
71170553255774498426371206386205212645592064712691663816289886044440439056371
17110509317768617934130355406286296196506638092367080316980174525423996304523
50573797994593569450117461847217312215481865447594716913454438778265361200051
80270776389460865856481345069456548851957270330624328622895623494766583214972
106501667920273705868794976515109768966586963831795638982839050184619074767981
104386749604229424386110650294383886804457043179704360873785094609592774458678
80295153876172681253602955731013132650431265757607123657060827574316342087855
113161922004486173452819020186779005568439420628330689267099602368485405296719
51138482211364675067497239714582700946904244564013923285915364352785900219330
109510535710116945157709039431593410718884978551430066042364027607478021567522
66841925757807279965822480582080636082885164249905643561127413123077972827399
12831753020373263411204006117931926637262272813442874995685175285497729711495
72520111653826747769502032507180106285700630715462429467652996686566307061372
26474902603368680112844271432785314826729423562665376295641166882628989207807
2402035377292701631122860793145334909676819768779176730612336004580218314352
56387194217231086229129914566879878881971783073058289146647731182936089380447
25005720067468921568691208633870469874781253001949452669086253601383095607421
115123569884146603423871073975230904799614970802799776332480870231834561195240
29851493473249655366593828946096309044099330662623327410111014354443292363049
81648609897188296076507288128486492855076621390685748713252877987897235635738
89204170116637957723708445790065944401483826453030374086233845984733523866338
37826113121366773144318878092949345343475090817822086526296853275273440149719
23178873353277860325363061435328838586810133538537434208123155654607368056856
67795395465499436736746285827592961761260827713329700581628036119371927679302
1084711310264970339142621898155242622986940935154599970871018475222087640691
11295394784270318691415896326229147061955634150080670584223367628282682894547
48097512571507547788711132507221373623621683386832238060732339899579996041257
47685986334404491801030421627346316269195297558356316153087204002048260802286
107585729841323282323446728229850338519165261603927244465753658002896138043798
41341848777151697531213361126227274381657219556980978869885636842637253067694
8784106526268316649238085206863226057534996232615789072301146138714626438924
38250070125877263941693054351221234397266584247545283510858416324660985119239
78918573931241847109650445204619182372581461403882189908322360125140432129111
46896000569043468770294412384613428007052360295148540509277964096262538358695
32109997265810111243699210026846723213897172002531935939217238625949759638149
58852094278750208319266627547514886664536121975378746099490242745144671006679
59982938317842702524558842789489314098458937524339068081527918022607051491415
49205937708741360656622152762050808592529282505634155510137811574984395938867
77361520180779398373248751270043887825370798063617838429041347570808408460195
79388133991331705470621114491622120691469946175758816390335334298747121470212
93756214623053492891836799030231203013489779949400295007276209305439866283199
20015530177929439809101102820308002149800236971175373458408128032556291430270
77193280857840992800846595511051494829309713430115873522209602334196430825229
77419876105875865881042695839819389898189261894178386922245802295814347647448
44873160713113899435437100830981188404268702095841154497220512633016207601317
83360085309166792960083895194901817066470970451919735123131624886890321595579
91099203359259422182017964673426726619023848239784606048566646589723256722228
55966727073281997290552020163664078855247875811099168901806134231514310456535
44003200806614426937234453975884299050639120495953510786776949766602503412562
99386365006632669751092340358965033111528893190311000636480773634102181094006
9580565311745731827170761600001667639561008724204493761586646397054461009058
37028970095319751101378978916371721494619175410203841235583385344806207819065
44058779422452891444681557741565792446337419614694567628793038394076047878823
86443133763649496048762469144707212188750702451040282445215765485354512334923
29029364811261343047722246533786353336281049681971909717395777986064676737466
73448768314966968432890161721978808239386266706289134027461295751290274749345
51317560951969840727999592494979963262013579517204830488691105150790069734818
101959197262866127702105633122600842454957253058498593598485200994177453182720
37123757691850321878116708483192531878558869678863675197901973036778152902889
11709077840961824816940554410469215502305450866712562868763153415648120055421
44114956968877034712363834065453202545264951527360812639967692074580394024668
30370380624895903230247173508602407270600589022395879007350505126707254209070
12963147463726663317529841854139940870646488950883291624147612908958583166942
112963905048970426223523513131091754117372154391150565106877945789234269497188
87141279562678723474745796037460845463320281525847863998361551193348925537286
1658752491233022270694415366178028617594346153359642938672078147829481131725
90789597552334662069314014931845274211042676601083409923217991207698724297421
21078456555540718203961332295782591147388943267025394546162872852175358074528
95634985934857846257419990168916996636052158889217165827566894450127104924742
11817819177618791360525627970221512406769050863339373386656920486465935458278
43909374598116624541714301689250216532384320239909165108007144773604287324905
13692779299349975804768436175469459744855864893811837711657506350126215826471
17150212359395540366091364741488407752872164727042987454383855998960618818667
93263021579328179306389926715781705630782452104700172347778800115909035975969
22294154366178191075349233222550866298789354359260972265461000774589340806469
21819371085127971102688054128694020902299289244215181275958947067631945661386
73105921717770131233776635008385640234048578293278558861886660512021981741387
2129495171738958152875455112714029539023865421918025532373680642411087092426
78588638523788659364881586274491309475146902638404523476488939466915502232297
109568844828801796929768028076203562820579688537461699197360607438370808328
72950943957101921524446846712035592045354109551660673847943918302164545211112
5361363763538590403516784057493511766777721461455845904793866106458198455980
50854071000459056031931981460961240486852160504908222073910750868590088619790
112280027178590767615652027274773805892392837546962430475888931543591922081376
87539613932113849264969154325919862561751890592339782404140578198334059623700
79922084926197041961115196406277771773450129232156276703738097696154615037265
49964941251095483552435029169599579332218755977827771866909057231272602091540
35784631222634655226971396439554649430229855697717207228700365706331336285372
46390524365123806360449943483823332728283516232736961254106252399226538248712
10518769978217155626196913962666429804495818726837984243989005130503781981036
7708064210286197679119996700607179827996571068287183041304097618743613474161
41869618071086986132412150838697785546324706618509058304944500763057236704105
27137549059404934458034689354494929576642273477585013988067278556176368084966
7598963642664517078521775129191103473702814566518810050632888198523853450454
93107488613224168707007468360816835683180610948527818384287581232410711628457
20018380155465677355570832152697466602570758863675287969060147154098753295081
56703644015986727610846359487649738276854546122372873070926316704282993155788
5633497125101214266321896644392941977854703502028683971850478259848645504430
30537665817978289125787565510270882602630957177122261948302379405206036002661
27484855943269286402385307049419883721703395341687802946842644757634356882887
30324811059621912052987779914237361972620153130888301639768463900442226350094
105687730651372153194022248726476479121521288178832649540342529796056770347218
22708869465024601947033704292882619836737235777136184117208169951047013331525
40940818051371891297661224219633588452344303071995939834108496308226897003536
113650456706105033139879258049058046913215446846459162386224325682907690228653
40151618659101904019189115369206794783334293950594573073065904125750422510495
109749983856805797983877901306678956760105623173668261067223971294754824706693
32010938516934430834585774425296219089832622722992700397199158196722900740964
49025942947774188900314276089283444365812028144375121856401101664233144344325
56207520435697595287159296131425430023340056864396784385695327499961593876052
103192596224466106297954480428691338937998449268843531719402902480534564265299
62453757240047773864181213638110909313834484339391530741987904019352058207266
36975102094564031126285475151695218175564509832594569041313760655329219080239
26826349415572467297109988713079673993599557264841069069452752751754933401185
35509073398554053662509759807741258084255969899761260084690286638077265563491
28549504188593617351089004314039209482212900132646575842484825086827745961714
107191930271682315535929333002322681102390735165173783658699947871187490216218
107285078172823410333984350182467272170114441091188945256805973618538842789556
68270252388666025807437410235064625645101102087143403960320069315685091847200
47164437360015041010552571376171765746677908529827781215984006952737374176618
96906082052838007334877021781206061455571941736842786975391015793084105414241
4797236749721022008525352041534428727009897242029370644988861742865107639907
31451409656765435765793484461500739616327580553876572787911964385050874895135
63306328883578912516547963720880314351274307038097744313713907224501292990118
99863068836745401480767647170847295223689289345099104172223785302709230123589
73291807340504183524533829126773602085416716561661367240888735047084871664573
51401345365823387785229926226028769130353083145434631806576738754128967538614
87541762186748705028099044900470794732014853441485838413570558493762666578951
40287660413679540021450319920334073279171358138939102618807400306881915587980
21815240350057023586456001493997192754145365820556182669593327027785125710124
55379170035587102521866862767195761020830893397275265146971996324111502927189
26581443092673367321712751782963218501618218896208482188140569782323979479951
12669206467123473973425403811971625797222951795265885490260696901251146130353
96291121294710423795389233650895579468147465946993157723978842356905424597454
13224737326867609183350757123173508129883144509113354609848448965016742565319
101172395892395123638646928146991743451641762342192317895636691990814826409439
96436094779509014586570188637338999790148064258303403075849999884729118464645
63181781933164790579234675357249181996512465619290637581206773634320934187467
50826041882219454228400735360225162940590407103790170434870051696266467154543
21620091000214066327781497023992223750726166306159825254191978896105891486701
67248165907930277028663804089845083037189423946045276885090471886465762878979
54231800841669616703466087712771492757328036170531377932273425041034718370826
14601014138103906230496920219890349592846281376271713410145032582583522688523
74493865331169663101649959845639573291558854366262168053130057909206209376334
85195837267136689201982713925911835276633265649581822754288318262837046779036
105638484892111570140811314573012122013066813039714552855989479510793794580446
38818529726744496891986743694961614813524753804804691571685084862367875791156
31196231594633641502734359594011754411594635060122337892554611438012902221714
39883930890343157567839251377598254409287001408280541809812896527078708815368
43534525113152800001831373962463875220314554122816321897594545229724243553873
110928860393201002743911011644497188468016729923575421305286397008912141760191
54617479435729102912745819900031197865097965292538979098797205139741990343869
39671292341072982958397554162108257497470406830377054324152667032762896469195
79473814066785588387264023577191947699684558390639248445715152606565987569610
70174203799414937597595021044854888379124676558766696845422125821364867925684
105590908550768587269141229431702880405035875976810372753460165684619225345813
98344363128743636383163459463490267434315308871274493475286257478026804658200
59879811022021647003964364273895107384782803887534008910764307657761585378658
22761546398100125205218398640414197045663256462789989288750810799588608731982
32568413570750342369873744107602773738377099354513941275498846059715020337646
17646532780646008725910935765784857636893105578954971940880235343995791035349
4280920448348150303940221343020691544964351706252263762167026816560146544865
51263817526016458487569609478880212834531501296321141060021771827776147418001
48538233439466896948490083954493852771390174802705227826419456406149581733290
72039685233529879039849387292309448699179040252135175465648080516383673216459
1648908633613467101370344049038734126267226583479634900647557548766485111717
99645375568094325088491656140261404201936760058044505297524871361350447491017
27872122530329970552203500559911154382343622085479810798648772939907723237239
37854364604567619763176813877695149356740822077211095015150319002064787543182
55688760141157390386481246706200687060435552538012676568496615708821485900191
103542354909791889417072403649411665462478522022893435737914381705088229031835
1548073525454437316768908910488238464753648748834010651375563370537447072140
102617091462364934493399135654341266873008620353191075866434486440519300522163
17224921832224439349089449062664952726086658951607885512947237720258838483846
61028879757343370219054042884363713728647743951511549947283341169798878526236
59658086609331917228097787800250841099481451337171245309078475949026273447564
44565641389918440675451572813524529476154262506574290065602349287920226925071
106256547263874367480137192372946907098718107333313241168777228649992824045927
99223131031467167547780911451680683264189967664265193207641848526467551908948
68253554998806633759081316021689251835459825047203122214912987500762392160632
33857537843074277909146273997298727593897279853496837481118348353633360466028
16188636660083546198478009998962931249583822695442321790015183414527936437291
25407126497602097405788232946069675950316865716219198573555431952696113156619
89713742139533858052130285788913636469190280683357148123550486961296038047633
98431847552759316617737953170458022622054805334901079444603923430611646108298
20048067438084463050435379699859344823096517783310545999976967083035402634039
5138744549295300790205519679335054299994561164327959144979418740251388571167
36436540422839824619262932242734057388816118823800112192517098730059826497114
5078542821502013979522428174581183897645637120614057021237006241274298839650
82481242431147576126977189806659335115654806132460291300231525098452574802949
70093224577013484591449222061650449794837442909990576934613011014404221033947
109984623754470751869425285359347856169096457649615654361005533873265624209109
101406930040477212907684617599765281180824586790351971913238161472396489314928
26890950970068028370978770589163373668060798397484785456031052655816092083245
15062672832707101552142810792553128467083800424560542919063396037950542051607
11086483646652193252397805931779652067903263011169000635366605551552063042250
84062728590644647122942769698466191107657583496939644301815476536250678327099
75303667831310941328879486182655923343283336243179452561833470862221120883924
75299210387710136346854767621768140430060748268451693495071597533114428191135
105748626924998104781091607019956908305146009715114830100627714244760998000994
20271164736819890074848608446823090208563991631230099028586435808368151943257
13298677809023557172392153256089646474353881414126848505866722986004987415041
532077435412387438784169815021263780722990442568320376557214480572254430108
68537743647522242699489699541707710902548972690952493703306949486593195520557
22571811370225656502642562149981981245049193091384268558311772833174697804059
31581894290995143418208466619443258830896785671553537431059887096254660252062
42401220528036783400198328999795383910141422982420271997576457372278176474823
44936049601126331515208495995337353333197972608045738505406449658599383303394
98586849841669613981046152748472076551200864725278192280595229017215094249405
77554343155100518034219979035158011110677477104655040680098930814684943062689
64541596328702120300455148364324940177696919679180596265443504527449881756175
40253105668208410007472357056940901023666629378736473541068871302340684078163
68304641121910238329503748092280225151110808483740987537693221162418259300803
99318905147308088552083623327074667775319018261524684450011487807681277753148
52634950649011481450710690591620179144371260793063482948392975268489187093012
25220018956484612551031466541313522497410130720960987687908395780766709749046
30294323010482583228163183010644855343848532735438401352180139209936155100031
18224664312318243698880400172423751579155052526921607631547668075758520260756
96491714145004257010080531214074511504061767117133283766847390550815352917018
70151433034799268421101828836403848461509482879728430144409498278483389990591
21277457130689996462825288401884841989870125472484920800025728127771341626712
32751656236585742951324504313546873588585215264229111111600570494128828339161
32722664552500962507821927000634768161123270123496827965827664337679069032873
67444335892788156809009494832502791623465158563580191221765844392795713482364
77848111895581288592398842654268797065540685208384113463437498733189709663172
71671412984429608670889199540276095870035175932019923266307215766402302747914
39375622659101328933814378424016666105544017339443158122584747781140866813999
57006662763477606898959896550571161641220556166526333408666108583220203279198
9992573907347911424627371710435545046255487529213951403043052686313276557735
20534343327189437131690929478563653832649261242156706678409790324389188181132
28479928458004323174726389186904081168409142015923291359310291817106919531583
91048261023955414516205492832987798766441732322830310218418951085139605268376
35517119532767563489513893058838123922383161195955435698972549224696747164381
99921506003368450706735967535461610477024658377053513311765263884008561246882
3483750533936541438166005036506782013034331570277277461353242546540005181903
65529046737661458561876372505200172531863937999300826428878234850384694816666
44594456312480496176363126411914986304424596508925203534657748103159652115460
1011796871492747425036211214690522654001367041473105779039655513869469197930
70585007400267127678556762049875789284046118590247000342105470768149245063765
70533420268633408616217145884567423752327043314734971095320330184929325001298
10515411258533179167434896213588846010165953285879694909076828147752674244991
30712855120475708962357397500366334117974708852413752586086318961726788393748
72556748370064533200574762957691686104957347151565163130590887997104125816030
114747080593391370853447445081691307768268394077633498005980608958341926074350
92740633009305364638278545441939360451995938056593842968674671056047694185189
19264564239975387788184134768296604870423583888132964194087713639375366978620
71418801550291937523423773741150384779859452389707083062825065553844514941975
