43604021043289923180893864616850197258777422940921565920869902610229449580557
17449336813197204226487418368095614551551453553288447264955948146547346051699
21387246720375750577543316823624728034341193500316174983641159792350690431427
66179732258098758582249926330773485908513216932797293690414534894749025874618
8195001057652448084060354037110999363667131313685576867557390465015609616190
828765980665520535541103805860529566069261648469307251788943686930042958605
72445759808441183424790036377643811538572304874676848191749441204339728266092
62381437729701323226274645760254957134549376690839941949705335712950532307641
17727993164945992678268336317455381783362438669773130532550200909577253328030
15757135246887757390666224514285677072888398589012066495889991558847448358234
26561075190725838798481066646444542935719089667321112301098893260251481285661
12337505391083611949622353991919691170205440766000372472696145923694798326891
102304425350233163712628136317436566019267726267011715185359968186054669815811
45134343551443256516138234979621419892708754437304985352406212835657515480574
9496401358237777208006724131002906891204874842391947225897260144746072296376
9284280518426873824188116963540659696408218117645527404671845251532851788238
83407869825523079794793532601102146222404718121960210191487351655815254137085
43649929604051798025791083996185069642959011055363546685887854317376957893668
6528831814358994953978083592506090698031074572278907345281982976247027210724
56065982232039403020177316348943376616948851323442570405304774286663773959716
84371423435365079723941310282862505553716882755444819090701117161695668795440
7592495338702264347785095541702051899887462746108153854260015172264846114325
110146140797940458577299140489218877574223924739308498425292461137560687038815
72571272184752286873417382732390875221018830025315420850325139241560687592487
48834535836471534913807243571758927105110788998150831736686814759839522056718
111515996267989274768644487802713596229152005494481101285815737386971267277952
110112414865697643291378032800158454211141759722062454816554767927275155716284
110559025664895890374430108173567097066135802365291079977924228385809169869647
93696112636655936422180002252921067551761956408330518020077428312362627927357
43622086133961392811587828238431833961600732048698768724739759750869557961960
69076718757329745969744121193119772377120976485961169061016644077977910895101
76505163708025766121648442270427820095545415492447986541879879477834569923945
3705027718338134214461023502721240609135608297630443186474395432403391801230
86682961030567341992678484054072958362671422951972277130762605476957116671336
57461902692614885508076630085453707529256204457117209938238272523117545427506
53466125348577226959724141776619143007144970965624354325306471054150655570986
13210568093483343897728874714187714275127231568555102035720334707450052686299
4877643202363687195214469854226776263257339150280289407452174286481633643112
6741857919364230490135436894963747055932492855965922279573720583926781303875
10323732170690945545406232394305324953910934089369601799909735848492624430383
58769287016354843864861025766263368475189588384324222260457693556849326519801
51808341648826262652463407316340870200412930794786833301711917424586263990177
35897799904205231256360742610928743902716053691806313014981957794851705469853
12513645224429220832186577464507423637375595757235872720548108774160263518284
68949169709319668224674621417041758903860178942190913308404801016849960255900
87447620891194494696837070465327840937403655738967721572201204800829577793431
103113173181319268782399515414028839391134453088652550507843375958369382045243
109565064813181153481922469054576617969620687481326884154731170862397414721067
56104642001228944931594547434650332856635463473846812026690963887958510355419
76841095521456047816172321954757877843958626158245477656189393652643946453543
60730881666384700105951895009132209385300239302022069611360327453721088936396
103631667539010860935827521188641111970274857684681287186256829655351817318749
108496086237705224687452209159089518706035976170459428030510714612834630295204
112319869834936127655152093936084426386050765916068551489323542800476070922549
45762570941686355656718160793785786651133911257034034855555172154952683290490
63851625749097768924298231735671776126751889572331493809522751740020504794509
68611220299511510253077545159212103482218654745116460734707651196359423501310
40873653501961472259027841599822126751155841894304473652191038849552210797420
4018262841199847790042815682397711306939723104430514830315781803970395191655
82887969801717823902031364012110632672108448495843247893320885153587341410107
81074174360360088084834515760146442585243687767471467634660427040721421068475
81648774989954416839996821071359848470104140959547948897689649138515124679944
21045074929513758043774169936046261680832374695146664843435320173144310298844
107090586921477317599355130882015953722270137669372362034067762609133821644166
107839706035199930612950655071312488612804150894618718716901977883759457207969
96851464282920228394719674249717511089817081492931735847081748221484577200263
77927682693479526494121344472318170354847468443092443073286491402250944201312
30388488978921337544879261415790323532956219238404515213712757609065956622166
39759793324163181298916960057024780438725976577949591814458441127616340034368
24074303195333684209481296751320787811844335456422485183821008882671265094831
67495905002476255513136355152226377488383439270675929837125431038589254166570
71193606843930033659776195248045561413363046247332410147393915522644313437174
74383837975745855716586929767445474180093525149967383853579426969762265400363
84216006133343902782351693260582916388846734860541915059394126046577652081957
91019249715601790903596593406359382798499495698800364676865843022664961779200
63492107463776656246971653526665826996934066835711628015346790522453407747011
44223185960912793627030093582113924139175091674785381687966187451043745506469
84058234810022037394553849293573888997009543102377646362236628930639302908110
47074237192916866288624559941530368786663043810464863241743698273244481053649
41946809782018196109476408593419431073307897114331775864655453591630786880420
20135393125758707747610182934135791651842209881681435642198957597492451833253
75881405830666632494723479754159069163068276919298551625862169946739396893526
73768810660802003521526646135570479640227124067450580962994371347686692344852
8445553769076149246010035379608962098090844127862539341219611893300365907482
92241657338087275211234761366236585230390513225437050212647880195562535864356
86865528937801944189506501937066679203432435878660039424231192133160484431974
28974638722610182905704722249722502596938204123412016790306427884798992991184
23082120989429897691639276711646358953943479903923597996341772874703657549715
103008591771271370287789833149844949178909888865778106328662097332545379567458
76482181595749965701364716638011607102746217791386667400724647994025202387111
64317770099711355943531050082026210307109128891421399129435125238111007181574
88329501907143535111314858606849833253547754489376808047520839718052403548550
96638746681369105629252106822051837512948786271143426972178371539370385686077
33644196973695778797684251685808735695709406665156552106770551421119857157051
89573267106163282452247312772456107684542689900278421885077157131451447543323
88339115448173412676867760124576762068493127855791613522366235605318413140543
106032102246603389481034215417054351235644720517980735238790178621934662287880
81722397018229410580323801278305029050693617136215468348937185435547813244929
43488589941387405687491174996931100712437920862089795258540176240066907327171
93231956504846882512978465771144509464693163890749449335434901141485861881498
83422131805526675736808357850523976909652635876270098426718904724372410535291
8028204327624730250175163709635142381641508779001018766882136467718148525716
74683584108490795894638623097185620677189574602293852885364597607050885398406
44529712746864036723373388120257707647977119453248686455500667868110233908829
50350742799652206062895732575946938296932899374032694685019936086046925384363
51290585420543870786139504184894300163348023562849558414438944773098028138470
114268341392315287335036714679662951492176921111895916426336375407657675624048
18255344255251782006932404824662437115499564460313844864048798156607313861697
100067628221758808032430355359120914405346274051045317001800472720799846871844
108176384928339935600154060766074689854382359682562510762409730097175911694131
349801398914614453043853310262999313952279774307572495654346304531308796736
111789537764156321149038794069069289939149281747218232994498398535151969615788
38492767742648285464343602771849214839776201974986776327057520449733668181895
30037306180907638265956209301258078348019467278670381681898968378319073518828
87564020731126244513957411725229468488507686321238964398573318228344182575117
99822438698210782552705648315472858880020368959476068938082949556518034521346
53583620876692026448814626145428735900360367613480917000843253689466910984618
31528321422815179254874265206168266408037383833008706705401260694382366849869
82173490765051716709550277034946101007291027707660249668809021371742514682514
113535172076940492802363738534423648077104150633250896583520968450588023451543
26715886061229666572653222625590541764469523866681081409309116999898411178143
91024421908619894186151005156757317423024699155224447141179545644875092762910
78657418762830704099375550330498822735647213574831290634720016559746146619832
112848945922682239316466273290588169553102304867347615599700097480314109682898
10926857669591907665302349368974134701233279144602738169251397313164355779738
105494839730901539146270131925121734046081437057449714087919275280432393127017
16697835294036021183157125561475499479630113042083556748504647265853272128443
19496166751709147988800735551290605350781979461141039630374408270879578370794
60214145755104912163501835290741515587939712957636024959090635415159537156879
55080658346999275357826466679785701523764666609161121717713874197700839650388
69869827650604178165796632372358371206143803028666822283984097111601226316629
27714863729079685528217005511016639702003988803246857270506759265263179939272
5281446868604472724276470109344505588983756193158377787550273815855185042294
74885784571041961511449573545378411073879396426228068215983464996087401616715
44865644042093015378208078888603654257751702316648970384355781543308414999126
36142975443515576804231867657031759406337304332999816554938886874868517862408
22895061232917170380107989535981279725743915631882269608784870244392576098868
86337047764901876212222538951863187499836764295828018018090182710439322820615
336398189312327549645846509611876436545012131042978575740067936551418677595
92597468918155648538833867648033297872380097902289631332487829312280071908051
33482736283352567783722477130937060123645541408862670184944350256601031838990
23782051679596477933018508689928644542186018746163326168980910407623027194527
49043389261642472986275961325807915262398312532771045979769516910734753087986
36058607583109319748695436066562603557880947029747804560677046486939823587488
62547711039591581388961459981960084600471589905043290045286961911957985241786
107099674087072233197404928889697298863068813841792216004124825471801740077183
51151851069732213583405699120645489216691712914631973587694818415167981047945
84538513413838974612577079785933501600285681832314213613222969492411942596974
25233912503341026163043721811930918957376359814456431315606033873387655658115
69334473874559717370960871397887487397918313886962572256985218932599250343618
76667653714620298505157065432834923345251054503725311024853484176070114275452
27365873589316403191588216562132661890206874509465765213974147427357526322756
88466937165393489841360140709321232678312637441880189142196467472014010890229
108754689874144395206403565001602637144611121726901602547576616556829504172149
75137266876123409061017404247009510545614343097511627953738630899747504758260
83630649131509863110391624608349409573671532185355695830124804568576592735111
73399940147760328182649367024097606696247050019331640740623129457055700971935
76402376399515654997267014091095896696016320277664083954752336636910387144396
93781735003442615162582021897263349039816502340695689414544055626187917550101
46392072454084216759969360771063410128877738648833431570382290433735755531787
15571918673130902214412392796369859041662224901047473657057453040804740411450
8169545246421288487377080738301107058599181987323110758685021409469347098433
40538135850905387690892698156471118122551562788320190580848917932183097080267
49447883627563105413602669490417102034776857864922475386486084374697329981288
6494117282239587565969726738034180649311170229703830326121034287641764040310
4304816404992233674671779417900047223298157571904927519284464775023179820041
42778837584836970663177244125718165843477407443979498201850169068038366291045
14500562319236448570175285138251965482949999106019937584746261106266500582028
40922243827747351640868739068893534478050975896774305799790707914489835081758
33045926012066045483872547248897022282149269171284639345738148022413519831935
111348665383905112352264546170321428546479906856380278303401834896514099011838
81170223779449272710767427751488489939848514186664540051309251112873176745884
103918708700736036314602030929137497072579287730877905571176962117672513117169
73274647821111267300460254631427703346962140183558121960108342195594724079362
10613219532699374426878618781638521853033312173757382151191108311898023165734
46563038983014514157443824224694792139370870328639869554917498498203231962794
22572128392193584349655220800408276357004300750300098142912424009509176903518
7386699940614437389474563545673774418308902812713211743777828514728361500887
20010255642749636067141145255890145594175505626843672393161949538049808294847
47411882521995664771043637243185723951076324530631497919968747222667352506524
34513599985486590429717896772873986140465781139363892049466016719558805511992
25703647124369646315776466601273616292496350891751135236718074389739000875666
82410951879055874154608595740096729019853620814667989729649071962952795603871
69223001592658042751098108750613012918097412222436621286646455484321734651851
983589583278927708456856926361148548069344623439237963098140303970365143462
14380750115418981574544700791301059096925438681842752137190620453656641669716
20987493404088680658512032898129985997368054806023199091363707875710319527182
75179175714672532606748455335872114781066647375007966136923006733430172660752
111293934666245517161667083686114877096250361500837572314359031543915662718177
32361747852060419292589522520400108308044628037773419773094283574725330775462
47870582026579304352024747543353244285378502266730556744377679131432734271458
14216366547922613716471721212258038813893252756481692713259268207325882952303
110758697403719841966048968419937619230666539813173590169394268950190680767408
7994737679885888838477057710270717796845920998054636228545933731331956491029
90073791526514768138526865082585367215899943093427629810861214420892546585742
14789750032099832994654786200341810963424187702862066669995559937830893943868
4136926126452964918865179893390289562345163740547481080457612941597638932743
59288686243444129969171867615759233102918224283066165989141125553144467898897
21992615696300252785527930023459957101513915801727979093004305973638651171773
34278805020761649031431106808552381901929376762588661384287656748393082458423
7636348636546060814232011262613757466419194619597707633691617795324650997560
59637788817148351837092407090650090926447773400515870344327834903060553418175
62766511683811406300247572863133429972298666960910597936022174855329723592466
64183606466589621413469189088418138840465693261379447473162925088197599241751
60336378763278195393132872873397578015349205293379274341201390636988939641030
10128129595955860528835325175435964281886293506658657526338276825140433329534
25210111091777773870747398728452869238520226270811857335810252561728480961709
9208104634183130445219580861738624745621631290804700597162841711676965517756
73673821689381411231619433486344584330580556450215549255167834408164435017152
104576378993058438058431984655116178119078902253341667515797199683189862926720
54358859999664493283358567941009728186084798962179136607883436097048185062565
73239517921040563168955444245917359930873812573727740003677252388621327792046
16335220545785961439899387468377800745739586731535873957048249247556966425027
109523358177351001454216367251557019569810803425373896219698867720895334024335
6682811632469663468858660744009410265316869817062588019445831904547765412054
92740953481619428137717649197128201398578146054484714450051083802783868869810
79741382139324132044185286943380765515314205032252955271574973108592844419698
86133019205170244278772445684394210570142118349916626020198931878102748408180
27222415447955530409304166094806224124006821654472355465998776105821998684248
67978844202776337108573406805069754823730131305779444855735663197902572762674
100370314882568776668538733511437400859183405092186426345929219211492338444993
12144587200029623381561146399379225670254607390752115178727127847254857662522
67918703130472826790104031266898563267290991536070028466900818214536561605894
38105249113796386228155469544537083011103916969030817508993046000209929268950
111277641650737093207194432434823675759466824933660221632151503030436806838030
49322835084113832446559778730616218960886547626752330684382118886644629265428
58711241003016429387570233954465453993187422490924774168386890777412912537397
57650607513627783224690454679205042909868727055859280331694397390976724386690
25855389354280292636816938765096899282117438785155718062442724095347581768528
114381735282099288055063531087106418896588314596129954692654096695420158725860
96050956879882009131333468537631811108507374221474431811886890810814441826388
63939798120812305146905483246050766837566513549066875767375666609897023281246
39862045731862346825950969917619227768080078548240895867975112178214451798127
9328027731552234093975610778834306757172599465963375465714779203304611893826
70277483693403317130341493299149733740519564139201407593042563835533567030414
1619510325822759360532880201767243561496631701600145908636814656349930443936
43857702741804437340317313995877531842055992400008204691094631333659537124138
62003084834543600755404431348311207172070500330581038156980907756590369630354
4978878165144061424089083213714082234817538098242326415754437687912273372231
106626417236344930709746835399262503424575161334219603182466613662960303740947
85289605187570562291320621331761052942677384310317279419415285258470290048866
53266247187140395719970180056437388710799443523552631376410238623351563785719
48196534251607687104897182230188103635633284370721920696652163129770063312733
78893590465080386999789057605307140392884024979679438222759690613896856873812
34748050009104361255669719737098569348917875169644714412694313640050723649626
19688787565174900597254357446737888367238226395241025012185671588245253177146
53157680291112376327593120363522994771384188518939266118064531844880150723514
92638848979217046395836988954270498914427900452798350337890134917606487983718
112447839464698118224758175648768051572577419039300925779486111291613284482920
19206685052650842464297561964581987212619476800266421433419373248546483223305
61216150211095259070098813926047906559592365587244937292895838537415973108899
49003377145854775624529568671138492991016998832470643231689457591577345286863
23619189354118260872476922382321332685020562605346531537649555452194708330591
86380215592109930903006463354589195146660826383594205407203180091511132423585
4469657937160215385398626808571876233940000143556812867719547770277624663289
5143332247525084147318117921687573598213428315453217444527711067877255260031
18650054107127205592623447858542816307888033167640591575941824762301168960290
63398936380196648885707023675225389986250212094321803121768826922677341802607
64645068372582821521080939881445027301256864646676341495432835700058429880243
69294624103131627938184382115485379603331385287582007961726930636377461071381
65976863467928995514551993438381029580336452165957866156665066431075632212069
27070123019734941756032259274003131449761467491813023115796067708381330536028
70928244935110073001768704995813335715248692846503847920824549833567796839663
676286339114758176984788695739740356886762491001878296081306095126993031623
79100756330846529657071316831024787810994540507582305980368092790527113340414
50035543885355009089170700276018947221828778327942044198509863403736804306845
36581596941553426609052322482296012652708732671150324371371643403494548475082
72321613384675116744288423708512408003141142397917915938750771195523816354159
84132595436981418853347223841486884784826515945085743531236460010559145052594
71233008506851679333899992429173348145852539985622783644821864723388612652299
91786055045896654914727355625543621421594083902255758639604555304668469618004
113105005021229431632637421393950431320103016871878626710031081811079427296740
83098325221928106854239781380978827667418716175481566417512391421019327223371
108019129707083083878842755070605206531936842987572513345267350968432871938906
22678762620865710951739606422684571405462432612085054862271027839541329394091
18116108765721960662390259401442434260295002786972155544565208306007306039484
111149117749110064962264722113381582393869760893036658513789012667119612720291
28596454980153824029976087731232839020990545721956498817534016740559259695469
87952910257621038214366395362616122115382735713020042825582609098415049437157
94392592500445210075210663879382932175734661547284330644336583156546448950208
61520271877478197740754787909015037411173481108191676856137258679992917489642
30392418023144985378133575841547295708860060160630571097754468962149389403011
54898136272107918988480711835805833853288873913676614048263268974789564382407
69560159400767407056864084788695770898570935976460065441823909230338290367593
53950985034765126518807098705453204244296811724701771863266783374843085363620
89479429666906113827150726503388317883442139695350015636557082067537481419046
2939475746665868207403520553972560707604859096761163248605128132469098839283
65908149508078079130989577660231414879511166149058092150800300450412650686512
102659652393372696937998921419452100065220332825125750259471918366038585309840
77030812673152320309206670265812824762619688162431187145917204041115339116831
31561140012412611521593246805371502442672958504951108868062454197411504549036
29459323328218044645397470732015397554286762830666565753360213091046357288962
6090125686298226096326017077021510417509342058522442014515956506981477181549
69995641773366841349657708932802405473139739925744455037652624221993235675271
43433096392993060832627102039913313758113171586751508017451693807377002496930
1320312210924360434491473684356233247742195179801477733407248890324542017537
60441373315015608600365503653153688752070546173946918619359016608858718820669
80336552967003264946295002228106703165967832090893097422445799168648377897112
91870903334203624729712630695954450367753606329464436460254233256196223296376
34541368008297160197830650461508642359383321146544365600165718949893597265692
15724954775201649188478957968773785172959969133314668264262851232750993858636
14882586591269376125113770337383736329077659466893454468416512000476207814699
41662589520497312693255328613614036123556336004866226251279428268758256179368
90866641220967661903212784728129683246528728982741169142965555529020001843766
54336004162938182892400566786966442219073728557109743734815442319245793423861
19209112029834630910764587521111408120436371092976470566790017899760698050888
106852799150098350836549326509450501971693833052413652835104250264212579502755
34488138574647744365136352157474657991495180913312660110658746907025640383555
18427113133006731926903333017441056813001239478792192735153370603988425617155
18254524319523866738828507773487022809584316591772395356067709867618087613739
19913768820210459513678274962856826813551771085953695095063827573483285769278
112981105844900116732349803811464045173489245965590231440894534057565182709482
85770472114853128141275665496822043074405610654153118125429149674894566009456
15943435806271610154979396016669603416985855775665066321485556087246413706810
28347910326511826870138703715817116395729889156168376800715028580114784222454
31194863574753224565046321352478985085526643701664248899653037680716040250241
61003261853558060656761420923627468731259532349763619556774959584527381536597
52030629316112109213819232908679998558932585810914476520404756548206243329215
70917332645659073961943662004111804178957926243838011432210428185924554813137
10515655213198725654504013848166034341993448391868283161239351412145696990541
52349378535493933017350729588860897564607833728799280740110522777388415202183
46235930307677372029676217406892563512502265011410237011885096392878434021913
94905531965371999433510157158025054027664291465413018081960672719081671394158
4933768205248224633489176002631362047417526682053117828998413203910243439787
69439879244800758500813305618299558296375914298492657778865637476573265844017
110245134887348788826728692763086036706276111736946645434190622781163154028212
52193751492737127065965050476511359805193518914789075024775969560274906706480
38141811576000313319950405985802193948647402008048543381383244751626590771075
3881493297009454977192254703987876965546779797956686713378475511171482061331
4093570688516327195596979023000794770614396271749950149862908668315012178202
101088349649632106876415519441455047589984321922234016257043408868388397036785
76850254374806634763588614643723562697781368358962160198591567285861411542349
108615162717418251505977524352239603718218268791249565892794923631638083226968
115096279056366699442235407168176343699397734183871613439825580523217959777011
17981402032883506025490468198697645615032892030580195019143415717257003159766
53479136105705275479514362250518910353882547912701826173405257627867833347252
973564490926842098418681218044222766086380363682610001072507233840834985120
88341999291072333780084755299080658912917961925439125478740295490251103422105
337478698492333897975914608953246157645089215042043242098993655789539008535
66278922401543538544064539715629672988126688317502851003043784008150876152661
1908493129393760693877640873243569700130328652358736732017734461750012970103
62707310516029395316717890037921419548473202625482453023434873646696177353720
15497544304596417725928970407481773284388574252601202879619642662399239722972
64547836650435549339270680563415562020718988796850609734236389152345654851862
70457346587038927785619787892870903437659545077720810244192049181256393121542
27612474451496169384334540599034833347189536818692373924282013972107073005263
68327052446884780110665276638203276826117081243212697582664361307433097751004
115568545786653835605097891220486168394182331669353790791132520172027829145353
108883283548603986168476494264584420923740834303920320534926469969343761171462
102204682155095956399691159744795157252089609114459384621153767925507713830075
81991989468334565574776588275020382120515046098751319317472187840642983541626
665380730192531617396993880307430311292815619351660808575441184202087007566
9460156838303735132198660231620081678551894888740398056800974449553456582206
54085101346378284330962939229930591342379697287397408479908652159173060296364
113975937212270281755657680719561963888193797931988333839397131926591541473156
30713989220051542009842603208030408417093153935828726589732689637958306469721
113580345748957223178531569266534399935459521273673348977161826470996607022534
3714784572652307834490174433005165962047880360173473403566111448746660439597
53029534725129874971237585272326534742702056860013292050990277526246190265569
57935563432725824366697073536956922411190946031443361452486918749679472904692
62980524530028410887780918397196624559685573807284597929584603648835951270970
33419952952198526164244247177552287077464174570001801327396309595374159543889
18368522351485125851619664249941865666481888532809125275598321308455007428254
60488856626080564176090573950053211216610658203850922365731844947975851507832
18147275675033791446266807839171829469734435810500528738562929196593862955819
23649241755737616072792298874674260444621770778937900051471471534472428350260
64532667244321464689752413758439292166322791173983597427876410013784322111781
2914687302899052686929364330095094833346907995313385835251707775379885920729
102966108618955617003954688297536926210928310872872953000324093629455224442484
74862617642488719004244070047522466122955903446723903049066926879869216548855
90596097234379941092167656571611728194162723028082630473972860249010732362996
16072280141370385056499281765891249544258430167874548052998933054713919190549
25335446594745478199369223246908633078244558967338708514137898827390973263899
30760236216799094180129924677995091067369396128979405304842750755975717604202
32394554515654197892844471046103985438020570753146925325665316970760648956566
59054900534222458976916477715506764877896656301557853870751350534713323668054
90740138828890185858394984376190890505038892581315758097564354165784514379435
14524918008201500241816701559786275806582803094771399245302592859306387503105
15641266631634414398669319149290196954390034944916472114472364627496228176787
62511086401168050610938079635968841351549689055222697169871665088865339861038
64123019127824306254446994282163086192871957067697634762193994195145003464166
13442315743360811079604105376220267336405984972105826656832354332355825333238
113842891810235417065533890271809456774989685119098657614684506990468165926052
15076181333520474630030802118010560767719052556027876719087229832771163637335
22129238663586608661400346481880289283603213274099750916698134468235557231432
32899163460613734912687463114913637760741118598405852068319076780980936911540
46451589223038381881168141186688182254729444732813376318291245960590135372836
8659788203454752888451381326975753526108792214596450401616179593517395580189
60229681012762363045117856505350391404138624476312295204186986605665061058404
93838833456312427812087518325400114637729116836667653302185754642395269058704
69650725958773122475556372247618613539943953069958815439921149205307352898157
72931773173760701215274859768972194402224816857849169529618604700137713356700
102360172054508812359037321508263862191374210586663974797714711076680243436187
13105109788048854150168839706185213579233174932254740233559583979818560881197
82231419496718159240989090487383648873655008565245926642668025129317954455801
103473325529740716682319480029701538943387740185968723334334514679002782658305
89802028366343569827253802450318246176757630068823249536579367565208665796164
35101142178524757338683147499514320301289234934172578884254655954858117876887
17631527804144255293997480632029874110493758158486861627643284966757373254435
35453952621069494893133228232920062163003546683003539771098639770448973045817
8115643738394141146588012432349264024007600076671233184072033770965768996426
97474013532600825995096699802956650338579223929072677306678525551799722161136
51416769276887512437685694454800273821702383379049896355822146071515187120381
96467585503223393551470392884134336915172294025181307663589551818918533483583
80042518995998010475459650401164871548477264694952382738846794847324658621320
86668825847741777001874882932806131436707587194914815372533821804399573952474
99275614459965649069980436943505093149129686183259804448324177332796008204891
71440202023776044371418034254184266787274180614418027218875103163466200559392
1178970962527974426282670448374391421512638905808005484805058051497134684365
8987375155126017025548752679784780140830301022491853359906437707277914814283
91253467395083711497322181858241496838899711105219092244004130219469336263746
100937754344505275375064332711310638044825715366278551182590859628078361322294
13289760906095505959105938249558396198342599804392829679886827847563090715623
86604028432209713508714410016726859816698904890738762834830749524886979924871
35298205147197101041206265318099207937704051043280223971321219930582546693181
99131354023191447455171106614510420797827180735054509824911481498652392869979
90727821394372776766864707993379012060806677919892305643433932319695510216037
81761378633715737031680960363954933811295773590223379553502002559107424406994
60171579910678951327230061684156092856272569991115704654284305099077632697896
37978984992383749074589228177265370270219024127426098965824948771843914786652
71367864312711913716522756143108133435970900295906545194834745280645496568676
87929848183699022790674817354090180433156303404201856543728984218274051715751
50239620491268313414753036498977315214760561506335204918437364589710314998612
77358325936610515082714946989428945650512567106603864179458366018725535129019
5669991078970328547100294217756460590164126516925724591778043541585424032936
86778290297062287818033280744658128662675218914922657674980264365119804450550
33019778441869746419755649578241919369827339723998647603107120544956925377669
65618936980259955285124813150445444284916718102747199145941001715479115277451
115761587446890238071781747788100974611526387525741391903618913688837253591022
103251568657332758228546255677235729845369978543134931727776508692762100556213
73057492408693408915238878947995197514008592137193113681885720480562630196790
94029990041460959472776008560048043044158816501032431268209155668330732857077
87069157563386960971589566372605563066607502893683637053252100163854102728936
32582161705694600982397287791156858483934295841713461398877444463947415289934
71125210579514495055411446845926503269298169535682629494251031964166966087863
97592762448096752817436379557867947626251226077811287236392665643369464335677
47282390943864505025262035978789407627284234163330876987170750107401488178528
37878815910344202340205363147401633542766165847747328614534273779132548931381
53700465595507530625860862255954526069468212706688184909524228037753813734630
101253726821300669784556789804393671728697942594393841814753304644857507485628
25632318695163051177909491894122644078345662860081742083736024518143854662114
79194527399666558724925980163067773127933223749920291035873664719894055066629
21094489557671655042331889283101614824474206154377566643286922640383321711128
80848791574790588346626418895179018495084353775973142637753099306084294999596
29821013715633509318831757064345317370836672748365817783829025447064325475505
79581020782846865145069511086881767704578553310285315967488276387629836388582
34133176796666608069110435424451986934958480297599647737225999316482520136110
17763610434484295035620525967324546252161359308660698296452352593891413998179
53529947480283177381431915577493830285990455572291677860249023644671355597611
97846926717765308743797571088907348197094261022945636061875067061688358123199
5215171273701810583732975022855321588820810639016698352229907100486292969791
2999143914373978207431062012610967150660908567419234816640249385614221173159
34165163760882096714101559162536786872921347509723695443015535862555935034536
44358788085088581975513528178008983421629423531278191828506418726702185019837
4410195650164621772709566572037621098300660463302125398926137598543622591622
64183136623983081068825613926322307534227958692521995376141826830231095847044
65252791717292370355269270652876048612688605892023162869809185342708352578248
55762535966175787226713322625979833686017992051191532734388564735215083535797
54110981227278237278960578994354546524262292270676983267322988010331289774063
115018796962751440675103783420918658391180939535292311911512470746321938848091
1393264593636497649382131519598128676337003216749836685389777256271828736994
34974266139589416486326615490872515192311726620981379951242652378759319270997
48306407914871184115500392399299143166564906826942768671626061338469780966895
107178948112845786818203296613888169694574389409156527645949745433751106775263
115077186120472896890388319428493194107590528096963691671407542185947622792919
83535424370083651451550300737889330439252924869184894046190659545512965061983
103778839119212476535929079601312946968676071343520748211584036700803890905164
64396331071693419854947052752576798238019422938118433888895910715414096767579
78531998176404682033776313003371497752720525094502000689842633118343585256988
55158363974997946829494025788183531995010850749227454192897300892337054204714
40777934839665451034458405916164789367764282198530456462401958729023432320044
96377499810982636737470585939587272194366487772637054019295427513220418085926
31876289558003482781988236408720669102213765038075528057995571575845786986394
113198200803199350693504716949555707793841846968475890309541903843117172945945
45298337021160476617740042250458441393627924194641635337650468954246087143314
1489766887201386993653146391136451520776011073781373708022440750135080099007
72096044063304348461389608320093824376929507622978299744076939572859967109657
115541409970559423834056033739790949558121167809831615865693979334279309394929
35807288256997024400182105371343780566452905545889131556162067485249534363611
6155441688185578507387156526235457572730575054732656539012156096922741343656
37653263275415134152771782900038729442374470316883910309780919227250531714708
1636240440227108604397222836457923193814164493091600606104987957688758607169
30042863307472252786486453292134815089714941890851717450225752810500738904630
86338081879068110096814331030354376259638021668013587080995295252908875961768
22581755648974779584000271970512663154083374192401877738859408623047903424907
50355470015710954516675029933291749352512919711936038060490927642465533559089
38907600760140529370726053055792610432774575924036640158172331894677576700541
115157814886284766883092267974745326423851696502911449429880951054199761857614
73419097127465454010460348310573894173277451472512644923084618737541036969068
53357902210339546244339648132611454458449195483265614377209826475259718834569
41568785549836120249966912747060077569362065741025012998083266833936251664862
33096761987334536744450695997667088825866627444790389790995146490652657045729
14116531927091094761723742943629581586724305806478430124963784334985037300316
30745082398584354130289034449877744407655554045504314450943917823216379763394
1014763333672002406343037424385641001780475765705215613698601061817384731594
97609990312260000429055954209988758868733613412239364925275127462270180690354
103226283520770702109732644382909098710634102854614057705622730130166058283729
37748026929275084815975545432840940156410895441781371210799673137260720212842
36013190188029683075628938291873058610204836850100744860151173418297588922677
17580089280176851701972248546609480706450289124179723898750964613706326375342
74969726027093072431715227950860309805848142432995143743003615281558338755263
2317246886189097187364641517610941597355148946421973081987814876446423935505
73281105402713269984414938253932546653405529504297705487556320038536491277405
31176453015080858930358652859420908069243374307556847990686652498055226183389
47848141914892553546514075604178407224935738550461564995388113398690276754854
75914191010891518072046761869862746735737608636992843063382797437101970971726
41325889542923653605302534432634759203378739692224451163479010821970042873324
26487804977693983296106795131348813345959690000272663911881831786603108118977
48520679504777262648674214367183465894583624091659420820988167805575933870785
104321606637771402265031524644919656335950112622802977377952348820344032601962
23183588489115593271715027800062741800778082909896441240423109439857188185179
33354167251430838981042879292815529707125086762007422667791986464545807457405
115400831244731363057806262027875214508808718779359585116454908044115467595809
42572787909113860539890165028775879261330568464514715238406078007341793852840
66081851046572393375736908616596311981787074472920906756450841515892721820563
54611955738351626542655576199336723074007074981799882452111559404330370244971
72028377373371917404399718113506801975724630209588869855239435385946289577587
109977432317645377626705805500577440691378471275605007497016485349867050704443
19801419024947441907832174540624194147635042931771006397259817069266080504808
87074648050448420528303769596440525143315336420488798226379288499051019561254
23137536389569458958139467320360630474657086748883171315079456462159045013344
65145971336151842577159348108638211594523777235688457532658179564050319841584
38023209566735707816799104937108419996606476736138131573734284158304036472272
81251742919240868812490705464991441936329099359093810306571688960137754176632
85622775767494770370711742776012895872112856948919301541333698648938094546707
81475880102429590086413404487306787847645203663850366699719851332690562647872
107782149109503920567530228480242365956627729956820828441835258668311229265452
17489150268201152439183060891201970967300317624203515793629200136819330195780
109704777392301421908484370183290996843624241244175141310931971596279868828112
95108048346550826906508896078090968069718547705849569066169383387068287113367
101563968958821031671009930524425012416640256998548563056965463263035578873533
80019960838914139476334847293983337564426604411518539300940014537005678897772
9999196732238917534197544803728636054277565385282688735229720268753397146387
42781558140046260467783731598801922059220110213126403241080191653730941012859
100357450001676725181077283173411896275992541959579628186095316339577058689159
111924030173892679322799907847358056962026093469245714981484794758442790085476
81541242042764699245742813549827631321505451660346374290275088945713857203298
95400457490440228259877623257339253343216075494132600893598413521843636391706
11475254207605810801938675057384539871564226230429384549210125786005386142778
63763237251034650869531446203926866387044821282632717427843454893569578703643
18810045049862897169482147625707931934649602498705384231326664370761953006110
92042702902263228210021901418865977908872168914213005776257702225049740860843
92264447061969853605498000685606339151897433363076747594258044704915637639217
89798439372869294931064094356311169056014222227236002660982912502140007571440
32172181947707265456947881827970745817788095613337727129225300203775586409239
10392474065795853939232396877606279294446182660285083885667670688218091873188
35661965673591558862068150351379924150857973333697208437619391232366766522733
60359680947749508275545991518921819123460532537374430276329827693337658710171
41182671275888918118923076148275788612498212620937623413086401830734211389332
35657683743207877514809973515480265292225935475587225402588358776010818720315
73552863621598866980280462023733443708860834912408358762180707468635536454996
104803786909546584641869450361060650435307753569385156177210137688312472662664
86640967657284282294423043019031018537580008968330464546990503391043304669822
72975034457902885056509434573006763272861943554652214059468735105192231251280
106516102699880250810618453139023429993519336664307838641284404282600831651774
54864022043789014713099696867473048271752782681401210986695104876842853352552
95517372105598728305024284556064366007944322040531022664303570747775949940088
84995873244421512179778254241283258883345362321981942698095548229238724310924
112262598064442326977246193465131979741084855867048978281558000934875014749037
101560705655544956589698933555602662886585483041248532621219589151666886551645
4750479275918472052476382328106986960550273494113894485084340574510561148371
28356453128251885399320324116092041692579105959167449711287440211911123779360
67802889717617300658713682473300694850143367368138502804824508423922649569790
29007436575696520489822665603679548680142446827232431009518645765238481637462
67702105710525264072396402335228457122502530962947548941091427538871941879341
105153912705842123045585999767469649977317216456549247121399570073311269154776
4435954376469743095302528523495065714463784487669653253128239390526346764350
11641319837054544176910652877051934744690946336400180391432077596284870807991
113954594719396291768891284745023082138295968649961414999430719603469187176741
16867148534253927315063692430803337244174148745508589525578017583042825778941
92504867674202728689728878643834601508985465071819952011966653468083491868435
22856943215299770011629394614875961603936404372065991665385594967445450419192
75644319233195162476565440803813837551532345785866197337632248055715096738195
3833261169329059560324878862992028815717002283251149060239930269020254910108
31235073905998476937133623580262599089989505856271427975430644884542650280646
13315703761209150468013050619444849181154007494474072960283354116824475079446
113222291858261287453216565323849070362932968583836337956626417787158245809687
97298594403670010128826867919937326829675476116749826410579565735907992276296
6962243257351236998690937000651983315455545882063094216438272773722136633425
92663293995888282131754303763155779123527713667867563986031763306265014528538
37881592419056155250677872190324086510559577003117993653990620621488047313724
87964629020011334929732934956208050245043612130579188224401051951228902618752
65681394626362995438701542474215173170479064606634010877592349245703149630558
65972572649076953797767717715040296517540493992069815653294377717092429518103
41113684161563515993690071535151152198022147427835386004459177673720752762135
35451979326631634905204952914382352345432826200685824526748046015322230737448
33581965387790390122967341596428558114485244087494502569187387569389620508814
115502145437057030042219625059336262279240735375233805644008873664028162447216
80848379605871517259901027658716415020135748777939891419983812047318108852205
91600613266499511716970725795358302707919569737642253005542234666535178792214
48245015596152933881976374369999368983662680068292625955071633761837225631362
43422934531369736860560086047284144903557725364167159729101335560604985213915
90903023867040546486925680951033737237039117831741768837265252951848149074326
8244383864753392743868458040929691351334924764965554044022326893220838859755
60802953502681432707762185916533741148509112539965542967797674816332628975422
48715862209784223811369449686469444064097120825356778122279513995790295406450
5697696744871385328712315188359080695074051897814775558758359786242280789347
7971897340384741893114438925371291901981099210378464222839515442383016642745
41702701110839811173619515897552768199481770968299388923212758098194293164980
17938700639795483098697640876969390874545077460767179969630275335332407574463
75981289033418707968192241237067586119405861305530321103162208270385581873018
24630921112279543717959979231914791755479594551768311677698431185782792428580
50008808864788152346110357750792564500783539318370265003257166706806990894388
51067324905799964909224789878203211360170194913102392230936430295216091017310
50445333268811763927534301013178403653477024180029115505527660737820655968107
99184908426250195141410447319614542244983052888415979387882576800207204820022
30460074284952832619918454447460394573353368170114358894484370757144503452526
99332094244380165310462817806055949951283065881822186462349783717264018480914
26791534125009405071369648419123238172528716955827139494375832825724692825646
104412124004968547405033453802241602057473353768648974367683471424349126709817
105626382080830058951673945743149460600922942542464831409568628531037210218213
98041642829486058995443351543771877879801331490738116004586411067248469859226
13078906092147860073508379544745889548642940352367687586974074953982759689462
14693367334812323287768886433304609283409097307547454300463543311647809123312
78574674379621138762583661821201279900886026262746489819759876414451896197322
89985125781923373980991746186816000128573847714920190928231482168211325549581
63461156560711534695690684158428513059518044419353602906104079924113162326474
81250996436451161489143561480673158646089761622323890289323811996820455332653
63735419608335537551241852980703911406370596988129975123575634941212357449436
11766226302704344853257315128013657311796571856093966044036300889013674083825
69548328393441217642635335658382414659650246175016434022626175368260491921536
108191330784770893740190270580381328367429443981257102993744895528670409474443
113318720151928544164996345658742026806036259304517556531835047424800674666574
26971514174997814864311367020657619620840341093502388222342180733375180739897
87515454270456608647079414614431739715508687124247729252904178602560359397994
17364904169144366026705173658184627611480481697216861948530068160130057224201
55615322824528006100584983874585541744009687533396715172042967620794109952382
32430131349509319777671995352578205725233084225793086597211250181706300138188
11249620885765323472319667268213018746440084382747829168180586132377928376238
52148067638892006201631865843189098966998794978707477842748511505731221043843
106073061107797162241401588424435865849263009273271075583903047852410091616008
114399454641773993344345722803057001512723768770771696723051343023124616730748
69340202954748068343915327821031159992789744563449128932286088113065630938300
102005944635418060262682469931730278250184386949583604283057450570365115897007
97663855053301830462829681263140042560717746552660792280918839962791906421115
43071086608510161137401061435625686364618405179085873094284545630668317580144
8546108750094203513147427628457142630838883292921560203470127657777220668840
11350075662178621696986905787426845158861127271974877653646382342391721662195
107516698334227150086696420627918069966116859564115515294904048379129389629498
103056030757282321470785368070654890116019518464240219876675169254314831807749
41188844965393237231926563119036454917323689346376642307439163733185258088646
71187398775066513333148806296231050739000224533814137618902335235008391173113
95575793144097811397136392115046441087477471873675951244156731168386464915106
56407620488037880361925267148179625012787439001467307991647915676182033084212
40092313332908963620289444309684168565171511718875254514038302332543351561320
115152431931415759205175332904213493819759550722297129001008036637851036707278
95761947812128004110511534325731935109894193148024265269718976770537196590555
101312498424526648523716745982818761179867865565740312655071629369039499571006
42448814474887417859640225180290745714672946780307579898855364183980145899750
100657568047087678318993066473863952891853084417521939437675557275692791397183
94383429872462448981622271519853650650432941717625711044784429811623382329286
73142505665688605490195162235491375358719006095604780226132505865925038935818
99826466562173739923055373490504578950119472317962248260710739512508971713834
51121868636042888802442114734371995616807453536520750380848557133634534156295
85044653098632921447832685751964339290528382331278309869395048307547902983841
39867579450968266391442962209885834191054508506193538067300259002312963432933
5391779330807337610202723860068714015888202978918336180645489331975780076134
81674749230986753978879497511446758162087447349095345098924043270610443369430
58761963343377027088736215837546778090806125457371067790663903187490062734449
61166781595350399854265913949372795857558580928749812312070380137889026550378
58819494890215475210587738757164210428292431200877119362172080639955231095337
15488478507982349166943327062697347191475419223939203143419338901037611771406
35297277296160378687944313989241567139905510749353168807452551301400671334258
16047925690900326756267438698919903795887270046872276938162894275195449566738
83893455361642967677081010338432606666583101254197986825721113408147719371718
1630313457404138597007132061572074222598678970689226105414695885288695527100
22503647367904772741511601363548105598731061455395900314012784934163456627788
94897614701579373741206910798110218248075021603435027869078276728642001294350
63563780167792435819752864324153378469797887454022875085476043708056722107537
68834343287945220479091157395328244070102730196945868189535514729619375288143
79631342853391065288942420489652999686683532466171722032173172841896517688209
51876661938679808066551549833498473973285728479547257546024787847262823038094
89126488751439706459392992648043159645490231855546656547458903298604411453522
10401141021189597385564301807054783258892631731215078400438082892640016848751
55291989220514305224991711156221189579840465519065225467169598451222042630334
41600678804920840851812843788751542669119569505030910470368498977959901653102
25037875690095532030018933619543807082216658189008489189553471946290728766806
23713631821675900269342838069157635781609146928686030607580642614636740206013
94797542410780024583544185247713013045569747638052803598005058542658540203457
47853126454051548318661219822870499024886090528874376079271511980954824241452
32956870388821621054573393484511416876973400846306530054582260291285130814906
4569799014389876127145832179448187045460339028783848003502374824243228033738
99362104284414469787167868140340494640571202572765982216335175279939414497582
79322481047652059479979469588654203650372664130676142670914807964068432069239
1891430064655787562515748908201902258252586447015884541881023374305295388554
110952180595427988612087173244754452344589306538291678134135217129687783001034
28081126697102632001385024078748172144843293800795021499113916412793635230137
27570739824808544944716141372904761226447550971396065678211340300802991556474
51602471972406678621698315263812836814205637155487391773063533975368883142127
23955502613051739775462173403831261008749586893958027377793378188736657152281
34541807382143303251011589484484259251467871218232789109174661759072568271607
34470216601975019850204489946479934545662600518684239823463067957957987251369
20044818542254886339255876116827720505076930909554382491995552112239471960480
13527080658595654810281094024305223640479700906887623812817267979828247924079
4709487643832401596412720438323357091823513586210710110034129385545519785686
98514202346113699162764539033113849214601707457007392214113435383225665891762
92135872032478185201799659545971110705213279147934702058210316435972332751051
16693346803584425917428861609354601452346039654726367859770921797082197174691
33196377496067528621956589392379807997678328944265053783368621253294173919152
42724368919962152557158970596856554963884952948445881723504951596412563594118
18744921894948600368570211169898901450083930048418504095702943877481196493278
98569513686438443121288139777613747220337005276725333945705181868676727134391
16093114040275988945077097550788019410927824435115764820782741622068963630295
43103553403368306579924805607268887698231734898163119594187403389267790379612
47081713719154516904450893386323123269784997325233842784006000879081861725920
89123874373882231718713202955950487216327337190482897307684145087157663504448
32135208683628689707450427443435964274881779284081883836400278321205795416915
7551602341624411179120446036210504952698466380593136794574498914052083098407
59307004986404717870013893263037742128806329660956144210641812841384628562755
82635259403284454441093054263479715959518650873708218878202963241037918671013
49763267133210798255025231499698038412320538938671509323019156720050741064895
29207595083447320799565031357603799118264569846481093550475069673510555515132
20070240113798005332172119505625974879174272022219767291318166126214558041667
66851198948212571538144830631783413413001372978611780446823345543633199743329
96578128679410064966163078921018705564709731779443117302520992122318469815871
9231534881993570664172433309345605476871650214111386525577113954578783772168
82965441065076593573914322290043738215571651917776382184929124880216077505666
45114420998825635917424371066378561255558469186236223060250007492457387712404
114892535023510078553308586412678243981779761933178311419015737593431153286674
10356758790952033021529199261264436944778258426195065407648827356541453227435
59473268492626647691493941963431794643166968738197904609820249783867813338201
10748161992426913170301442035095139473687875643274859467402808529492343280996
95077094633405012792816607494919352082677427882613552449748147555272261362810
3694614226669219049829905443451842263314925590605111023160819023607848966550
39919311188537855952295971250829026954446031432530193730626428203584082509271
1626649359333304161900637078116136576833650371359629927705451342270742669282
30904153396086947743065481114338925320694323320271215309273717281747386000279
26050136099247268403542432141924121696766829077560300086910372906927838515973
14234800348394213572433842857595607699391348681422858711966599639272578165836
92790670589017779902109865808499529168875498749298456198549048496266986537651
56664795003048945655044972528878432300201846511720271414339771732478026070446
82772430319672591200517595291225068194130217554398193365738757648954155693740
70532101239769698661161871412422968692426672606060294514548861739585520873344
24405668276142732880359639644798193432463730928812484964451042529712823351662
96474681215315223175289549828008107737732455094208487654419723372512698019388
73234674904133086512845731614617471279731498038397774924390725820651936630450
44837386440600419079897137390073967607081736749475232119956139952812749752602
45415437678236788558201532098303657682099790846401668190224406388377180544110
24084036915981188204514689901701206416257531012275620195977068276365279752495
4824023945037119206208515108156648728601998371169898655191284228726639441747
84623484495387219010721305949012405646684683310325643693629836036098269375388
63041219657049265448455643224301773942522249057337305857037369654548756285152
67147730186386202197265092890300013279854025785316487052087161107357688273258
49520920799629302731775765708645169516011051563329946982292791017372714856950
85996026304895229199006871113734317867966150144829544771989130774075078272491
104770070605882617044273963489389405256885347795049168492569125298916801989340
28592234357280248200375568343453565207089156080635999614639623549587235272280
31958445394963785692402389034745476735168311452580875410380894302124394407944
61723376299848057501490320846118485732526380076124972442622162754565049543304
80040160426696395833547340122198282241915059460751589712488265868511544089569
76217104501988800469760418336812306864796555940303078442547758638586238588082
898829159832587682601977245786610626081260185859930456991779010679096545612
85492619593782476629754711645296655098813438440196455971203784799513421512703
56253865704031846674089430790920610836402273148176012220234947169611118920131
23818752670197413426676121446267536114519712489993453400223164427403161647374
26665161570172823056526619068758214353733499700370279690527635798843030931327
2127082456185516897216194828841493839588799438136364498410345331750212798337
60939428184064611333246186408894732827237049295834363040506218561561743857883
65497715036393208439274456648182595381279440541312023790461152413879271054869
86239633044971330715963858886357406191930369110838552735310104583327868826585
98939875437957918566770652267794453682446938481287887544684346412916599225067
48084900767316087605175157110400967768453232355566670578871735049445731225439
44159405308339255072429702011129082602934673582177365576213735953861952741617
109123795996506012076060942747152292997201036901716432901388033395248029806256
68217664563598145546322253514694645544724698614748101568486569185936946803744
64116414643013246280126450609494133928292347586996028799315585592370973924881
41816274066352736184248414142792754717883510630581382628396624274854103906104
95565343697526516519890681606325916248778751937191090224483995805286121820016
112548961426541618150163719404488263681259756787762790055596174404793811212977
33573946348004389107230164775097146948646614095952950144992544087596975920220
26386400280747072923201481725247086357725768873074872510473866947800675509609
80959682871702132452444970482872424166463405103951651585048489808486648862201
89391477668372354569345384243067064797986824015174011338007566628252397222641
89313469866345959073312510050137309800099803297989207540421293879498020029909
94771652295355758217912513168311897772079533428085034116742310308603908655372
107881119840227644323148384083697822138889036120402485625801866177843100724363
559698285457655304542821073346825824038946756277391025193951619483508664115
28337717992654617152676759698775213165510208767373717428303178961299017535396
78848805462204463153410878238456177663614347027084759719129023829027012250284
98038401439166754082302736169053743762057637678497868960442033314187486448117
59052190232756035769321964780202129009200780252442037125126986876441506969703
84613931109902199581841238460458993396756007877680928220304278606412507158384
57056947043607766044403894362378465312885264613951238721459370676943253909526
93596001033427368442840823290606159559014875967205287602014752448833415124074
32064945058491870343025366672728569912697660298158840786474509160896072976748
7160343655400075364255849632086478712455207529062668188539240448313676262999
46392766361912250563521405562385733794739443409441837836963007226157100054339
98491909650872866212101434214397600825060922192996346968888558273359084027188
4205472695022263218973295386124764890312776863002077305137500288841069936342
108139366088692331256382829035127396509040043120564376276292325062876132122694
88356344335430168678433682003417661916720302454116101055972748445398422717143
34337933010439930662491564396135924423483268424128513022473751826309412391603
95662061595704724463648609980822203676525848821920641439484060681693094833003
103549372622158436352216105744753158490534654957365223493636660186153457234739
69853379793360569137824608961176363207245212950729108598763599094158762086379
78015452519742247939887999856456239311467745644811681386224581955626315480144
80314681458670977441740147471527648716970350559182895661819898466706684101558
6967343209622139384716506944286311028554447184091969237877330461137905737801
17962541645649791537538891138780205388790001372855645641236202607405948888396
21858833361882121943378410154999123408035141363255286898462117838739792619268
105637018343057371591140464316614403402808066769372314622752065962996667771682
114739434984179219529348520955082455153397670695757837747685787564596151125306
94275206150587535684000006202709416192963753326670467354808419570295993298081
7040285917311576762595100601349110968862406457020474746298442550541726758322
105647225635773321848895023009151535551327750919377218647540335085815862571050
35788851971119842311000092011270055305273731862548076868900997512451611911041
11416287696024914326636876905770391826953451892035384718718132153842698577781
55826036154025609054071072600187107379594919220949394538996268496313048915521
12369520611138538646938142559524366901453252054684455854114203567289600667761
50145099664921804266291655251160602817088881911730965474936327824876933224391
28734261043801341226463196330860825629793957084862944563279883290661621564821
95222135108615198150886959466362174618814941361979151985167770948307147555285
89233890887673568806399268933157410450992226740013005834808236619761965291330
614430573748117136261415282034766680972987466042555188045154075560124259905
70882703299893608619410812240214998418648943509982632361191563915035928453457
57046939646525084527667514228923685289135504036289470130002979156386578257293
25382948448354409018222699857884305779841686437952517148749214175341803002497
6277817993779455324231868650864586385085765163152543665624842978636273108115
23080227014213455967720276803214204457361839552089524659959543774263085561276
7746665259280385068890303317341201246162766962049682804139495518566042466248
12025367807326121509241023974711789530463014835462060885770657723856974105879
43306438169263095437473470476421354548544978315696999583477792439773915332496
2025156454031737025211483685233700785432755360983782263198785213231084369670
24724419460648098400022344009136745658697275995798033249017562508873735578757
97656302062472356852033264012392974110470821025900992318371217031003205266528
28106956274905527592338228725544949462324808979391010671950214803428717369256
42593251210123112384222404292853118420390745938444370027935081236240091594387
109436825072937256830043186796047776172525524269126627602354457668596912010004
4088976529031240235053440404846750449464880434027319997786877632388875193432
97287072111004810437400290711582234675698522419012781366560874324723235940288
42977204487878785791567127174466406189126987898630983918119274055458097964768
3679511177692689467002201945914262157629295803590897999258797467165775549648
47137684246344598299662429157883734238890646833575302755914820809086358825540
18200292525417765239026456486639001422105305430738908677655124331320012984968
35040458974508357730229582436464648058341623764283423129584381707673453488966
77344993564806336722530921302304911953161875863448351583872288104902176904883
4793921520911494781735148080769856050431186168351010385186412456740053214360
61722994462297267625693743368077591781188904204891383952589469538538250589875
112922885353286825598022162820625074985356740332405309447229609458839675601952
886378375303930233829212747275311063032908633451103520146726920104880124556
95346810852545804561015713976990209173962934942040203514540355374116097413779
27386396263264781131525751254629835585572933773974687581064758628438574749101
8613696450718023869099487018914825808610254764579792342318174846037126326919
27799889436792743405166187636497510135816762669778422356961490463986370854607
89984716088892074664404058226958815976300527689435281675670517700025673561312
45297394901752366804964436561188283843982045433147788098485212175856055118955
39893205342299621712261972492579007697078424407673692623966453667561001982391
13109301409367113120013101825981049391604042493351223079685133528623960502027
115581438060462455617514500764232984839011482922428202469666640720225695846087
81410025078932766994924357140198168531704369849971173418633295860041197506883
11049362024029676128684008526672278850276361507818913105027390868193985897709
95200607120675397228065606898959005883142092966290694116313275445136470391713
11469268985753520154097798578396535519205069135751083204751302028331740118255
32553969347555340559157482322427005224749589312985884429788626870805195585411
12751577960679558986084836013867753176036923739840440675637755795416032395051
5237213094116892685543838645998609306468348659195410230519206323008345666246
80362648192305604988540342578141127532592384195634687251600060470640470653657
37643370128026769966335363465515086569560956104797792482752731628436722410911
32025733429229965294029025690967611437810116666067532557547701007873671468733
110902827170363204846020061273215401411344022329548276931321726306438920025183
15866915592924924466933721640411016574816509696808140150372513072659589928092
51079714015369030939100375447765464378953463747098092903110181179020132313845
82123740466285724981823334460492147115421477090232092809616115962445241753995
67762076767127975605885189611473305748684459070855303661860217548583179416115
37993094388505140425903447878580413095145423329200225312154171433484488800232
28489815918726865087867050956485377852071801847523806102942505482240620823145
80336796870830825368696862926658793004144826721981831690347631434182328307990
55597774810688251030726137291757228564639888593420360767178806844549164505977
109357102759582673436729459319775169181041781468526521612787099844182588599887
17317414015320169440630871909898540258563589962576950629179768110780092832418
26749300053326423863110435168816906400522682300220565003678353655300529744804
101612879004646078704488461711650122006358871391785017927854747091721872652095
94198151966328935034567656624299423737389092141933090613984375295486467692361
94644973310984254765366204316711195150907415381947434905178710857674814676829
21180433113909046435476414473796085360603882777310571027002990306465912048
7956365204128045500618917684734081053724785527827593332456111501386575543523
81106187175003350227941471920306051764618411187043472094854839429037616644074
19696839052156266749440974628907623813745692884711867127772490326228800874648
27588077416823049113454206705145509951019947039248133285756467296665468540603
62853174541940700754320059970105305614785029234233160230007752877408884442214
39456403792895363712309317468741451302951092816775540228355203840587890133357
30875339693717446030373480140504153285190359190753538516676921006406643349635
104315839084776901837829690960622397387837689713971045233999403302457890888983
27209019640945640144490213777921032942363942486662434599026205247192686896566
47699820322048978871524281196928024223779058654239263706715199334003127529330
10174328092969997541316873303305684048205808357321210420091640501802779565100
61177552791207643096714497887024845203992790576552730367904780519278062880597
30557120112164171572563503285899063041027135148540543978421251274681101514022
9322891426503511503947244053830875941842460194591190212771450351066630201419
83613806575490674414683597916671419539724643968540330627856766576755952925740
68749470310330535783211844234425501008523957424528894493256074200716003131346
13563788832542806347849494921302529752369561882748771239819719523961616962001
273805263504355565063799579657501384159872775956717571872796856764047365257
77764087566764062385547065347573059157942545673874191482627286495168165359431
82800878776477806419784395758649001818507355277653227866532719777354657819927
35789747756790403838080271822371335534791643407661127396935110617126761883189
14199196750364097608532337203115523995892125822572187058577492137192289445307
60431925079677519225386070197898565003995147993233784265989078722183707208393
74240659206108022178474651087856168704667565133613852000555651379611971248920
48897053590592438713721166846836429821640073557640015417979738802769843301217
76318103582645791139827997422772749261140621216123820420281754956788168141057
2345330726382012378332129892743122848064709575707493531695700747787076034151
87799255218536285801805996535129010916277306482328620313142238062517713990666
11979254992412388823775403482675562494230095932145052743036821070990176937325
15450005201986373023994878146981378027149583469277293895199007629556910534414
92319812745183374508678115148530156473103222894993876386827935822128037572655
41644612661127573015688612597946889107679181000044238625209020050937811637785
86947889466780043428596427184828334805702932067284494763945571431340958911398
82453901638154563277885483145928867876612727096900202166861707784322210736689
115049462896408407503658027574302795934772226587310835052075079490935635538111
35138175807118688171556137968614593352054792743314531468883488510625377646756
10517878492712788069803718278932920645752345380574190825286909642316073481547
45161731082891239815615949331392252585696168598493106058716317196810769271034
61008320155010530315267248819529878893479014004302774641962802972701184461405
71876519920109549758820194563071663288888545728901008327690114209193091923511
7926972398607410216498688387690143301916329744233938673063280439909061458668
92869217775196561410190400133054405004016917629470202821255164454313009604802
52866663312796548765885983685114094136677122290323324212274276784860621750023
45780524073462679169452204471449477598625693938797765537702422441203474234377
18886147106571001583179060348101362608963450241903967195739323732975797860978
59692146139513474153328247020688968148686726206319176598833691254795570577330
85860734926719600941591746805824792032439727556689719905755699008180007866738
38935495152262835902794302410181449874043745769402702022582178116227055726375
99257073656118334424215021725942789558966512768656519804136393900473220953857
69238660113448409704806842928758833917264143367190710629952072517935123180535
7819381808159776289907112128298780179750087383806930712619222989552807585284
72493955414599825502247654076662125475842135100132720555173425263253864293615
93691178584017227618531410026104330078214569725725866438886416425251151993162
58578464253468490973337804501635781075987574425471884222491123469889762579832
66042567899652466731729501816303151480651229465254435131352558009498224327646
46708181192317628720059827908007861080898807862852856212521651236467713606399
104775400981109513583612433896516204968571809486113437227896151171284013541605
115634188349364608887252524378047205070151951961262435631290092376042921795603
89857390684631568044804744920078115938297226553032986052985060992920487768993
73484869860573535670535208419933091494646125059782536707484911778901953798334
77221754075659338996931074502946755128182733819852418240030337984313216525822
114028987514230093119516156187253170040630223132866825009384088699294345277680
20531036142917586572925024274655557245216127184644797634372097305103675062893
111688828607509795557184517987205864259216851801544485340167441336935279568545
4537211063479694282848405196254636718162603482396801604595403924141982691868
73335421180844212644598827891598317402342705883643750097522466227903198939927
115739057305482601565409965433244418862456842821773064283975031369611964172642
99722021069954224863816138110879449092213223324928150150608373066502048921230
71038062603318147174842830953695440060904614340973798093344465429767759934617
9319393499266140878053225188953637274774340341510395062888517136607447680290
25802926816059346469817754321187667216728215858873295781835903107827917063420
58159514722343031637871147609077363877474093761510914412858728908879350939702
114090251809852410407280372344607784731802524960902281403256846746096040447119
48977523764183110887281909419540155042938420762060515078885019748142732178005
114552685626695196430884140751653108317030519597584723819880180268647543942544
106980210748661828742204809273105256604181913000966729737685055199243813091064
29488488486193354572872200058239842909752045543186127678181837513494485955837
69702245823363846402609412692123785187127823163657134240900663563337981214574
105778620572973417966897615167195897321525822431580038634935477259803521247412
23798099074609582962327441385830666916202420135700604053884487983670025979470
88930823269994535282477142658185096371363751120443943755179869922979326961817
108170027199053829417007503626985799260987100110620888686888826613233829983903
83021880720948899428959817505217931992599497268416498892129549509919567262840
70933641059818041366793616324570723657835576186267296672537491077456688195859
84980070778727001291813614398432652817560536543412049620203343038986101314229
84258486381043737937364173452344091510661824721449660149189887217238109695609
