38938630780184958718770683501880162022204920014241987684909015688211360505063
110534093472916231704744119100819609086838482659024569682289064405827401451547
13850898872851569272410216643884501083825626586258481651447609926255717224190
8224637774786571656695190984882922997166473311658779603322907952317541975482
76908015755902207585657065670753260762002695955542521406328890865986558555673
76689718562079746288060483630976970349521504346282715186134656547248246213871
47583911018218285748885920594655408845740977675066642173474221190372350765619
34358967868375071301347959103104036213126589751545812838958098836212442308764
105680930351533971253797754233425733999471577322892721279619537477343837615880
75212480217866297645377240969901463045487723987897041575703854953796834678
53289112669524516564122384827070346694397568520873139905568289245570889284206
76784514475946977955508515246410493880045889267779389862671192553310130363844
6201968743592927625477661367481415626938824149137882887096384382812586538955
64611175250903545086645164786623589550635793868210560798419154404317529449995
77635967441705811999558479931559283219403177015893999370317040851611567926250
94906311997488657464035418481963299207979059519274072233992722443840120491092
8032715613196721161917311199121677280728262470405477089998176706284242822566
37103715624160872977095395282374621085795434298907704128843049549404065842970
70301548481590653939118176878761396282273146972862273889659697353825226662902
101537261773585431301665654636282078870043008564408747261521315365776452466423
37178855628723506155038164709774252775396313882077641866709618020520006895678
30454033149553561188188032770301070287977851564451175072085754252239021588515
80132744731488419570855145036447975232711643031550367909503925917244871082193
47364424795685715333687363335490218185720122824123253082740439804986134158657
71676018367864849314534046820767404839696649823414159015378576648690531020318
29768751597701071011844465905358870986722181036298389104829656603833805940135
473526949259794073962503481626358337755294009449947326882668335925126757570
113215679243028575032387262459636482394061662620361287848419145114725607808206
230820955354230471072131190980375773364277487156343255735931315215252413810
52611010742933864956156428256192510214015037015825714055963058677458667451104
11658332518371000469716340190980583937583031297473493181552227283603589383737
110827425832168513602784151089213031393321396499494923411163446789515321452912
58529597045937345414320889778277825444712502506186748413047955904286544481616
48391447806486705994419341656086272846482619007478647922927369962294626454386
101366058703063418841490843646726217542215030193200883582975812735411923343997
31687908914167343251736273740000525060450980173822783770230844923170337455787
100402041605545710454439119320794929050429711998757822517428766456002770166283
114793105529453678728206874044563622948387333070364255041266130150113592286329
46726756934679777043757742705048175906897139996686422092212481814304286984605
114465279979445418167844997446744147159857988293827968789376045990860925500797
88717575202984616572867736185002795772555340617521363564660302947872001796604
15485816288545990271034461295938075947504445845052832657988089067749149369499
60190006083680798716447094611607043940514576051789342461413799865818222916430
88053220175515327347065370883412663619132065293728633404242646651168966728333
22039024169420725557899761195614643565872222076451971508066044222431786391467
16379236223949896640585111047297799826640777718333214720180996473294410608724
47222234143535305612558760047420100487581273110993517293226966864979368571713
14564687903562361834231391402638849705459471569499165962355191960337572494801
68351926402737937604981213335897375834232480445166672902236912740206544808646
25861053142233468901156604776560540928418298671726328793011346592249644224211
22953094747749454753131847982506052567647387054651048550159527306776677745242
33107903675063877920752763713572102596626375719646628110730523512346047331944
33863844211121665812899785633286543364378729212874716045265878362638907955738
65164912071981287976636641399188867686294174578120413394689936642607259390706
78578165563651402028222458681956619116009011542463310907614869853383697816567
29939874702346859718925223094943627217188016953054724499835793451483583725884
64097834046401128084224989556459233102915971687969826634344653636284782454520
82570496071237300431674951998356858688670626164383788924491118814551279177231
26505064569177961564968518627060606846805865884125061939430772134933994051103
107038261407045231986461832983001902169638373107658072901399178996510756855927
52122889934434987972780793693241960612470019777362042100616437093478385826394
37471055352616376150800870665473874924722184632743569912914396907060863757163
113023615304183991985709694474564576278589426793572042353735058206642767722089
60329066709902833012847899589487393399544651036242693154850695377622239362744
77796068647952068538190582465475729679541128530917828987569355359852848833508
55341724122891462138128593938979361979487033189816875462558861266875318534417
17230109072074151065503350114615663871742834870678161388701464336138475958868
71139858124072514920715952620419012216180810653946366546926985134422638568869
1252386229826558463687611639291388185896634876014975610868360378882684946285
90810808412986973933064309561122984621690773264990643422199944683735424105880
44398255074198927871534796943382603855563657107995161017460525580107200007893
790491817642959023508756818012675253770601285636739601079933280788033126758
7680332283893647434782724606686577985242855835213598077072825651048173070361
59618289851899955034947907490760907944018061347959640772307501395874711587842
104724283642483415173733512961827191250695330063872862823721474112061212932724
54779115667064182648369896194416713550020911416057184700740146354323578282485
10385319469142123733811352250048947620566376123405562235243209149200852101375
102178389022922214496413594122382434696225518786420085655033659045881842426104
73541489755397837958055878303342393407635935108955257467170966767731468652875
103136403454114604219802904025277112769151055034707040470356121612315699925030
3688790048950712924720183397272510292316854748886492944294254557581825093023
40544765467341790278660614825058753567671994295107453530964389246860845242785
28111700155565027060247720909916634706464033173366473890443494012509445248344
36749198685583203917952551884609824077110678744134207371440208867358136909901
76006961570083327673562858493082901046126370276346504157327670920351179857126
19264857871242471718442916003014168543660534587096767478259148589239182667401
66940542929707240799804629985110937007220519819006719872873417069170994656542
114474931819524965617219230449870020712532151484960421814377031723169715138485
18920470180171083844926800782103955403753639875722161809170442444117494470821
26107564644274144392955470111937466399198909823725040841855408580672182838238
41602534906110434139820872151650050029888845004166320423409208625016715583364
22033359156477470476264766118888293152232558797688499991160387471389564263713
19209101681623227880431844023751188112859822657831836719677659970262731258911
90252027099158558038885264118058833996890448948327017927109154700541158445984
96368864471214087767691209001948071171036928238259995521850967838720133937449
60235952961003456112548839965901644443869286468628124166380404480081927532667
19616428937851308907848508713256550534133625098147136118815131405096128261522
84814585608286593929493415506709043579161041506735733413277459010564608523896
57829970054316872954646905822986211958119341791734706860819547942650951994422
68915053149968656302502698241791638957465566480061509591498349201813588337025
87507389933968885593741377053597440987294341181377764171841798528484136185946
5411259946391850875495733669468061149970450052449777070701485326275673245438
7200468198806672686651343522079406122195314643712964725322825137779226377619
102181007429496967879500795170081407689508712145513309396133281786918091047200
75388510928766604457054243562062327189504667089029575457489933195969045065730
107732828132031597508205013634732835638174477782265188682458433198707619956741
100562605164158471684286471653520908397733726604676607730791227118048839413364
51155035638960163973927739533734675080518549954695012817520743165061151380587
106999363565899811383388115213278884604263205534351445846762161574832126872268
9075163539912402843031054253370289030601376956125839278798418884663422071405
82228340180082578978100034174266530625480084235129838578292111155806749962053
111004877979454124211063005988395355037078524379470805283763793046224266539036
2492801328545788855686466478711663183390131194543593137937433917090010100950
91718464037241834086888139802123229478557937835357540057644299002273288186926
97430139488169369111452045106578002688518003142055322419205561447784947876942
2011703941057474351902166254757453126257719596953894179703879982815912207115
69037550886072858172462001886405056945722768743041554766625386341634831409632
85460489892335696365834022332418359908746640795838436369897550275712391499590
87963820036146821752465627109345925166493825937073098322776320732877944062198
48855138800714631846799593615310998349623369733420420686877969605413347640286
78479616480121977059793205152402705957808497759953853713169333579471287301249
