62080789852430168224956909936083878849284566439466353568415074231342937159385
15020013019678830128375424433110056455517848003703162381885970037938874622061
31705428555601498863443400018668100311359841320456895237617628572879693432853
48629375875850712969714804894744777194246261564189588387249504746567220521063
18984424534823972284262441470545705652597748004436137057325254919340586210524
20291831987062354421365283185036225945331463377832678711706423032326433983770
6599548049661567337471866126495841960559866350933235071976887507767296944334
13922019223743891194441079818238207976030920619237062434359333503483056189390
3797473058578266767446756738342858490865189286722321538636869575297426586010
74063281275937535752250303652219139823901369810442996277430228430862535759610
74801985870002801092361146566085572984638276124722225367679008909789171744661
94665292662688456856392662126794019942640538242584297165919522645532907580076
21641420787287069036051085502598391005559809858951595263153997967014344244608
93075008720375726722247080272328084776022322115784845855913323447706062546674
24672458617492275822766803467350140439170866784564338201170344871944297457416
84519552700885365842170382016538277343142338132582184838169146479230626675180
115577189242957316627236781890195295241243576166476925219738308618760376625042
54180628969988214163322894894935488490063402527395149775524517460462483944632
29790883133958150557191347425853696102449359519757342119297918165272728379700
53110529943482964803700354196140572014113626869711583720569700859008510763672
115635261068985250437220813179132224448731386487412111486324840949184530395850
84017379310083371314464754570206240569788259061069702914298079912940880010566
81893353536618587138179431879460140728203505740879848954927189787900549221765
62404574616814377117636381111813620620599470110106686153726084486822883611863
28989954225155007524641341389174040568693594922610555573337037450589396425843
70765275330109236580658577929754076001078751163555987573203997217335611216742
26573646300046413930496749857043987436720799841717221209875957023097105911239
96515666748421725327547797946559046140299061966299097463861337888158940738972
43796144730311583920810694704448016434739566442956439687459576406534804864535
7746565074144582687154713907448807582958517169202514420926780820842014723498
78209598682970046334094145744585532855472477960287310857868971428769175953768
39290148149969757724317789649266890957879027164988544486897937827866229983512
78829818275878020389652164867362096375784586136398046418574725887284989172379
8545452161735004109912175106063668725778571647420598312530200749271624396531
35106236088878588386847205241498057082090159761101903436864015160389828617479
35705682794543643854011121023131454235806451327642863960889564471494533725257
31084523560496204604269629295396141187965817944873288290664717505108979507696
35639184443753071417329516790518356951663903046342090807136472914615034657524
93106735977361983494583533402046660936069772072981461540503042089655238790840
68601114627585235557548283356923465368222803438051100254365411018547277994641
14948181231276253639270361515637207914196996951706864500975108488159513174749
48165813322666493429044976411169420886431218470800225018174218308008372343225
85125062794146171192664422976621683944983727607284169950407424858664255817773
19252934465894357634774493095412511104193110429355533790282866915931794823991
107391097266496763225545901810009962614536132439639199355974098276518662572674
111370978394491304313017948328811334339640169864612515405590452202492160739101
102307514087420770605222339612439553869687137150717522101873715464562528836976
58371851118477749768980390929064486512396485174189538145460355954275763134346
69359099669808770036419730239235162563884893204481615594921791868993820344180
104288892363641273760455354252283235548038910312363688149176520466054260491778
53470729651298989283377849503873547160728228363012858193987748972589397345261
6833131580078876801215728767194293500690589996791443574833422996098309370562
26906374528143735426170005065566916243418815610760287025777688590427137141925
85924774740780476697600501590943303254697338598720399583784175216750768571898
72873399830563569010179044964957218231245807634901293977460965922608453936873
38599327243230284030012202612181209224555895046829374890288546177492706283473
34692003025477925905242227440717290878632034448130030601821354907247595390380
99704892046214416939151657524671697430721604703898817620611594308244935110
92320078006065405105018000488007530673564945319549462061140516936330007568924
43178924176123668908055489731186038411146973686783939831639914071293206133947
67065083981845744479606610159463158886974974905305695058477615425122645347070
101929114866867961075379120644368544942587638988308113083753724493094726263169
112836268503419629872607008190227074382034808886791599212110065009647878914233
65948296101052624367001131740628575115302935581086304152189839953652566758862
40578231417181228091872651415507325704489230612458708254669332778982921296066
40816954259384002990772054883730676483365152318277639247640601226742454255143
41485427517690299123778990537119151757593897387557593053094514521787447076819
114921165424124719131023273591330375400432312735321624913513427007731825615145
10466731933010047681161252801396836106054735160592634231976838284215662220042
44610497218306552728960534475538923924460455357519937815038524341349421882822
22817175323060116669378190924909403626330103005885270280535018519480058340629
49799011383546824147861605396771056485313315460677779791922195863056533159990
85837462060305616897387534819517860770351147106770098684138304365113964943011
78909757452890979912119036992815693853921757666417709901622216218903064689226
78026853262542548972273547893089095034087812947263303553716234828743233160787
98076144419128124577458976192027792494073271078992872628343584663424180534192
83796391712154444160977718375136133536782118630535272101138287507088832143102
51228082665914339579563556914975517525829859538672861350560206007298010069763
93644592219173749204301074672812606066653374883812339562771910249954080528943
4532580955688441808969638037043172574378823579137897165602150663765311270830
59985189280981290856530763200128188309438942272718263043497210109798429710309
32051509143044010233062747010478249651586050780516616981375141326008843263334
25733879729097204288739058265709773506967855711494657650085152467691287800048
113781014446935001716869194495691203493863142631529730099056488505531506871837
97292962846055386026689045264647079529716815253043803333525391611901532050862
105197713380018035794772273761579847348980660858770166476773297142470345177082
82068176098635048268145964862459261644846570431652055830571269559591249313272
27137095843865601202136888663446477205933553107177306092570137952769677903391
83866428422765843379576455377407653929807798665574702852065419388160821134352
86637277656624418691019481532136498263578988391852878094571970031143510467654
14886092991195418317233932080979268608641305958186309308979763095848308185206
1957029671117524518997562372273237598563866107612384162853934817743133124136
40838241330421679852467004473196162288487838263312434250929878177270511252836
5007125567882751824031442989322420298071869489628054927602775543210991907708
103770806440697201888281880985228005790001811226614589741779479313500772938482
95193485775263131010341307997371159772664934935869366540649817735549860599646
36840353716429180084426989569416804378391366539013283232803369599882177518319
36413486009220068373612343338617186027236921763636584851543603193292773168699
67356660563359187564864358646174060722122261672488599069258500682335660392073
77093397272550160737127999138030667441965131695412948791512405603810924824578
74953076170517516561921943070583951331963439477191968411806580044352067577894
38774809322571163165477224455663768962209245080077507090557293331900606277205
102620714488651473295307859076246478720954766716311400270782996001817833636638
30037559430125174803423126077839324518221856441656116622019267391787107802343
1257602302520806776633613281788222341235338061734902507318862154883887188753
83994828786943948441325266391906439913089831756513468900026684275594639915690
13386237060262155770162691601391818217210536682129372148104591138247066394060
3524390357289773362842176798814294462336458897381423874711687341843967623963
67193637467812192464399732712802286715572630510589405142448865989600736915823
31066903959021610040551175137202732375076105574212841412424100502173133346437
97610492579899911993750276305936255185219573190512975917554473162354342997458
52467401888075429853576325900081302514147383409893065836328861603344916644027
54681469161998787256048543319165261960878015471266006690983153708942842324129
21228118876129004547977493083434225537071902545593403463153401199210904295214
24530307092884416717193633856352423621398043388127127676601535367568394737374
25693282659300903872318905784459912947352104487411950212220011713654421409045
45792391367027272811067512886763750103661711821215343894906096766491926589915
80761104818313148136881281325604890599703792446679126787281247903929643364967
85907606992363982051774004870369701024653853074095529807609790406664606551574
21483658423062747605662579691680678339875938240054264735340744172560247136130
109325073002651579945896483507129562940091579792039529896169827833558486447712
