70672410935555144657234197236303782169136107756708644299639195857524474444646
107538067997184153734929925432702054382855330962082138931291582802889156809088
57654774131419932896066884015049000273836793093112821978364963159439097681751
105966106670477531480101250609359296501606690147377990776868306409251753569720
112510818361904510954839551604838799744503464442210949987132860771826444414149
10002304068366898381461003858244401309102160780090603107383844606024301751672
40912592796288687071312430146374103304530941244001397870593229499722171687929
11969263287206400570293259026905591879729641393479965279543497592620963003659
25009523394370507790611681883122749325933894182548331674121953251964979188077
114445029620494137905933167078025047768312917057562587352309492406222760292386
31998759182449133076138570890262638003263134376646857077523108134780157441636
76780130924078737245313518837666842968187242106310370652666166907832976956089
105545199004168283878764481298033610623509913018838579543329250614353877487772
60842005382926476112493450609602404883200884725824274426710976245812794584308
112624861493987231016953446216847072491285248205888776144567821755814026297132
42091885936049313930178741001092319270961522937260420701598682011596133174576
8810570916797557021143808514006343876930504834261817922968190293337414905420
39895801277472580008936630226246900642300912537905854466419452594660532102298
106980841232713387159630371650973897780619953381460780609428255305932118409397
101301518762144819406833747416731427594841904208664610565042234074546838356533
114808929766367950721704229543361796612998337506636076142285300455617003012226
100942887736935348542127644827121832680762599008872401759780319414229728882537
106422672182317685184990683896831003788040265235485086874877099800799299237208
77602373619851121885504606274377570921678695300823926554647690634030725135005
10357928407915584250762468859065712698112144620748460705441022388117195712120
8329260737513663872121954910676636492884297306288208796163683872951433965542
35188553425857681348447967401907273641676514154530387735805455475024496695934
91247090203946571208305777798151437997484111013374570449087610270456286402627
107417652355642847685901645539522601611543480121725270249196457198836788003160
47573651723544388629317335555126496103757247451347373440937621388498485480388
81063770648007993266769940037319592452706800640056228865939382285660026132397
101859398483387763289547199057562142958843211650777409622452057706317080070276
81933707584876128613922300230303827282930576984311654573852420689086408277252
3430600789210028054813977073501692238953610802739968787176024965072519785505
15805603008486860340862026667193218843919097519506372309611976936657534028907
49122879058648848141207148021223746985103073559010831173505070553742502984429
27001366871313561332189149223340804958554440929431813296931783094910019402236
97650802664736190561821472718718827774970572006612632108572870685637655272765
1565908070538785615364698189421729843945718214634656986268204813004779124460
95310592150406176898880506601231482094289025210252700143558640217965501587218
104378993394107270292121262052810215352935385411070263677604302770404941989370
39008655286907886714959832166277845464786901087517464438794619186156768213649
100826938824194410379482093387189083173166414825032182472231000101120446808848
94890732736243495771028684209198999766813090204959908987995873404898432798492
2308337652344996876467811833800076268185570865867694655465816050144051832951
109296593414951925316905252709906061697258642803625008982359456108262031718087
34549409392762881818625798912230429054650365217587320943929257616330774682363
56166014590152676149977448756714385641868846464817172719211046725436415311359
7322794310821717085451180783935109772641209320610595309776937905662880531353
38790327745339610612849733283520546089221718221042995748464370126749354486738
106055793775052161344841937407049552654162097964372380503183069806495912442932
81582403906898843494124422163471134633558608420016493622435842423641712464921
75098310933597867404656403018276543402792770399323926396260547655036811415127
24769192050423909487031468142259926117419522590265149172856316620210698657653
94241028599767982474944153003614599544288603198361261721073842514178197100759
55084608778500243346780444566160027610341097055872779770021946559641592004085
12571536142196491245145017372369521074408634149894722344195539047477533453671
54820149775029957547578708886278124051492348896599833073736034910895378441813
64223656038107214071009200381513571104995270047503896802998335176627831635472
19060399579119185230973386900095671855836161924704789050410213307456507051197
102796071677949690789462767614596199764493444777322568067666390593381499606537
88705401080338185430245467258470115092752988336588393675982214158203162394404
10342697022363548325266550830127097224846407393897725916992864233100721874857
100917225630646506492929715039812139068389876318611642232381798081104114467084
110427948138413556258183853133167325292462598801336867576303430133779573608297
43299792946696865184499487504073417012683072850507790482027793598156562368392
93811621595735994809463580437905390936239917624568080426861429753552552114236
32060936118526035795315597453422695131062267460008039805311090108841238821213
28904081737548280571850714984610125220550060416913376023315307229666583435411
103575960237668114363220789777279578620814257015259827064327248978602252364038
67585954695853238814743801800439653705863082755180332666306051040093013110776
91982430393464400408767152927304619920490866417385597910714700995099790964462
70315756831305622248488207164195093914084826399780367206096964854222536887327
82851088041545444027741280391123462818854973611031468991440361303564769475940
63208613150489180661306818360771896969200794366140813204052467231333913630272
84566213705476001205769835932075761624508804677486460719351942629465662886005
30922157073642913204923535025138835733418062720024695299104611179198900318009
59870103147653434175096125058355392447151279372440977000314056479798292962515
63452294452773944791310483101084993078667916396989722781827154023171379246622
115477521001138215236648442710414772399634728673033420375164777782223033156769
110872299063822349436027297305391544947973860187043905189820216372122736939907
16726937251769254217432155998750031321908124151284879675780869436983887571267
73463641044104848961468756328081797966967031608223785942382246724557594981347
38191231103118482477896328025223228886962391213341340047585417278118258467369
53132401829954101441408231809193817503537957811166197435723135274784978080976
59210138943685480112083162248093379247752092893364226571810361352796313830984
89239734790949366065325143788502696307569810433657124678985657581646844186449
68585042909626927905600745060964984634396927312046552143834005132528725530502
10660841123771549475787118916545904755307650665102128213397953304640526591599
27114114680367142583061894956615675319916532976540714790908321555676185719727
24691932392799224879032698584510916922004120697894722879233906454924252073125
103219128357910830294034021761702184887010152274919369126284061664001443408685
75307842149159195493337236118030815144623044811224876829956675646635092440376
45428428815337828487140564772014503094885378733503421769650736905529768410317
62237038379978736791714147034264916802809438336215742611709528573470298342940
33814713940363807998062312561319331145998972351656570592058018163208895469340
104953163685917766309591703473672174303433786829347099903084897559348438989806
82448541524897510899911119162169693296448789563319242722300991520420504907926
9240269003452804875667458335573308664355070021608221173145154589128601707115
44846212981203926154167270818048675000162559399190449537412365912675212023438
55958564063999568342595254781377598505000301717361001901573118042890919149014
102139538032374276816672933811972945912183821369501839911301243086461325979959
32518807918631461709323578121803493757540043184056914970301901947782986063263
3577165208934416767333097892446219559012640511250244046126122181981701274906
32121885796194071836936882192119920691107479523475400747502278534676128423106
87594848608475270559187013487876008979849959731481106521538333827637965714849
79336264588314537452899766731764420393609259648000533746797447015376189116516
29476873800530539659838906451846360508324235790221018014021382137514474865791
10446308002061920764379837389695318680749111617887067148988506032992743914195
97418446559897052908655685084718402225183004779224687671802634137609355555314
20665063275789794225151633174030782678929711890572265494805413688648028937450
47968022416491850908755011071997048588535229119821138144497125258230384760836
26314079408685383174895529346229000649574617808136732005608912904321829568860
95745241634165294063800018743191266608472813742054389432392108082889492475371
90241998707095374772391491850081808567085728062613945052741898671635506744642
62430996489552193018874660742670697886945591487627395216954962666207047135205
21145447510897736879321330701495944382067036816321489543618221249022261946274
104934376513127107162730324619268716356380664666827423474465865624924853038534
108194299602866654338580714759125051047958314469634455324538629240408495352235
58873212086408777180782153310877979932028179615206768166613705664313969346464
59870544961456797053846535534478691968987815444222027779719097701326980123646
56039831531136757395341881879726890038495645694218410965666523433312378551951
88938271102469181410613851987386843595837102634779969527407140833180380360791
62882318376484007633414912409183907990677295482993787074774811547925611215324
85570734169552675876935161656452932566693872988421091723987481746627711419481
29875341753905117748699549283034411250429210933281171311378181022209545125042
112777469912056660490177111399048237008739735926418238175740899287266756025976
11633646464065191352712590460938453671686940735814710144801185220649034912896
92363732227277689070419516488369693038480446942851918110563581815232990364951
16166415712261398708799371888414721562339937683102969553245459290303452950950
65609356452491596593999482896364588819960401906501621938326343964021843742048
17600928525957995622509584819369755277345419336839925343787349685515335958827
107515972661037610029357277993190180350233842393118253535197213757114660706564
5553679127522318537243889357002839284413538391352625122671268867728758533861
83931849427010837300319152638491468222058115663711050690822406413372473341657
59819517276838504738257572008729877575928593964085937519623398349362819608020
74520102408443900409682827544262479487023573166123680411203548334972793515404
23648287292369685312486307156129537562182826864940364567020765995393066666243
57617567395954116392131003826692604805070831015965929830580105776414216527558
113670231427550526609953498347952073597551509903886377019399929737529990367018
113701956824936637998438724476135617575223906797064225173703077711507623991713
27720341459777366166654553142084947100024178425215781420409541962387152870139
78640072414913119761422429044482083897584853568502319926889724841636600095667
84992536902212409331765283763695523106940626111718103413828426911888096318236
100161991923792857306414089535963425050733188932026527159797060307321278151401
44320269232527253417093980851056032088955476292715812857508991070142865698969
25779466188514201545198401257900001950637363815545837266985991136172118698582
16795968683374662773420420485072836293658541432916058760536110088680125583161
103242027680637794448854719001691890391472160844322216296300345151341274173687
94537240368313908355084316248605820104372018270413073729244556429301132197770
3080897657628927040373483271115801746984182411721495823888609073770775906313
92643655246756658503069266738836841444598277143762648902855927439811069708715
6258934967679191309770217483379926096769032486750321610992478003692474266072
29824944091336103656866348771690234194599029985304120426893537855284636090392
23279477611242136322743322739281925155416941337271682367667879206388612243712
3086502119422619188841017442686074107058316320541011912200032571030288352267
107998103918257728946130606668387235039716757246276628150478041153785517624332
36780444996336048921391223883250525471191919958522706231988932870567059288128
36446993639308945609508824122902090468859626077932007599486693795634775840594
42960829910007364984236377565333893589048103177947119304273692432299206616018
29477656723744225191773452479601807134822507894318491953593374963108255692907
39643083920460086052042474182325784216827921048539009933388024557325581578227
10112496374441509015991912074895280943506796424208287225587007609575718562452
99665174060851490642455655713965926605028886663377466898751747781875991829194
35021835616091771933880510130475731629294292312957915835837309248968112937565
29185445190044538314649813944528582957855345902437702917188720196082485465941
42668818395051449403203418929802353031785031849877044306149296342691685407797
54857946361951744426470357308635210411391965312503351374607845363091058491466
111575504145533109438091928835251957245108514725117420221106313002944410249334
5967554209129923679908852678990643113221383896797400101320372554644995681260
15179307592367822530005031373613797790455291986302055146001733147405416209535
69227883349479531470245371224793359255509824426142507751231506762355860024288
47945285831515493286780142694170398650003998940967128975002956653975932543966
38916767023705603896225741705022282495202504579285590111865207316198034685910
81004927369157346479891862337271206849616131303545683218325595631923885867547
110584208707688842926837310672877994287398392959895158477099130694194319701305
67228904951956131700368964265892519702421575139059627059152048731255705239642
87037699414355231187983824250421447120470834223817879940617996389033709748016
91702576367454145962256871995730275855742777046803838126996534365609700429397
80110279907261316575762828881337602140471636238051884259169104460307966833910
101099538031809726906560449340339702778151323306114839516010517509300852859482
54564871587749259557315278404546172697771343130913496558934857521531373816827
82029521353918882014985095973074111518825522087588818035911154114513032276238
53080523487614183227430498563210084084115638332763419853631155036329971376731
74072547204134627663683266121865313037109288668726229347930650602607559871361
46561853322312614048035580001785566904626635161481392256381088664067221200488
104380846463448714913988131957200329184786040340482546077664348979345130830638
80365181437379062488439113943259236646930840810075547837642806420190705703968
30943346767207777897822491074298320867365949431270695683305265295276454186903
77176249704619185520772994828868206708602951823883548387994112900392686056454
43966054320651417199033213652739416612146434530836744230665738744067875390392
109207027557292311096096126395065278094124902807573144947926620207996804428482
33883258971530165262005409127991719235424851602181857039230639368976048388478
80503219382612202117449371344974362209959831681048434421530418477930403540016
87659005396539838570834986147548693376575314604596634501519912905266322317055
30579045668240182969533289747747561975780247891311512698828916438397186355209
697975533148661782833592204053213880576705877920066885045612109569353990304
143075610174700882242483294117770790936730150290256788882281333762463451826
17763828791929338506805379434992075485484326487750938705423406829911184269095
52090852275775292802822467960130830183068512537926023309859340224569484383243
85993494902191403809668736933669696762784903920495850626449365155561724282953
37833147666654990385881849794239751486577566526255687602893538366232247047499
3893052418004387070846624255052437158169652141789890936070695947312511317170
18757670146363486868257653725793171271289053533126858332103828679291741194161
112685130714986428033593916314423945435852917379757997615183417804354482623087
102660916821545248764681915013022485606245687493515686594903874199102871237549
32915633590899922439118545971668354795499224688105799358417785558237504365834
38593947666919210891813189669891250061354508717565511788245627607080479680773
17128443540515825212840913893344974857861747817550528288884634132612924035442
14944549189913711931081952846036959936909005815608008809298457956803910291272
107066555134029951064859603550214819231442098594234978202948938298971599403942
112729798081837983955785448271907764209311616167352293424027873414706606211539
17000152782274993747146839562330525672672737318232805008203242403082308585919
9906508511789164046399558158449412304110974284804378340149882440438801213076
86991789967901646421530894231060747323503212693471859393020100996881181504076
38266101647360377853640872773195446849733787171850615350236844061163440212247
20194976078797070475999489662403314015798516884045692160936256807613236845213
41380215697448381228733611427025297198995284741745334775372915965476122847619
30155012912155377501943571272210051945150789409192232085567620056437252829899
43701629878691102375403557835157124957640616593675408312944953397299012120107
68205708946184645115548322182848924960180838371315228681647070203622200027155
20371830223259899553716477411226000470821326871150654073806031157942372616212
52433110520261381662287653965258218521165106300483826039747904272431574051606
58184711611115470067481864916300623389154017312955929624553391448143982576725
59766905251933132018757490799960518955857317137941195466157870785427564051990
106361835713189113893973664859845735393855882209794757701012222747277982840398
104330968462689143359281757714347530684190050493374877012030452455632125387385
111534491515012873339296836606716649783870272735000706560620688456071427606618
105988438848505414051467570331232236162211018847912024352152267982322294228755
79813998597184053925139593980811698859066305529591712041663315732426698023736
79234754159214441118554669858305024829188189723061036701396116849566587359637
109077904786812917105917963991050203476955702456105651062860548772845823249879
31834683464055268903987133188692755576390314985392703094967503323861457720079
68190210912700221604511375941234879287914347542787911541180800747741693410302
109132259404859618978802572565133748530288903976613244593019189055933855564446
10014177944006526892369366008506688664543526283915158050609400408463501938465
110304144723785279563774161630723891915108826988869156348729699008898569983005
17454532951554692100393471231466293667521354155671173172614904784033483302693
36677426551134989344688918668252079117472592541259630574137130596609149456329
38926977247270114653455424418587695948369087284060704588652825835609829819575
105029272886993286411842829412749363273195044528221226141278907669705160763227
110581815048276406876889079061673302618331219462177226288128230917410779920759
67657657104764833246433135065567638821512904737181667564943373772597090117080
95625991233761954431276091576008139816436058300322724905156993903614065752568
26882917948434013611347365144544873254431564506207318565809590785018333027433
64366479779615246535499796072345724828848871857149698169118251447786014738685
70656084609434998050409837636127965250625255915952545803536718772278539597490
66564798699375854868853205865940752762107147804633786436988621576670977834223
64300284422538581917098104155091963388202015600712439906194697495968549524036
84155774494110024308871128651394971509082791585418676795439980692614249861429
43492982512562851482000413430517268020108923400647209530376086907303947460323
37712382284679198260684209031163768807618896426927016761963863101979524005704
96238535632706202316110317260140359429804334111560626698808083232472758660157
49066100496228860970360258006211909497156153234155291949085644916160163705799
102578842178742016120833005331121942054156948218637903853910063754173904859443
78708967834666965023430077200280876989041424275262725546092686825741752709520
1224786834568221922981257534808491344623594366740460958915211832128057954259
55850990633631605180025782496467753058241134564415806552060904375400756640598
13733286152834432198644372802037850454171768221431641765168288873445620379585
67694073951411991191370221360204835693225610801942552736697822632359637269016
80195991271649692785036878359065681487590215377866823948290861325900585863951
46888462268436424702460558762694232864661128397151081595843927280586881810446
65793173861447767680141554038781371635459343978489051601867601187888721460821
103266142720912885774821407242678546085392890103365553155195078088950754558415
95442753232050679805626705820143280754600149138284694438229885143336894167635
20073063195056938419010311434479375485807510789584215166239997187245652436029
114100687432162179541893468042447858213978505146895144824185349968177835769339
985555893781502798959716153159874741573884527662312258602182951150367580326
104746653953400326944148270694261153542929653463348461310323302576571486580122
31759788787880084583246957543022677559845269406084905110300372236284663692377
83933337715301499809662455594778610561526190576683585439338112736904467932705
102890659865354488224763579012733757555529374326909667643248973339287432331887
35388229869297740862870664699199022271121904845057748192227643664876262920820
1181366450138371633422537647151652497181596951543670305167993702490039541950
66242482506223997035924649674271462516408711934989745939296403833645502058898
97099468873798196930905759925183731396158085343396641402301230695338807055362
69635805967893629066087369003212611767707805956175356544712590388230193969306
74870779784227706480060634207074445988756386987926365373694247334630755228435
1056215899415119769391204215713733390851977643797121618695347732803763690006
84038251687497921743839937891009351799293884395015541609372222630708773415422
64423481205256204123564338146603007908293011264602522128209085198638198962028
6016329590028747149481085971974718989145194277518742754459218766887135801948
96475697009097928740416883028736603744667127035741090012773191007103319337028
73630092735311659388162362933665903466065919436250397639190583998384096581202
65387746814600956762447810606444352669216801632169156895195581893529069076452
36706832174519260874132118272380764702730355279332986888821376428481855168048
57281803824042528576988993658144082832461785633683790088733602933849671202059
58064610124354499033738560294175178331551206797146950023660252774801833515561
93021193895669864945752782026128289340990023427879090303313336952486769853555
87450295438959876323718149572810756698785550276354854533569394483553757047601
92627151583359824291446839839038517208791713979177653584783065772633279713321
61357045488820604141388931196715988292285262702553867730137599361674578315826
14913649629833531097174707593737528984695716335627603002397482081604248373071
71430433791951763211648989927946776769547129886611636743546496910029872079168
78902310380102647669188266180929158953567158916331234089642816485379974370270
83475584404517738229065875632832916239698720162984210542685643110522488598304
19462421124838737958289211668800482054972719752533964241765586220662783568731
15575494722046408010802071215890107032076228908170345479377226686362821752454
59691684543951388050424168928934405604519255686084836911885387855558160476801
76148099829720557434913490421531084964301946346461206794272021909811532469532
9918927020405027501985024931840240360368665501676444863498827857392300817297
45062660781603463189123608654396865963566943050292178264458359422734639795607
95832835059717213151729557686237110744151625686010912727150816234730070106562
73698269857263227390042933496426092709597805835557607435053734019982951006785
65145935675644928399167466052028980063485076290483431535528273479514122319695
91489987367231365335357608995290247873404396972322568892217062175044035904817
54195974198719697195280410755003561938932331502434920624144812560874879139012
109941967801562735150935948066506250912653097434302643563478590578222975135805
22189034353271136927974681646635234447832223758090488297927239980174335846605
84868535872091012713772732592852329434269019906564945604528149094841485059605
104013457027918470312415767497549912868616855173000495476252139359850196259062
96015553100358170114497033032016937219304779940821021585404513965496594894145
68546179065651797142841066423553618448810488725324211916596187427295799106096
101002563813907789640340778596246204876904341072556598072876095816459248548891
108676803805800927778170213030542969445000562400158131778703763309777028402634
98089459776835664206324500682115210121219044943425495062121261467893324474357
66246344128101617849038281918336175357058452744068657646631946026442247819288
17978400393127650124736910355513569446123427962258815499520043764630909597376
49419185288054353009523506958598075630429749345440546449405232081800723487354
86185409748940829572258843676191512995701072455358477363592998076523636792077
21132814283764903249120929577946091642831400247502417965398094233606902021129
81112274278040304984131093254039799133491515543258661032077961934342042670262
85573041014356340406580867384616185669567495923528462767794089679397915256317
113035677179418335040933102966756209437457964201043278935837128628210847573430
14570302081716902747906607889980668709537455531046464681465312657466213772432
84690499280515987154804489117148273434416943947797126531493275443422429114068
95731817156887335003128858742558935660427155393837364616146041417684988884645
68376514950819088204284415698325867853404079878245254248068431648863496316844
103928648955174178362969412043400196602822535076311552002565315125737133880876
88543083579372853402260982347494837818383951846394247846632801211824122867513
81769300690920570360814747176222718214376460077183427800538586508504886229702
78492361665091108200750038271353126402918296101238009165522093493823891244310
33927615929325372767139379628463052167264702853244563024504850361832507156657
69431557429916295459983679304397209074000064676961224558048509223437588996892
83818690887398600326645724344176850572034520523653299742135189305120120899588
21743914461499277560854381190046462867420429533843582017130152521306513548740
51352082270714307000520843332719325406660782136171165747002564021732507268358
27656005418167910022828649497320930199717875404172332044649042261721949264864
26953631355617230675028728026833651924594918178056522081838979185763298883386
74287192390772252701911428382607337889570982280624017046585217196691248049958
113274907469745744118915229879978107824417715436902644284481756558051024830357
27073616695139316659747633521295366665251225089854477561133197799569838727757
8086081141069413408926417429826928807492731225972533708101673957964905592132
92573228893110735794914929189911341527186837876829661839408874768511477758241
113846437185424775294046983959280316558657772021867758617438297985315749909392
92678343163695503500139062430778538754170990891174474462021845867688099499821
23969409331306997078460685869398592634298205504115693493402549700022950199868
22144852555363110914314782639098746337917525144438084241605406348654163390715
29994702309283157203954212402968202889728764989854612557648092944587612108592
66790398416736502280873600818412315214332312843046434004809699649784555509670
71547092164603487832433912879278176657561523816135533335551521238666826627249
59352931153111645402032760628602598133239887879922633034549708495794442374200
72888197916136881179650699497012598076437568464590741524672913230085650058333
21102774561864228715531588170128022943645345733473404626242992151217930518531
9320773186614537202551194160426738824577505464182002900468813180909755577118
84166423651197621008841834361771043517627285347466064419941061183680023652437
75514441210162375349532616873696158978259201537216314353035111189529273873956
23707226907096521288324094094071298629491480204087323426103544811142558379966
79283188614310888570928464215704220435305175838008102828789781259367842534890
87218735399676583668348511448169064657155274471209342100864435485805936270706
9021758739623503609145074026386984601887918324473084199686000230675480379966
70672310584606026583117764885272754375872228541172265584527262661236133536648
23235997187941485935454257542226889138228719363630181815599483407192408767698
27108201785026652560163189831395715346345510438220982185122358242864867763479
97720781611920684767808156530505306336365033224017040007993098149897340113493
74933361314931783016443257329997552229250806833135015008124182653149576588655
33123661956623676685001945259258829080572894219789999806944372790114755679399
102826637522594798216335568093802616801698192358859307534146137395769543379201
97923471561278808224636760906960802247672528379891152637320125466101106762640
102094173107417399607169003510532989284403429192258916720213158686515254185546
72740587118840965692968527390132330554075693999639143244199183709887621113202
96704850172176263412519565578194678662407233392061041432468969592389999024744
77031457272699517964521870200988368233465140896980942182120315135965074018301
77024071383917001930509008929153304389454917677859636930572256190819895428436
81905591593488716748294733106281516800858169771532706812573425492636599134985
49322148367639687723492831514906228588593501960566945799103558125206877851525
81170065869144448593724035253548133601372667047380281398721034206971124492261
97981430539576619131304634155668718545264997626330011418618125084084221486529
81387249686196684196951776846377302643636771382174434589390883679698926198611
66779687414960701784572307372326624188811728141709664927901616834952093681232
28008661466909715123274576033234002872686001229710581759634395444881656157657
21502790469274434344845096130004355371037601295317934995262420868393694702143
78341185106883103682855104365391624550758306643848598322943607165944022562990
99457890205886036081761467994837399529887633709737546029133399592856504601651
24422169091342017012526926382430879546132179668272588752369670655134919264765
56120651176773917988674385573664755499484881407864071350366008426551143310655
19328081431378768888206500803922985961484578169252960597429336048975861210274
3922349772176408481587122844150666183825109857815543513246316456401860572725
26155497593257992561705731219094365656454757557162203482374450375738320359962
77813531712180566405756222667574769878483452940850266100221448955310008575056
11667159175921040873758056170210811343954077787642838696446899989217212476502
90083648717414007505143777706093247138855851091313292272073881386777418886464
22576492830523426503338903401468005978884442671977840709449780350913423596732
76481852438293384554553674656571656630423179172140102815427011131676556430863
74516333382655046071903905542759955214049246090866123121905970480176822204975
52309135248458032598785374978606942586841049089231201265842555132740563263646
36259575846196475375726337337821325084261530223349546567580818168125659060819
101599357356226405953111327020709563834722353636467903331174062141679353452311
57867765088151230997739879503708709353473506013366014678794635492529228275217
20658697136828815518793884882967306328756095664846480925600148293651383029703
92641439160088301547750063227329669895677114755916667238040766660342266271215
79854441371508721615931850814440220029468604200809990312761488081361616817240
101526300598777533922118747742441665730095438175463233822355174429168659616066
30933622263729017241389351596650315391383005475238479535013641427679891499835
80511984091256549221837843667592560838185011831526323292849719935064310607318
96369042764398313445989822660534333690826234604869782453346811698521180316109
105178572960253294244363007824564035046315761724153305539537511906046137270458
55918597725664189679782134370546281197605269291972290856674238016951517073746
109294688660779601228040537484565592569452491824150282624052492976682561797023
60887309893422170001547470249341877615171001778241123493733205787664230038898
35272522899759595498447994681200423970820167946371446251867476599873842655329
46597504405219512043300060796370764357421598718588902025342777222327068097393
28733689231797765025656357597539709726075421054311379293097811110456268363697
65229171482437322042345003791902257075903354834344057913976153056799893965569
110247368345965105658076673280147413001871492003511521901894166797259801253794
104721202885036686697071128422233935169962892272424118804163902140671131753579
15060785232111249484811303121326897470231565063182261520583282260059296407602
74731339924635939767638453553100348615579859065561935191019965880432104481240
28845872488270363713098273808779760229943065047195842614049707421870121924666
6878028547002184079659341929058471557881643887986853426421570064092839714116
115203104768230296366306837573174795030471338383238762705537641403835785774802
56810754491493937217876738494996375734356522123811203449274584862120737909996
38497900523535185397299522642496971051772852340027716197755504129394406175582
46220020677503104989110558184782709336988826967335437139204828780260956374132
19266584216136091108287963348750533576160368418746019161294855517373049405030
105833020342277710370195418480837491216659186032312438048797354844902360291836
4312989615618011605546329115024344717805118882546837848947967698151495610110
70822988536077759189338071096671822013218736646767144956521861942277435286818
112285713525241119389338353391503727475962062878920962738744311610452500441040
75141432249405208873375833988351493324250442991316512697480892661993048427712
96472046874672180666685384163371336470600311713799314475016226780648005417040
41955816176930468038065012444916587380321290077265505147475023674488523183631
16583632579347546011108339948676280076153189174002721825949292412766001991252
62516982539455125779339464888436410142820487103610592783830586402745806465610
62189072950695227677114234774218653439305914673392344444889892858343804563329
70762893573555041860666880279622209558071068695144776597453639128067229787880
58565030624639120452370268768046688006334035709301411430387109165202311502310
27477522266033760563705219752295500482106919376975735126660701571915687021166
18496394699558432717719371330606695238447718441801041352904435983802406350332
57403817201270754870781496305116100977516625469173565296442123739543357038134
17058650341505695074955990405079135155317203078550417083262567344286309020185
48929607814358588205883576946180811618071148525060161166046191901473039123715
112212436313520027420886274908187803211271161132579344685784495692697275191969
23886083834827940560876187388210377486746800855570611961407737632779477691614
1859252003304073415666494879853262214162606819791680627113851047288928654771
43559677903210782994900681738259425550217380859684224658258055535172147757674
50273102957212102666923758945202663739703249014872128482016304476913307915992
85859856989388674942817680329656531205396593831850159998659452986750482001214
43154183712365949845974717803445909256551089927674306202351260833646814162474
105326405750409844540237248700037692792653653672083054882007635160729333092902
6778009479239898830307457145403373812967216604948519497946384610055165765992
12759587797131045419638621087317668659372335961076124790857203846234883084433
6374054992587445685234250636466285260135969958487008438311113096793670779086
62192775434766171417814750776181387610486891593555948850101654298893746613910
23937046368964767481795676046987879526397698961586106676479447333611201123695
69138724649198614049662629792122418272154152540205966661613242344981989984570
82437744607974635866829213597672688991688389527909855449000902447210210301291
44031333550354879557975883019270796610735324573811855016159001045836417700885
65193628732109377513363940791839522497213822109653383342426875130796040492346
577457680313447518297687457659223369554544143628524684735687253660406160011
45842814737987652915185354901506307714213321386561198043921487812907803696939
26574803496970219774679072679936307758847996381048179849609940401424291738997
95237615540570566029087167375056459188471030386134631212422237331974152113892
34834188595433170439246905427459839120823434629700249741710627458583214231474
12412516715129166145376332556282466050765367689054719553376567910343280111536
26286847629138166674608544372462222431466736126765819059826921131069045227013
100180374942016892594997874914265423306591766209713442685107603805050977697265
16975760435694711683118457411737991274538981807112841611951935823156544803851
29368354480069533399746097752302463639105883143780493485464452532082229026805
92754669286117963760079216963926312480801442443394358056831190530147772662759
46456716603390753374193099578490054342981862730580529859191006515743879900678
49164846493946256468880751845609361253353593509653975279743944843891407155047
33533900297233227178832920723839825958056949144168185909256058110347108761113
2107430024961605196885596857741553081854430091550524609087917648528359046454
73372156651727945333805745149051748754027390587179864254230007071355582322538
3843069999598804235733977621313124767663817956706933302340403472949886508925
25228283947833342498142308789596408365498568788659582888309669990502130922199
13083671984489055139731498307745669209933620935437237244660054508064994120632
110619439203686256332592629543470803092332270290913114693120242344179505247971
50518242006844489981361640962960160518333904457885355848581934631649645813977
19069788565706501630811820356445663028180358168694125533871605636259366484669
86331130354677069770451961986141142221589650239279005188970334579674442288263
113479968118723757752762394958936199447254646041316233902186902949347191792658
54405588310887967387617464518375733734381894026534698449538671167661451662518
94307124892567844746427169017765565444476442625661830149116887012703778462806
11649594900649742314747388770294526453645577445880845839304984026394193051687
93293696433485028375286967700257041215774702347340819857237898987771420215371
52540664058171855678780838933593747014525386735544547520551092609787880443494
4203070298288137253731392268791410200645306857068668028609514628774955491937
55656497467303422065302388410086575937068880863162315985580627664212345440738
45553982754876001925653453666630673000408528118685928235792397606193750407771
25157337512360995324422478328623996562139974053133613685877758633687087546986
66370738265212556303494489668947651199244886167450927234188652488441591891424
20157459078473891889771477244412364473634222238690042065784929117589347085594
41403416244008669647410060397829683908881272983139133074292584655566428557029
62187295812157700774253225696590552954965877898479215320323756717680723287860
48293484217075500287599762891267673269689309277808223279831417401913091876759
38066667307811974080304385593294765738018801514930511330576564607710475137794
106612758158538987095726615891279487602963499625473203375586284297634494523735
12070861758512107383590306075474405480481025746767918024613596337586561189038
96516661708329797354813617472285571159864815749847437455301729488376422566085
38022766702719383666586465391174979616225463002518276300859494480903611158652
28430338087203680164722860294595536936247320549383789884806014766381771656136
115537456957630153759386742734732882802910746979225044364362795400954530652944
111256899200973420560619566766282560434308140959369910476192582134743719494822
79157140822837662721071006937390471161259395908636012935341344631619991153826
94826846575621462726268756257732914781738326343545990020024697059153661608697
35816467927053224269892522152817821416521084304062449049726417373939625520737
56857350973208248018556918405014555222328573103730184411964705568650187974769
34337906761886900252435964889532826480133008099410111998228017019169251551440
71166570946944911323808324058675759956339720315107332818635263761412021235524
110919560437060727403315907387231106318634975829963829101945424876617000115337
52594157635335657990178464397883841052679047287775159644330167094942576044810
65430426461074303713095905752127101201918337736732985958725650418868646815809
62045496551353047996325615130191479602341288447495866521862219335649705096473
89706072801381979174052944177184197328488420872023562428073947096432584144660
39583091344750027960446252594204131323634061704304916823709759044502705676912
63634923032938280586497389981515847135061006681522217954866225385881626104546
67328033006976784259876632961141531854012760584359426018961329238114240218397
49860226578336243221941435388728131859381808683794265518039945002246669303970
13059048621654510139246494090805532304966046105809454771184392930834747189840
19727345577719668665558565558277719320856614557739988641677678992404925405312
22433958759498490133473957906796323615863167650944810663167267696470839824866
76746235789737599177178510419385241305828666078186263775971634211594595390587
340645267213084404034390271765999503107947228035653071066400362359227439440
77774477849972023680352116636266802191065046445249179694407807956966793851457
97334671706912614967762286115661858823445351392880393784551197741095442105959
99689017997620461814236961990042070962045454376691564770924501505363872408128
38974294946004976983058576133746436778997900612321300798116416167413483862106
57281807802314030919596366979855724519204712805595999130927163733419189304778
37842257119590384562292286284276229111184843760575455366609775190143532999298
63051208421242850821453461933439634385483492355113663184142451602081981089670
90989864039528403771402335683793560795176313914763013709119951490608519928311
99335787964855051586186360990129680957585452465499215476482751601692215120943
115132478662222789129847462794627166129499853178827202888054307197662809656626
28426915625067575353910145739550535377125565151249850962465661137516683323803
62690100383550956982457755372462021782484161094204811043785583676264903532721
45741199578000434872788881183805407575860313372317477664814393399199473270012
109549761210289878019711028008547159321253083021870241653167814679236175739184
41908814600498184332356397946836697502274023971765673216449056359423492617214
44823935173499325137257796599712972631896985077727419619889022752976057375513
46606588807724248030035854064109198870632152321588446502336100732012184243302
96976064912324112101744373141540666755697532353061853340711898403781852699341
19130568414779910429402689269339498692787044557059709898924659893045807439444
14399775626314001667469761319793018776744962893546244760826289779274831224552
38625796917189484513382968247597237973215769958634402513000969729341918485470
25048094706542826978777274800784629606138826096353787541968745158295744915070
69187691184819277921198570512064356408814549867888721182562028848624484516315
34216504813550146158439455388865182671913070604862902495835903853631537949712
70939066487433443830332818153140658405071364202577295375013249307644439292883
88358763416898338271959100024285061999603824221565547130144202433784223799213
107319742567263285890513005625345976506044695157107980133122534075278665795699
55172509980668613012191966365816623373452604758198366937222156326363159750727
52968721592597784660593378832851580922893045439309339844137900606924500873779
34774108120010133444221154170668804913384754530547819502859685105307597531858
81921364373403140994089945502661745139758052187672472616385227466350392633018
91798875829604959690302592765013725346923596985075074645820921766091028592415
43288836522935040638502074253651307685815959668344163962472082063521220573479
58340152596392436090643085277084945549975899273765705198551464595083108691291
446535404118733757935010939383215824971082072271856751748830613683219654668
44539896121279773869406327536881798273534299998290455612991973724855475622347
60623213294371626752492405792197145082445454910077884731875546364869114436948
89534047538986796529693368958186511747181701109206129458378078826440811565684
79879204911178776968448499801225288673854595723497344637450204406784533667240
103414424058485667930904092930173863101371590403762675298028975169494130195584
108292399732024876189090899410415906939399178832482504676211550599366600795207
2913981667015633844276919206318108469316808092174591049479500034469399719846
36354027904182306438301450212230642996598834103480841487449195612120921199869
62701853224849725003275960537713382638584964438200207459348448845282986825882
27676905405057695443987135897304883644922209206513522901390403343583986800964
51042024679617256443962932692430984956774370349677905939872976955811754028967
25681695997788657287819778803634683587524388333813610144937448072343626871601
10871552060314627972093346196115865489727570024661645395128826230461220334806
13629378202251476583498849536521349618638922082965188852077709226405201209022
114782838389437903049139385000953673063818652115532618671609640803949661925702
35064801780641876818146625569901617664785234633558860028225314454275166596022
39757753450486813275285048414303158285063892519751402473368799376288261879309
25657084816869580923506469338553765527055521918457985912868124072794281404781
76277488814044589434750171760463443031764771223424371832357394642080178261283
12618312081883559094619640969479841563286346811386715129916027848639256211483
67407809375815689068917622913675142258268249218715088748971683511215027945320
18776442651296161393378259204220642074488048943300387283527923000654047108242
16322558818171191879817483121903051034194414712478497974790970724902772849045
38992678254857420058443902939548343967960665989044628567246113081304650617484
61950781417681899436362914423463903880588054516583636402952444162608423629616
2344304710549661505628763458921398836576280896612751001286442046660630204266
50821380202357525568882000789444849256544958210776968528985455286080708511509
47465335831599937059180861718576530180045722227300263280565292047178901539982
11551363899919937799572742745571898335334428997447425532579921324372946221123
80675670801441130494883783024579754960602751939308424745210946847854301276362
25779049455044225134093372955645173021885114899996826239213990518864738439248
81753558903561116019450767458319100671838049800125528109639336674685175842283
50672903803557629677306292681302419190353146717788226708333290295309389933780
11747071544089187977804360659522902692114460889400749732798329299552829993786
78340448591252547948052932030393570372577264927177477682125004884817304519376
17009261492707546912019349719400426649116253869145912376533985456400289292123
10497080229124942277738280839507484823579419577610347832260894312467135843393
115001331055791931721954693665472973033714976212028097075536951779524656487371
105894371673937570534511483771224887548910550299912061831442388896274454005578
79969225325423020294728390839478521513299355175385025083435120556870221687522
3743938746874914500665311991537760857834275486611609724968773038900752828374
111232385608062391996071506918934622564719147444769563627400659992215397469358
14744674362444842740815449327327397469410063781821895570982049413486614868178
301876305658724529657109971795394225050469352227510514247973188823218713816
9414864821408201917182712545934552945807406220122552769322986282128284262989
77054527064641079671367715997117984126476265363030432159070828848605674314431
93010733330633660300672800124076594209081328189059703092524398793691960456882
49254899339365192941729108695220022421019333346910084303633655730166157138934
19699957592502750901967389248473952971634813078276457443474417231295099863163
114304218297926169304479786263478711378988216169111182283928523806971774005063
85377911455755526818134717952402366249749833533896791083168546327263520440752
91177557863627855358306887080364410494528640921959507684458379997496424432488
96866016085452819642780992798743593643759062417582113869934050782024024408282
30554361508685675775155894546707518895342900972576516575182919897412364036609
44514545929694340535281238870849412554105985116563997565796683742680089004406
87306550284290727945995020355534962268565698593079457384617769017415476021845
112175243577241589885048402904743533618480676733946384309102065478348519791321
59027692269964743659650680063708466057405716191702171177014137897886824116208
85092096887062194753401307742742292024791492447843652834330854297971315451393
105121896169679126106471759203693781284386675284080606827838545832819789263656
52606381003847698116679847969373514021377234711288243715348104699177986323958
67619700639510931976013868702099872589869387169345732802469169737642982696171
96502108692283774554229264226344202740139969646131497019662193739229945616725
2521755308595007786615236304445061868351564901086854809880786555930386646849
33370784721071201983855080772436485126655560189658200394622682680954183062552
91748821770854954452382668930833673531694260940218056303171411109556775260174
62568312664330891933306713825391886977193459567577243826487661384826077628747
69237574452967813671109792035930299787754105591662414980934079889707865798914
54286644441748554044823786721068070449958040978023105724378174487148309882037
33223471710065845902010902561169463993565363198853118780621997625840875598047
115094573930255605848483762662016451991833221785081454784248406513286123552889
61452248673096320954690105906465351396849995752648273874309118037158843095318
80788309884456347113978446949730467155960537724501330541394129128677958593320
87592828862360189846206319946882042476570949290952527325039052727484455386759
11150082210455746495787067711031800219974392935956977877150067581131232946254
87646965431874952531697327946269968957175781295256503315456172410851772862265
50320363838545914705229728640146029482761653874959195070080182561128532761037
59365833060197886194920861852507800832943731454110563588480234455960447801477
24922638072270005511483856756567101203937707406902499747325037102303310421756
71533885710309348773744864017662998188015102165844080906589129240262509836205
13024928811391549305558912362115061059376531458019138014331992037220433597383
32234645436335972422704212299573720484254916318856693910596318366359475777614
5780490424786231397962892172314106895160080360414262695813969470503727731514
28570512981635145950869056834272560536579506203351958267187610776869503235147
17957656580889363257892889144298621053440995326211931739154198348186301831379
95682366199879394129193752173938510920674193221755732252570692361226737378819
77549962906185687457110121845055512849613283279718161667293732027075405376748
94116009218595416759704939578471569863010937735724856758952292879597857551416
44340661032829555953289370429656705257308538940704852555041827623377923094498
39369105895986053058095214575175024189466786680214698408698611576965298024439
38667782535256611370587257995023779419569416948363329573983246573524461276532
104554538548050566773662482268750339622008371954900368819603639062783792103034
38795907827733667606958649208095454944102479229950190636611400750801704537783
13234055370751023047008274887238832335029551187273735671350835559012691378744
1816218405533715836463999016654231876761086419493610582342509942177863007493
48456458750790585083212522529927776870997132862117142129510562732697202308946
33152485866470137559381997326731600238679475305155058832800446739558444536429
106918838430512323731750587618116138703098185389539419106051130959430352206151
49030560874083977582912059891342062580763963502241735634127831984792073021466
15959091843314774139627520516475332103358883179283976301751414303288683929245
60401403670124230690073724702702777533940056375246066530290807909594755685798
61266715851327939633001207801167683522096146239045438287960259858185460925233
6857165140900806389780807386386931774755921733396254772143066828574142729400
77940926886412406877912484062915413205211588762259987687497118930223779424543
50291096559101718356992727724528602291096630914008213426753607587265881660128
42531008528257221723682495900483261424986720509956461527550384162046254030532
110997418353269563968330166103279932906132540976227587629381697864170413015524
6138071393821172228349935067390400333702836934910501074924448570686874678583
63115503255661629870812688211008987318492466025280689954207830080893523444242
19678013144303548535807713958633803191408153772875722585683002950130621906125
39157842116457983500917957315261506210506513980524157556552183216735042929123
44506108229809573637720809595844306015400559837574957317061976780506198186345
72723706019943678963131271013195306849999392299697272842259774980768776962599
61709607254779579476041489068708356409780352580084287757276115306258836885054
115516524620435809192921548901777058149035320182831090508754711208772683376357
23350131119018989574646242098756523528911024931972001995721381056858400495193
51985704928452709473964677633251314024035407578427360574360535686997333855344
79288089650004718524776116118458472445647335677023313371839618816253988460179
78815718575385062939679806531447673966694015028626011134933885865404725533033
19428216244638471855845313170380636994578258669938025045934798767108549312718
4233968758184289210802785711390747787298490724609918482512575136955819895241
21464675515070572742562602032849782762822123366611818893437693491453878458200
67261097014441284791762026514205692558528372951533167695241870404293637158150
69104270738578801583631949790295922157583994319541494787349087675724692113045
32743410393175906280293872350113262152794341228650469513072615816569283696424
96515501125742128769114751795745866181731306884135718426694195088464491173067
100485880623592015355201064982502825197439571943199801297525479175557023113673
11399403825649383495743245433460742709686979540469105331700077445216085079752
114793104026327516746053973000215507438134239456609317404441264564355220660019
37215531184924632307902088608747181739405738264795876705954917898023357449602
12396379237598885648736232171390434194178644877747277412471842090578339169451
59803686862202941361711521530196420876660475750639687504322134725152694502721
96316965651393033755785865651368060465424616173353596972631960170747373805709
91094722492132563668876459834904157611869669951481556500731375544178613728070
104030190331269508207388412768364445068202652303040197609962192054621842929092
86467554854526199124813155261678797645402741089684637751193094674698381134234
99852414871463252440087662347957989360425622625393589117597849754851365355861
51386754979921337273737573888780911963784140973165954967229654420206778573040
30825427938374267371823740015129531042820073253669701915163616694253868387130
110442254066012956194022721958957722629438603646572530723893747250287860737845
96950655293047839746342001426325159731759096815014197437166219872086631110530
70881006663926499063025226367451772965007050524462532644582790196060428372000
51518176334877943535519454273007367612357293242176426370395141562455097431571
112714191433930200601916421509646024645391957725646399568556860919810423537368
36259101614374154646460662114729973620166532990562454842927446592668023105448
17213453110204399585969281442211623807457405081559056457464064746896998551696
94608347134482797272837410406219713630526356707027530640735803232947320565498
51222713273517813857722994122135832331331366000602524692807183431999799910293
104394744637306825218304817087418770125583369836904877053409300299608836306637
99345405619367633719958188720172576168826677154859409658160747143253802461667
110018476155759880812112110459084422031483986514577023163099911886326839518193
68565089741350073739707848629307387398254227344317596956712613165523614674389
68424803034910962005016922218387502634273876240957185501121367409443602525062
20999264424303259526410618063607286701388577119996052265826136703941301568097
69758653313824261871330820826647045493324384010621854475139416757742749848837
89285693781644828285314009235703874619814681985007683442926337040508682148419
41876853597575814480498966958628502191011012063382049623877652204503604559636
65776675239655877763059880605360174488803323438230337860296660384713361889667
86655441964987454925446845177148974300009703767586472774106514589977102430182
71612176427907576322690499286086380328008482404036703221205216779792044025209
78302324454012488148467722967250262294881135730655044438329067026511504898418
63697758530982435939637277702006769775884682624696719913348538826619424924441
96419066192640067888913895070637825160033377514732832437032228747687687905102
94680196796975013857362854773840686341154372883709431639749097817156421692072
73819467928470748539797696049693638325118165704708840638863954480282559221400
16364625442766514924759153579026907152671978491479816455838392174779073943629
28398724769600888754770829815291584147595481456584998906876951096816069934565
93368474072564927769810686474617055627260517859406474702974172914574318828016
74954081147038493223331703097002639572263005856441030087932791416018698308703
90817578481998379039284363177650527163371823178960217842627159029792506498452
96064710653279443555628036584142850193823115551393905574228810828484255276573
87731555574456861090051150191233321462396830980718473332013934977020550832163
96334955903096682498267121741644484239462707511307040362706262487820083048077
36478403153120827752492641093048716894093465596754333010367750811815449271672
81371246635486828643879323315565246153978092978795729956126215379081089566494
66995434226161481272011402596849705168750325284976642718523958329410298842663
63022150718001650151978627864793201190720533443598245030491555106249347269884
8876795142827470411133186675674972424600560549997552818899812065998552834585
31089412444956624784648830915015445467744598632274507481344445797315970865940
96101665624449093172359214502546172430452489242815121686114442765138362843962
48458541611020225611948375385979404177534314863102456450021352094599343670408
45219143821139294280200183720610160452043879105399145652383302330880621734443
12671033989082508769028001784771726507267410885617207972085607586011616425915
83384200484258136330303865615697596246713069825621657651570472956188594724381
78363336026304471378484654839078138580385538170767347123768142641552876065454
75651882378508261832147284054020371822500754964884587075956249427732515773163
105771963445890190118353598238261245768010911968233237909014818285425305029903
50306124082016713093341443334031811298501619715122653627100470500561707832692
98212589322088705707826635616983334840673060870223331017864895838413599855543
45245452251848026184110934408685337934711881286123570715901386762046984992749
29744288621089483228251306034069384529651451679059553857183680032862891274723
2233674846398362981093963627410199245512143692529224519903602611338209076293
46900543390345641155513775700576633519306371402874511000301690972769451774054
11610558009922027422849097681617358380779223956843386666997464013742705928088
4328909841627363955369527596265785424740681596558897402114968547489668484263
107337504606717253488253028689483427913743805985977321440719399871381687790693
8773049097723806439785652640193922530253646178257732735134548337129883151598
73243100713199852029589305485245583530028088949116299282032939464878169496190
97958386269548402304644748599470470581103644555782949742671195018790613373414
81430884323683061948067447443043658982185847714110581357550509196601469051893
20067197866386658852071611508945938862750969869885044736902905754000898845310
112590450000697929670561831873097191531197802558516109597093960697588712740734
53284595009532357467090303103104067309933059836238372392530276743055335741827
18639906615709117968819057525398929104853847076185349940257412545455573562991
91052232865788450058095852715097766495360247509597891673976734571572173851971
7163349490059896141034748087814322451174909182111223699472792549524240195839
14457882133136702785272152049076549227509935604800987881939079659007768240950
52308588794264478669923420264859628800848409432387262648622596856681246392933
60803374878392667483689788777530392891628550495884148155325669984855467260868
33252908547889162908513409153832812251125796144031770818035361556310257148201
92214258940521214823768465613353312847665655392328862674274898497268831112358
25221979516021749326937015625469552201596543261902255200329409992614204127152
75333460501488201529590099407480784366173314720321597680462860502432557554551
40919028810003448646317763789403925829208198868366440131275464425929531467120
75605901757029912944625827537945907945656366691342959731526168419006480918879
35533578581143975071481428652865288773305311611821958668918972706135986920657
87071837008579351515545936430438914528268358740912071985880280037484443621894
96135204391986544311349681444017013699176573277726456867460148311418662485940
47877395782437530002424895949423382840616712120642404974134052430057952662889
24719091709264823880020531924307843090801250839353727731026804010354819099734
65344046706883953825161551810726020815308761744636523596330925068461965939188
44807615789965270228356011074709930985968967270679916878419017540689682282072
22848385258333171345503373024907238005306797941131980886374997460167718593664
29045514917622133658883273440891769402353375928694781163231185793167143824189
113721018899115943375974816688942751843372133375354385610901833583403747804985
76142322212566194299401433916426572705480333464916942971924631648492041322236
112722318080390140829984060600052970175295759949688890509679166932157611259956
81679890155099684000161309535422112775319395909966943431127190391542933204741
42007065531299221275632199786091468285527933331004429188919416073357265405135
73423883722631031392828910328550042574904894554162721538740462398046648860236
2296304366170737183655858812729073383204517643842190059714087891359032032266
57028957352630235128073870116431390315159525294095446774025184844195396970977
114874917876684222414402865751773299222776136938746362648548830628105450197245
109856637024889095047879394625681373648277317330182227746046008346049176128508
39082260008802850803899800873891822783321807861017766562577260129082731415694
51029084588023422593444902699508398653781364393919096205337588464774963875462
79369734683443708871251899482191936299105300269068627256535401596807451544065
25108397915650729492834514249440590294424690391365564830769465460403258658682
103871284051137113514015963511842168849345818853580786675922601907858530607933
90095963097759253227631371722100475725710603819409961220459627163275439754170
8059037495554999413512921381801767980389265007235930119703515095138747853340
14690651421415988783026837746669066396918398812115913341625954272372783934465
7239484020849341437760957985584083780765636888645664890580101709602528731559
8629572037273292562787036150804766808582017360230751195277248697418375054843
9420691755176607091927249635399838562434744499617160925914902117411268489090
42506979066862713417207609183456043191273977271729971599943873812375296192372
67157820137777170784703110386994109052033222254112193932189177884207647012750
36988425570060134739523545008247084343617090112196640268429042701902947078945
34043477593598750303909360281386924510570532593382183798746231837547052182180
64305309198310222057135346655344564203189926202854087075430397928583131265617
44082567483676492991541256541447748757490062157970721766609728360356236121414
105003923216167125829784814291887090490884212755067704627484615874394219319618
13209001965746397098017484718126403189457459568949100231457259026679038005976
20327772662530367216614848599554297706481800885933732857089179305470304735388
69871643452324166161271704360896800819813501130530706970943986636584334261408
110491362433099178819292553230847163718836282581665986128435965467816877555265
32961621256751587259563875554540377476468969642290093399361709157381269818852
77753433173875689231095793791052420591100887380513344983976022979266187938912
86796413679464298136434637447683985729152811918021851500140589709989230448311
71873761373399072961360976891469199584884445302192852292649099395563573298060
40269549248928796538269283738078409083270242824343327905725186573846891556483
40475784819299726691650409550284014531046437846019388316662410344293588179808
114635581750752078183953149443026559616284974398625314020423032897237326118571
106481719057345166483568812243628452665511782548566661050241909954492896772375
25938570710427387126366936836236730613521155997526116708457976392305075813376
1364029453840270341067815976290233921129487591129614903928750516742620278133
113955746453024515798152652997365671516216216253744400257973135831719900059690
85894040722891426393143588064830452550561907703571824830085147492227975130751
68059944014845725007112107285624319526179224888034911253500809827039306641155
29396780911629579580552306067522478408385380968683390014024236750579559664400
80822951081989662939248034921069324712472014376383815839226445518066050485335
9672470032514611813525681370689271341939923483166900808288348306898047657955
101575578657183088045608162579223767885856959185201454857143502434965250599081
58500145643203983250106754667123983930552985905163417797767918386030475579784
88610314345974313395919249947963490601840120917207958467509011931194992027942
61354475736320074195451452979291224206615538925947835813980348565249890115003
111716901151569251241225678110713738270375626301575298549566657162769378936949
50391072880194542234446054964078819036479007025914278017708641071965596739779
112674721287941678297576331727618615329411658449717239464542339527907874730714
93838104247147706998360276603388773786642207250727178255703341036832219907532
24328923614104154930132200318934709486480474026523392024881756522515186292659
76119149463000321473411467942565470592294758148086522912642658186475065390291
50544192948366761083476598122579996931308808667188547271906564913306667023071
34894967926528488753442474918295199508599874346719110785532583165976466855231
45409863411489604754494717075404996297455307757212494076925778237258604558723
66538174805736279085706711979413447124838836032560618314660957885704212969314
98255007238598100708387483741856374050369875810495655009438872212127072900414
53475710464230255722419950041472554388748689063738190705757664657757896793764
1969355261917710367221816951074140011687647192675666051633355243134878090039
22269026683842394850265758650674130662386631647988286938340285034505059028839
91963799599791159653187689101657533297602040812592301476345460309625804822937
64311509111730061654468058999782361873057880759150025739664497740195031146567
17478411607047246372096129150318017695611418373336579408264480838959656896387
14023664223644768296484820041148540926951512672841862277315802736691597427075
4423088572998367966988478551463331281680568226026314898754111480966174680595
9499370085891874046494767965680717334336021825978910259422436647891838519818
112995274801549935658252309011080438207783037059452249074693602959462080201343
2843905185819216446044760891174260436167827460318687795103739589498885539383
46672354579288113913420498049774866787041982598935502209344498368182897355023
62603371288798025159007102014043520989838784540642259663514424682655891002612
21131998662235052649733644590947022298449207295662465975015972224948053027895
37453528463211546802572718875556411962407896411800803299656393943559208637691
24009374487797817811400658530426542913054603383585928097185733769893457943601
84048797654323769338981814958582417670048297951860340656293196985377642003353
8426816258312235389251960007381973338515039169492890793739789246482479342656
11006015841117351313891960640747518926403115194294243031846971070605197743961
82511191307357248041740607958045814932677069706380811652497559197934680576173
80867131416497073623516471703881906857698676070014209500088082486595458001507
114928549141486156848586128390276137452561013834297447882989315123791498324918
78452804034585682430612457768197881036480753424617387734625710207136231897223
71833598010977649451175785482968343731809280019580413866118859396303178111364
87321842370093261209633192433752180643492589926182739799707685184101047635548
56350165747634251008599684277493622492675217009284075744982585363367475909653
40752488531559348643037573111679755243841565630636822599515920956673071354513
63984926329690874473795022764351752705092614909377388803231974678053411489508
86586772319286788708908515046132794638061865915004724692675873959265285504687
54441030148444545071455293143271458528893102790186861652520364178765977503
74370773183856298588284113741970008500076021266112555999161034491531322450111
70087414721379618094554028037470662580816629281202203947288006520017685392748
115570697538226629588044094804019998747988955629730689443285419198053711538387
6529518447021483122819165474989065234749978775234321549131080789183763594180
95449176097343748499605950973143283648799536697213990245540995505295022506740
102171565174769602258235701069689505716255923178837423667545716382857966188522
79211628170695777788951945198978581478121352586278745927301150167944771555696
54679429695451415690376123948493050280358935900786988619778299749694255873825
13130398836362117390587531539882763718029052812873972984404345816521817375319
113103907503632064390170303053668981859876784668611789361027459529462883027190
49187863332184097051769044894712744027575770827354582861658588709909757476166
15929473342425034367148108398105860268895758064127794469892960139831861163958
47991004454877375150930419096460805778419482647820973197536869164656968555978
39740761948747870131033509085693920809332212130008098725296749497723042575692
102814025993374031194702666940883034705641505621518191838164502788923929540061
115393528200174998322770877404373150618829687888094143688660141855798407124026
36074435211609886587500793164884975258331494013890069744285438477725645065181
107300169030557293661419713692111301105650240330608711081608998188799004814702
21971122545827876322769050509432952338590671263650512021834852281576455584991
19931612098439182959510271548098082183801692101418637827944080297616915394200
44493808412649336586953314692513576318870198206455500112752465024001231323236
37941309571995938445036509167558756729039593652744885308697603394601333631923
39972067738055569797062212657533265723967493894613320540207633712274028093261
2481706104913271557200527125951827415349400249578638033854516071637849578
42188987766089336071422356210300636276954236876193494629758265848750475132011
22218692645964905089222466570779878160562417578692683788000109185256309300395
39762783951818435123997657713713606583845395561599145578016912585823476207411
74854682456142906011574954910385826641141617140628340770606788447421109110802
53256314507484834492003371128036173189989882224873878997421441306272605693077
18497272430672314700158713440891725800454886132628187135880858179743242976972
104870944923308635367154780986812773244078482054366023463908404375922515436071
58270903128288143109990160895398500871486072270064063533941700518422830512340
42873720083140699009059074510434613181920168257745286687048748587050640439128
87604330387850929011524205626498278084753460856868978567773118027929367327289
62449967834589478879540966990538122332331772563399947662244598794031136780906
94249122021317854973231124573690685695765152602490212503595616963957853158176
82236783497057527323949326107617836135888521497753741044496581112448930188383
113956787330852910559403721870811018820572399909395747915520263756198946814747
77963167647232078937366763743919871644292167375494338268181901939723345408815
63274782426251217815652054359163920286952531818904001138058990957537862187625
46233478820647052822579568653772567596525762749265334009887466304356271917960
51974290304230668367908916435697591586508894308349120190775797770692364662446
4813248963849544128207358660274601419023977496280932877302761117558659339083
7147338533676850121884805541291537191999514252006150877279610644043770106960
75239385792333238842134277174589474926499332103554277155982943189854815103113
103914861241004807277860086493530820863941352197938406236815794671991517128112
51668639344260907694471431530723393124767248291644114189711211044473354177652
113549513963803613377915980794634868204092558255964365738692014745184531122917
43464526837891926662840619738584496829686090736683479137190609430928127234015
94526834482953739451048793095948708105272446275577774784500416653249514363206
318097848494825372724623982407524116800174019619115731637019842942406946197
48344871249888356814348141532081048631949344716201561420419684905481946813879
105729179287634533291765078984489219830942788690215162148682883636347961178769
162472946963693709766200919808373994112346464409684124233094894826024693703
69490127775049030271646590207581017249126800700014850221849599001968826628948
1898245223532782704734906684077512361557607006801799919547493379806957034949
4973895692233621926647862515462376311716319378575717438995802121051653552622
81468766643714815216903554476769692915824387711610182885645665791727676747062
2497030878910921345846894724880294707513222942830063919288750525228265638106
88331307426216698674774959279672851380028230307943887578905851034671576556937
24677390306599757709497431821863711655895472081978062922833954358300144950895
42833148587555979811771800209389904792589473143177079506955869853784424665973
11156074091322180813792979776813494101322723264604644762406554759118908739105
110161699459974275358091284179021236365541749360400172979316790301862148257374
106599573749779705337053608479384438680523148164587475777882908029652375488238
45797571141853205356194391764721370854730860421617890818985831516481781873495
18446136661127969856305441687052036840483485434299642255182761811944936878856
73329649180335047608003384381856221101643998133176286758150734294001693560621
47762416181979503067970416269154810497310086527868936769285663589106389597260
17061588922256744286639516674559456392128269285878692852407090492231048962138
81522013336952925223224776054146186540213228958451587054501064970324376122978
58155701395801389220202985802200469494194801940860833042299620096802802831588
112712923640643907691573949805028501440592437715513518528466007039314623784557
104062037168592318061373417195289844656059717878555803178027783323964067058248
10719816261860677744945781116103408361249250167351068133108047042331189206331
66663383068204133128473869301791445718752899892749684292740871832000360459252
36502967187131451507316864916044416856112902517818236791680600357122299805319
15006144039858019054424283274556200094810618618154309945615380724127657069618
93167961320688138928713811059958712830490943026275816440004456447833671645356
32108952775066593455459660205558423704365223769815440568820130022797097383158
29200109356602047548822146069200843141872468060746452559761600616643460601727
62537640723386958055421646016264921979057650722106050852115097678742886594154
79061805826969713711289937922573340202268264281588318405031863043166328353336
91705500963049609345585733934959959038781942732288993004496031424298282259950
