69184854614647469663503413891671118170750906913550771526819670014573632277932
105399856339062900764791212153137416109885358200341570122310493340448664753047
53876061400653199692460549702628506902635502184310685513311520502686678154086
68725237727799276412820386084732933294545547653397342549527869798519577983704
22647546400110470904249446822439482865068822072304628392957105978769104814357
39991788518515468088950831790013096174198840112580579940052036885802984290773
68340050104703913258204263050453163765224931586996127132337228843034396837541
49775283134227882105456733289481499473899603407747181273594328811304408908969
63732069543333288080643840947128077861733492210630399435958552125533101063507
68783382965796209123858806793491057907648709369545479178886392205103224167492
61949403856385093389989603181100413037119443120260124783037577680371441700855
89706507922537129125495932292320308655650030300743825198814060864130210851622
47761841202168373944195364722713714761711228822634629537467893249084752725920
49614903930718817759362518412123367647477688495599572544092482838942998372512
27872039907257056164359875412460472874320179391406406855034902604187319475456
46974747216192723141131492889340325625451345498402891658391556046083521813317
13585730239646615030415792734789468837149845598001189780207163326386238928737
16894769227897009042888978063613992280417620114880769685412963011498621592304
73008480778353074385092913125332751834350053681146965307140050849936377567130
1916530470009323502771885289069559211522155126117205235249558795499809951610
71448578664191489865223548766513507662652110727003310426655160438755646014698
93276104844563094668136231083558783423924354405485160553408891531008555344747
15183781464437302814276029373207492719239450852563901952676836259857642442575
63783851815120233669032895487470685374649546354172993717638182021084707030837
114616290262215596671442018682110752494269362624729936307650307444730917907012
19646376649704127691369085351997946961631239938744496075508865324723224585999
11076418277887300202237407717514587546931111535684609655962927919928014387765
68869462337606044839742917275984769558373508500086241548267536495404198617982
15354087800694757777405358258365718739472515255835116866499444443720060708699
75949760323339699859914704243513697054618128177398272577495016070297815597720
36306583674799965421409551989671271903340187762848425336728462355263908031183
18521977202414775897953321827527185907794765570470031823688191944148772285364
97693098281680111056227279314757606003359349718507470741375919563122338115844
67235986271865770679497013945789551546804568243096635880807507298544316528021
7380493041846605915242881074254117440720612025596980521753160980971899900786
7468984599512874568168999461987148979509199130126151540503208129807733292596
68838204596190576453704257019271256185555816357548221775445599341033408957577
100127409915806968139168845498233013835319940707296912311750177369267950590433
41173052605785114199815399017368951070910217089039524121126766023919377455827
66638532353608792337935884594495522280260625964397717993376578563622012008818
82665406321278969993922927154423395515658406639599944078910966997516564706767
587730021128856424542761046115718050567768302079484942710373114259512373777
114550550183187613223314351257795729278899542817998803840605007132317304867662
75980783590645247144667788796467989858024461729547007959488242159874580590705
40518214000796083549730029716786268563654357502439026556135883087796493795764
59629785939794241775786612292321524946335610411609638475717672897623105539819
13591516988457529236101531690532656820134045946864004371652053337447837012732
50856549315710746049375143818420663286395711434335249992960272027503067969277
60535611657353493334306381820697698003530263987873854849952508357722609587964
79262337151433828092708276215398193437242164756236596751583933197484615928227
101868661876074805642581687236254983070531642925719741641788728518454016845798
64107538212993663439147682194243355474656210965283096285879828573587238792434
31781411463982626181728079588992760307681185037619000041078561518141601422589
27420527418684405061298857930723732298234265768894529977667474688971453779286
24958911944276763923163791436721787280508230214085742163071967550105920924128
61380897229640907435021112276672657072808415708078736864061000904295185614860
26899601464788988986073908816855228984487771257241076750216879106153033901155
88847033556437756010940424762162721765673688261444511395875125745800139625609
94423039284317527194088847091886592709154866651701371431333481678198446566744
104094766120539049808136312377136853706390447377052893482008067267640405720493
45918002642759565609075238038207159517622661567813428364918823620859164871757
5409918594948167463720715315486774277616112778519769763563674379357408978235
272260878927077300937336172694742448040150910771170744382963422396324333376
103106119667738876372431823179909874103405663905421758654605374819230025153126
3310149150614889953163151221229407613752574660449695226368276439481238910436
28230244584801760001738139367987248124614650432762384354471614850471972448091
40104609445398998658150015720074809547245716746726838056150882574393110365179
114099464727674056227849303486730570418475876074205302071887122919602257101907
88326425060591885081152507515145417236629549173905194053673186955114495717729
32515629981574825369469180938914386801337523093592508810517598617958988384460
75872927446746824246779126250753508142728241257290652175458350140582875250158
33918700222598446430139873774138500619852071710778248414527937554449124425232
100451790526259756337317058746262140043024471052402041374538455603742764863246
40211323734188630019779014661461693239502445936639523357504137228986648099393
8529994068340259754588025578989469072629645899377505457207288746151405614504
13722828991777201232945118795262603123580855991948338053653529901044706325187
109926390157532287679437380813446630523215284837212083950161242332476860530180
104159143623424849417893636603679420594812937052717747648166494694092331551784
91818622262684281219563407518406396171862813959176925625249644244462586930848
88019754715964990635849407386981452489216931947663689367040226538979902142948
84051294734584838478474743564878821718271217236378917168903474358970740936244
55555157122259423654204688467921431509097232147750489191772766060976399343194
51872645825276320072375845378657321436432830148876077965215013906026288663459
2651794126220976912703146891824963377269579019877838552927412576238733236931
27813744154927723840387100432048254202015077334496432395019148364315535594972
3509384298794586592573948821001549425816178406978557412463714270112207734706
70686752392901099624958139599416199721633106558781926071662428881431803892366
97444015460077555092117527362227050625856314810263032966519915219255173290985
25941149007060651700778725341353865124746314878994728092259285064790977063298
99727656235616080438098856697991121775141776319441479581516765564619074274901
59170508317069326465113422816901658730248333454828869062485406237055522381342
80949998858273924323823743434325293813332104147019796188647691239649364327454
73785612162004202280075210443418568147194578492963348580288650509107716081896
87630984576765823232587130301585899659366922075503635860737393675509932223665
96858290231844939070592086205387590501889492108850233397951796855700289758909
86889287060751022135579743973600022649848155390002924901178073970674034349053
74815868918921958866229297488780782224118063339621583659638714939611417763914
106763227539639805966602225455404410248174036722075035473122317409257213361578
96385618723152989423191133795347926238988030222005736530623564156088296541869
95818608864714730061825681774017062327279602088593919071342390686039109210255
114296079435334986026462803199621107716480579180234048368306951011448051308946
37502809996461292829581685533167092062686987713614498335532173146059312943493
19330534777276881745461459536042423472656796236849305797776815250327356183164
3579897540585047405840955317763721545735765024191473301639751724326823756728
65452861031583098272495996345518112005529252162055233553694585505585082595214
11415319926078118267596263441729305649502536966415721404156913346492996201103
111416777101005774511827311601955675310654276490129909083006333362419589594837
16597927811050179574723697218110903342871244231397082400222657037280566721130
18964641693622892185508115390811763669708421474761225515335952841937952627169
31781175617518710218968577309776972290671002943643031647270376940981554918403
1697134937152057912906105544156981358781917984024188830677335428298793584478
33847438900390179109014853042662586392050005554548795491162913538879938249091
16590593392217735301245137694901990721218911868886662548463486873865730963444
110096654126524905947190767927627869380759261134324238798269646312751853795036
49564584514760720335862897498943768981963579319395888149921446402403206985969
89837689872690002012842799815901819876007874230436008065616746314397307494811
63513901493897378492981151845084424252271140291547193153324840298582710682088
65205052808440580762528559274703922037228413211409530899052502858859222746987
8178700550937417102627721349360609884540867575248059068556372740798209572918
30236456773419689169332567309656837620324030523948535363932519042747718779365
47054220810006520752704666465797184868318122283128019228635668688208223044564
107014696939723805357265925434948382956514954645290630890750020471011623909208
29541896264096957931553901155225281969480746251987426903507749399815724780810
99574600790041096791925043144489469724436618258722964539571699498914897851403
28999385422344278796148792262941106316068249268481606746466016476950357852028
84958675480380079731256233498613969332689501554946868412388307927987563497183
71019224227737890260152114832608880980380964931985826382566820746325646041846
99362624341141961988646670238647978580713055115022893745245057537399014931698
38905956954015089755982364400061761903681433046803854615406423806261930817
70191303105491715120719164386971368062067179771968549363956561367163586065636
81959813038508778760724879909851188220317194895351547119077514769510267433827
71734017752402376326233878204444785067538118938143774688081909127742536843996
72565101666271502448874442074046771038450696359183654057903947681574415601806
104014944188040384915560813735511614852607315046867654237501403273915821204830
52163391606823090004687526488375141434859902045963310707162158211147160066091
2025405398381258827724530996224542708749430312490716326848763013327114712339
90428416114394205434592772504239261744594817067110557643007563535251352324507
105089029162553369803448603403655300729636159700037003350814545895955966629132
68935433359576514407591904135995571997814678988483183569804686594262533241903
40937542274864772091520083773854179972049977142219384439593525422764182672133
54345305152924916961150513488342118551105592406930420309394793135955515167364
15707761189473976041312188157275757371888720588649355360702634578452098059870
87685793044286951058011771008430019011754284972045106919330665055254488120303
55588697449981547210839979557438486774700148546102186132373779793695188433442
114281827723022899779803858905045036117252734778261753855752857121479924479394
30422815195736919929154603029800933546555788429047663182888825966371926934636
99802881166904051598994842622484916815580183348336739869329984171552943647223
95804721971767156802078430037384522767039205406740039037547815276211611224341
58770510733463499206123993173454845036631783881280672063600768460213807297280
42338126264714812201352271472305824661322032405662258128010091454383136412332
111914787458967177160144893893537863329002630985245386940850281956048993254363
50489420633012238220887722502250910859923267362424486671590108665177237925574
61347303292344212399573104265485243461837436107482425359878829338542082894887
49355965489443892216429859759345814926902376184589479183964549278572183584856
84700984913175796496288678787981766818000617958191518507875603109164019882295
35228289629388175202001194167675670421201700220148966897607872836251685677044
86481639843922113061362449326913580649155339879090814832234923467550421448410
92461599825861061251488083113051669062794972826447637888387167284184919531536
14360678298869609396124637893402648462387958147958624554006393312510274643278
114725681202086315926673674452455639256798244642776583009354335042867271663370
37262478489552517027002159903606843254176790251937488006499206254367949204360
41890294017376913340228647768110247503677183300813711930326447951890135285709
64598709609272145813474899376657933067177628580886964728741638684991892972471
55866319761114120172745276899715768165714448531438118316179728772876211639203
54722204966727719621767748104381338053274738496703699409222833073874045087106
49584334385143946101799543786125402596226314257429627030347187418247562569212
53493989079499789905791440511397037213131639180164433736971097580461135411932
101007480663846819617540643292602137348867336880855660151630809516039355575163
33675558040170432467111552508883752155880286973654654757602656099216011989946
50741824275363454120364549962987330714387365584591407824776556302398649352025
9771746977556833416927757848413029153760960589981952842098017864310269247
107913099821880684866160485113343126037368809152873072311752454495436277441497
39622561022720528520770541295539352831106772580557846629845847982339839998703
68766143811395786720392978173665692838443001339075201503621261664272563552826
101758093599654293784094662785379305818248099419104184156491699041823452552672
43937773432092109411882408664981579638407294799152737840436303826451036253369
46942023293710433734279681054918957778766081226627714220630928715678861881417
27989734124551092808377266992065935456651453327375229159736786606925944804962
7877766473569178962178200439372026594583498239461060056478701963102696351636
40100114585116580013036222581093257877469290486227834249729170102718922339030
77377269261455959367769292010626979918945863253932478896113467347315764865878
49210219712029133699136258036532972758977007272219201843053631609394037079380
111996496470188067987541981600778151561879906969673200880016985642924140769773
14898248266389518547874575237763313573431573383991574815305886906429563667311
7314941846586270103979803451784258882001202924953539701651007593440673459090
71595114563621365551258337889669627853298429368265096106145973031424538973607
28580388853358029675536224274193561126074271826179485275590406067421427086108
68843592631177156808423396190502071730597841615217236814049903866952229462422
105934370941435683557632255354259226162151674861715636855217170391920894195144
27763226581650434582717945032652021011584255369880815871661384109588995898566
61034848840497281184045804884967960288860893523291602153919037456175596724275
30337781365258293317565215712074738850758313171305361150126540940748600534186
63222821904296593178415367620783551724926827496075527172974889313226969073933
37500829072419377980616603737803091638774606996379213255025879400806525649215
106830838019817849617460222589798744038679461420413351256282132302336357620522
73062139190380638597284770674358251710461728686929520296759034763121768213387
18201360097112172185805543225513090179692357098294051164642036225547290202950
47116389124025805025799476263422978815254084405747430705873449207317749610290
57227533436366916001806040090834002921650145163872837008818348917797327049098
44678484556220733959799163834613433745882687487098564761629828095958213328759
87679499807226270326184587958048659081678543559867890168242379270563741338344
26813494425595954955527988655652047871138650945618831866352326444893296828679
76189558284930745050045292464325797318987328829110266593675634361482227729674
17312520666206667855720377770173228853116048441890167927676428265748410102298
99997160656953878669953583543737797096378893538111605318287768553096720582645
109036704217913776106100933597499386906461854958393976102522304790679657111871
16629535310726829257540284315636838001378031308050357293296194407288043861305
89521511066894108177531658510751864762670654162065006104572635105279156894336
115247502720562329586845533912587964805005643514246208561044188458813537516525
92688424445678201296484462475440477557824422859337906393659901126126599715220
51916400861205102412767105403021544477303805489332899914925097679301902815375
78967454676237472277504458244691560755956482935396823771600214561862938530842
63459066030568636460504781505649635539384847884280135200665697179176198736834
12362451657032109202980996664212963614359817889936168713235910326586788648023
39737372554251024772962123093883054007173637548459758472339311726030291158167
51357886953752733527595788754254659984017919553298424102880883648308102257093
114034661716247976335052723589460261227137604872382729475347715967522314612126
29258166202191050339167330738876619437529058109949138288394000857599165642351
39751492704210169807019136741881685163078587722021252545579700504565900617086
3996752054208116177330121546889161649718579017423470602198800507471960462216
56248794062936255615544586622912092529381921929998382043304443795723447468919
79497615060310974834658690510525264251258537052890016814818072296027004542775
36944202976741564227536979036621117052570402871085513104250568597995808254839
45309420086285843961246083533111401840473325509476966305039580534580551418591
58372514494609397014580303474942350172122074499000202558143862244565602657889
50595705338854455563987167051048029431814993817963462182546012292818370121150
50911050329259664428566827971169702793386610005643503278385693020212811043818
64925303873450623442675454846130929514784389692937669805831386961401767995075
89379923512608962480390659963281688182932703490593196558115969439663149534756
76932045622473786024818108475492667549482608584149615107281811486018251251997
17378122703670897104813355180698296466119571814050098369475942518624403238618
22236377555797183638871534277001201304418755822824164049015230059173315859589
104244543109563917071059818972586843396382135032507634170450935225277759433251
52516332697641150255849002725846001757714334479779324831461163810147274167790
17434615589632848506329735389465090037536832222680385352516633311801543943542
86946560443055270550363320601441353011330264534771868394453926783940942622040
96684087942777734500103867743987687755380015073464843112631966992119353764033
42858636351619541400177451083320257473862317820979839397620872909080950727518
108607802655292462075458205581607302029060047095200713353467092439827171557924
54358661615692802247583758016575438239219086042143736872393759235784547140756
115409548452259026129944792606954604436913966645543021221257221403664941387261
73402711614768608610381732751481646437604948043565265012960579310527131142812
25509191094506634653484584478264179964019848765444426956896011373040771119915
84573714004960877142165797985500831625867509260993852123866825508987639133360
17665714050653878052749998045622030944744826411337250766748732936897420494802
67364908543481709939784977835155345132876758313070610042883474275341934176552
114628826755282375373327190897506458323011906896577035700957987204543618589253
85987750886044232816879326593744150961061337723738830078588199592332882877188
77887628717318832323903502418353588342002451320342783374705141084545121128460
1498125823590373804390270077546433357204788692927477526865083048019470821666
9030122178527125292173603572616579094610845118294860528238103606457434866731
49022110889663136679884416341121570567825419759979961793617315727794320310101
94557129739202098157511916734461494966019177847993360982619125393492605574820
19136209360588586430708297410390644335428198669302938006135305241985978214511
27352329785678270745906662922458844042136399328725009883030797766023035029204
11633636000686994165309143678637301439918186416934293822735680244900971126331
4713765147317536161994566146393876869002739333890159760730186021188984570210
100979357937065045600929951431983956026995242815846394231197782886584450503174
15072751818908735336381003495576668983245954710889123727594326760901152907655
57816891754357716944534050924646612969498550657286126030886101163199964582928
103613800299562130684737079706630696614801576452552140139421796645111479332436
72548805826899999033707114532634836456065649775166666925806530206336687742524
37525357053650949096725448223067807288478817117796671039100875060710835614876
80513734052620133841084028510816704881022387286707907590716796089282407611928
93441791476877768172352512553293179587941392986018753363393565370949882114399
110785604599408815158639096211930917044249096971863056320730878361232981690503
97859259030053800334949995855082981394587766877550331467662917590127650504964
71736369652925027687471274596154858058310159032973129444912368311101608155952
3906099100581920124854780641359574901620454686965050477720263627951571661699
30069878787928414165404244351083872975626152734337577969319495905971012704133
29667660879396087339885410726664344418900508086731789379398934457801544747656
51417133043254123178788828192627196345885436371900498542757476902927536801752
7019688908637109797938224471536921474645174739911261248430587005196019688168
10275996062920768035982615203701242048362035063854797651871022929580713305033
39220541952691365571301875706992232124275369012275577929238467821188763169830
15096657303977946366245897587140996135698661835737173169800380308791625699802
115023244278494602576134913863670101870328577118319708390526426049141974723436
35077260718771240696484957721722598148696040454059369806126849570991480137768
110510125627366131311341615925857005864121877164188597810121918567369282632927
96462232512433566428980889422879021620109589202754932248109951540143517617863
42309387922549334714115288561355626051794990860666582334905097148802005835739
5375227458769067176589510180143903417076288900026113331246275738485459721401
15981334597568356884355023026019209772754629521636511710180145773441795132762
49063354828134472230174372538560340418808497977685574326215731358267664627033
69575760739040420057307936951801915627520156737020994509883052388412540236217
57676513009872587434198573933052096756056343656707638510913821340831423044728
43843710676361474272209930546101029451245571060873638191194309062458790498791
102643147301207291335026328431288199228215375857303658330543247717939426044845
103440356589751815505148407084712098936181135075598245737518568566649432624305
65139618768295917610373159388769165345156025190758113229815418686233648009914
36605129775809760010519627174011655698147668280055459856456948541750105034526
12371199940470617260643625145940582146560818926962668332553315780766723942019
86734570635884321392588606509180218392954518492798754856278043757145319017080
17371613229902172241032015763142820723232092939227029667844518552696811153221
99733537822259387753017610043415973071594970790280440871332552489821179628224
95051848333363467102163119622470162470705003524112578859046635059717234353334
6818398739645024496572707229696467081393468171436851203087602206087963139475
96077689827893333799854743958118457390671968874189151120266299104612631972504
34650255457766063090104666284397876911197150011938229595205817286628929174603
87840949639742484982999578901430639647136828350316702866470580326723844872918
25716167443838455671006451205107166221455881994727781065471804260619349943071
93927414954473428140877257093997572937507556533914512995749506226143287338411
5783080929117350360663372167790676474659701797283280740903625095548467596784
13981349841686755156424319777955432971055329421399654139102020774470240824672
111319847918230484273433987246327643861192506039191584704691449567880924488915
3387541975110072298761007532627738807842426397995030546376597780590832911529
108495215965981617182676111032038319585875151910383502173027624963066774834012
2298059663782881074716939632154679356915156554894109075805510456218898599807
90477647981694516204137165675600563136892605459580073619409612413166152342856
57214835390724830511935294389830373488754133242217544944882960886800229911914
72078075163549109312245826840039434738604148929652014269748402541737640600226
27525891025744816732191948759896472865383295280768689965440341873060573817661
101040213311017088284924302419612290777481063622729230444539158818996073653494
77376487846097100698900248572676337798945710266088880602761228331312964235399
19133352895337362004222387886782394252105997761405512203037789072231185113390
104811813870474359943902630248531340899327966822140023492873231147902331228929
96580061395372778677824364395555846369775366741218482092353860150139232247426
108111661541354839606562202393740309386722816259578471771803682861452944527366
16209697946789181838987844911443451790965949304918066914735516479265545348733
83474502084105746803614651815883251759793868429606633296360347786075890848600
89828139875289228878995651332939212394819298493477433219204342736613210843735
46657164784984755746263176341126019726584167552525175605496026557548412527871
20682748237756219783337937288793188385561074859177338186148211599313475789581
28197350163669761911536978486945139856943059452056602601564948959934791004549
65079492037286126034098308010052698627983409859091069401662715940138410955328
114490935903773172983896494812183811639660350606487010892412362263008853322605
102251240353445078226037673919968497801247556338020308789106801930403050464879
32942729833610841919272601133247290479066744912850873625574476764331347895255
101447387854044801458749942827091316724621418706815373723984534260290508679667
97536039415228727603510451069112314964245213269978020544688053665348406613239
45905528055387140832471695753139124449893850331588903927068649334786756430905
55463233383988891414685476513412456748215203028865726325114345469961700153887
26263795388165783786564410739836773716503398972049421746351549999383846512812
105486217671730157444087630396415445702401392246353337120712866255628476900543
75103544180504897992548020760038332993960842767527898701702670025838319180825
28955575916543591390176748500452816757586918133104141244541648372209386150928
53556624973758099883630629027665968364622234586620584582931567549053754013159
49223610427092029424360942380464125526624525032873930635961945820180398422202
80252292861931658293092061841842030786356624571282019683797733482795453957664
24432008067295052962321409508371581327781043802633105026901705446712041426581
15442426795511456389180672381727332530545890986995529665289208494606776855943
72234509765291251970528755385132248680324785725415808387550770723429080051117
54829992804695214500277104941444890018454934657717444374543050043396622716123
59101958421826159738695330427854586810302925631305706200330458166263538497173
61204934308826373102833523421619957587632077531368065293051093572292916017232
71177981022501805760466476086016920197166120130980871509758712537790816785772
32708346627221520234763997518672838683114381316234955817721602656046399360595
95522068560422109393199772012125500173692074780573498338393175134047400618558
94009252222023609442722293443576172387174114312022778328175195697452879820261
66821568827484403590406056676943027056706730812334269800889511023585985348942
5451789548436410658763769947215098711801858631838611154539394678361989088910
95454402371334938436762729360271378248009247925976270208630766415765279230527
69347922357673157295462757596096032081189450945704676166364606223079431755747
5016453225616314916540761719486911019163615428557450988281441999147370959052
96167456269074610440468666740781106515747637843253350192984174075990675965540
35409521863576256448490600635656879289133050689046446963293597538888241493542
107565843010202008914920781133339407666204009743131240168471289460332043318011
93424535339943178781147893207484727377481278048744335703007602193538817543412
34900173148400020152896748360032807413058965621313188373750565891181769484514
91718209507288742877281948816826992930702716218841352223727545062702070619919
93295788053045271211519768650786318020862478225651303831632072723213085491061
21549608742976895275758180485972688684730699029896334026320582985457158860073
75316843392837438978863319909276882988300499605802079778021721301330630950254
48113963337614891218204130969904118769817216487232863627042075194315088539424
70622525997800435156809343717077013939933506748233590341521326166439950651649
72031280036052420210325264218758783874424953118175580588532631038547113465954
18546734263018534717948738528415518953782662795243155812215122566110917624570
4589746130378455993500653849866603409552288335268718234834870613616903296330
53183416837287804503820118019778037811394072379518710978528576633103869351552
46584863374445268524441148296263894326548352754714213936699306928289845374625
68058573142709330370928531169569742242633729127272118727554203892982186705511
9136593467516330705822018102210728010100970673872937952232655731404373164011
76846994971103291281118010897043328428072917185688350434641997640450163586728
11945094717967823595679627076251005433770555664802230225768918798095377123831
76246054013094697246756738082003406807210561959920854391111719197754847064113
27914866630782897126416329512078319272631761804286387928361030914193558554997
43775226020242310360255475355515929232523823203974449743920077702077212418666
113147474667073381132968756981953552090836558017073134223205475713013399724096
97696768430789965986986444036259177911581173101196292574587455226734561646010
26596626769104159253604010988575084100272826250179049438427458391263093988652
114066853371865240776923256474634562786066940596146627724946790663792926983091
3167028573169653085353313861633576887192539454066719102313587433163022605941
29592822962658921251558089124607686144629527315194051961836957409691339123646
104703023538286292173203900409012546828165445373811669022559715246150945949007
107520461882060780774731815178177224063365341827895713241397618849723670135864
111648965651846950691556472422432422609926201922559850915670848739610186400892
36831069656116686790082715031479533938453768304898816140645410242192769041660
9479498327496986761423070708672668390697281602042475704616239523773037686251
43935176289682634755678726333444749867858271083234676651310858905016672431918
115330474912418763462433767284877044462996728976811974403055554229752194652784
18900795767413228394043220968415769535311515641315789307177387963325080092605
47327369950490377159672491756826215932445413565400996637420247069020258825090
28326910142011574111750903803632507169954689846464006508676213112844834082224
64552078722472914440425359106442509834705584641189771865220652656856091416229
65152578489159101508219866515373485459596625135663354332167712772226419325098
84302130644374100046167797534264523849589987030144340792259462233148652228952
53226813878860303865080679383163681542685914929965257311787415491788922950349
68903136312601017176288953154661476418490042395491164605521356515080203166508
30730159210863149362484336883875189737175626655160662232165825080477072539166
22610440937862406055090872837127789712874993675956469645852030173339081169503
44411263081779864901952487914600594484181069324653938513800200009750631581358
105935797326361349227949178378993494319834276731380874602271653426020936777071
83585166142304832940660411124122475196825406082473314035751073328193020951637
76957942578490688895854852408338968163999332159142654752900895041090491452424
3989036330140154531852200457790778260603759423002732603048402215576984765172
103704644029661883075374064138194122052240041191284545585419887906797566938807
97994414997147676728755087323694382393631365429858432479063546585923553664898
43672484365809743803804867493251480732648597404369069447758074141912618979692
5960461922137683273503839519521458668055367544067122268825022641498430232524
12109398215664373620714435967648364921796465053576372273527831177965414008539
59453156311980524503951082341163278989933900234892482147107265589977099672709
26386049404354414914997095340950105679963107886931767409144495957404373088557
5012188584833968759990840244954937272604249062092322485975745010366834825409
84590535709531277076474130890966476493436891885853218504363281167549596810002
78373322270934413598610199768175666640220294292222057284701917522635913213784
35970281311649033366111281173616390268051945453152606383950657626574145921909
22323044570783696287499080481683886186932154383561328351720371262316517448089
64564641992382403510945923110003689937741771498459645298492778093894729966888
54251463660242440971017247562107194883653412540137033136302481427072965550663
46235419440752683912579391033889682829962778608909331545133335176684108730227
41277262226312438171857414797251053490279306372625101892772364534367252845778
15090152328031921377520700971041698663610739167881721928503273921291129444690
85984203091878465185874625964206623474366402667544046474242473294645321193386
65389093021402249031620915698717363198668751899314961303201167290443925768442
70098497678996943593544122783737969656648961069519882682583053502422356698144
54362463135394226202128762899211460485345867942909373522178446411027203781141
75907934559391282128335425840629421009594793082762663405842642598643774292306
57932999672506581848953492994593155259161197878515996933204584412316235796906
69987357476868426883957278889389275835265304525083058835864718041495839118647
71847491636887436366793049862030737834430848902338032218540848360056787823155
101003418071635740999949967580777264416022075191225562914160760903531868737107
60307291559438389097669105469043647138371648087787388845515931906091053646907
639153532617981331919490199536233020519116341201515671803714119937768168408
67245859134371745139701726969483839966715433426260320027195980121724755281316
40192680637583581138383584583691676070409222274320738738099350437259023485444
47700264476549028912571366971379495728671072834883674675336241505295858910349
98566448418825427584434891235796791078675540178509993794324286275401314212003
63880128329743953893888715599883849715781510415030225974404664318472455494117
17825581779261315821400225387365408936685501019205811791646786060756517480199
22262928134252491247673771641509521625816773032497500906008671466988238804186
14212823646168129096445679840910946908445066103786792125025116135658840773878
10749566360929236493967858726336248666111625330872113589510234130584260288726
59057311596043528657228526580025738134785489348107073976008785230311111968840
73418835332251815664238148734094071138029430816632715006632015161733915924531
52990158193701370277273053571711084661767127002122132525411453600693157573565
64191769881602181173378257529246742304005746104234449243161373385698697808938
98275077682184042822398636318951945287634933634267159016957245710276202550000
100815515043746847358767912725967369097227034482188090208992305394930093595821
103728802899265585042324027470674971564161172415934511566683848668218035455719
103495893803347457375210023909692848467882122641276794483447204940841878643366
102483320369032671439514046365618841889511080384913170530850982555426345077690
24817899418417386190692018669326342669957547196663100308227746725524562473858
95201512173473593820202795710603276404350807075459602112242409763512272247874
74139917917783048165447242841935895250829003793026865914368081683132195022320
88864308806550129541010514816397628291511560559233973656719502229219326546369
64463846563943220308054846217704017609167937969498609132636532374688109898412
75091615602480578403792821113746616323640832010702888965894724191603525547839
15248113621476890167882911840126019620128985209926711929790507783994535678847
48782075571834232258362724970837296250545872813976085878823693103869020481838
21698838268312483842534276216082764450282646347426346728861450413245864855380
54162067932894710888464122987942095576366139980616533297232157867540508438185
27290986237893910266019255901096202617925047746003708163908790357455351313109
112181944352410140439268624658418073946880379507740970651485879599248743617132
60957898837860532141005604695227596230229050394687351039863436364494347474132
63277473991097220627165664285604241822295795881364216640370328550996094070834
103033637977162596203139934447156537776670667619194091356295600674507810389432
107114329087201194483742672647482873278652786769270616676499033107543521708219
90511265187905707867771562928527226390987298316827892163422245603897414321184
29706493455854021089264605720886280033344534156979105700372458410961161234718
100521271027743009299182315947948834713806267202895895812745913057845884803075
48380119860775354756799586876285558396736814072796867941053735704910585154612
43038138634553844130693653139808948540406210716693009673333622034206203257942
24682030192957596779917519967303776154504740894053991274080704420654986362078
107683587707252284882694146343289565661012106080718668370714303413955111251659
66719058360577849851091800434945587064156980039607294372317269614245962050425
34920330705739952681098554629943659545438956301918093666905649283683854940646
114270989035673789958469322126266694013822438840504038962762146797514201160602
8410570805178039563319651108168301417933115674747246745287469942025307679994
105074161822555635923566466925644582232461873508982138134373749613318910935403
51760171696387760631519367744571852666109861096061854259752452343992196085903
59551617955368574175109570254583354150835373063859828640028515326102122000582
64294668593985327144405614143679070198584841002325475400998794047835270524144
104062280790099641808592221765651887156914063829497911903989642292985996816324
11990163145039097394824962507913852207405303928001873869910702077280036522787
60585150695389277413806643661910340887681331588447821298547687423635824587331
18283763131635763915371563361983249672165997804496287459722165490184580775456
15249907138452180008253945220599089499964303778043928333198445138178673935570
83786031944224305717003735014016692073491306231827244400688616867184428168363
78214669979272040072828881278760471016732243108342807598121065100943543426687
38220169618239463563277224927303859045468125333673996082309137524579866257428
88243565178256302404386667641306305971409766928412835162186898676115091690541
92934386451173576664921078754234594176447545941589736933623384011302676430962
38813277665548759525295214364077284755968610214313559894416542453204114652481
46115005153029181530757250085986974802710832108206502675724778779770568212286
21091360572966876934382862557918902687966274775410995177863347556528553901285
52210385096023306274735933841827085302337107948261993397409256690460767201318
28288748149320886722059051190465778079405612695794618659001340620337031044313
41577577827545816256621707293978252418239057510723484260854057214748379273296
1587890882943892729061286185343199111291297672895003337899407060490378095982
65335400095313622052487384020549366008243499651600101316765701661699224464599
42365007762018881773873424715572864662307593971198034597227806805897801788774
99283106920426345121405762571033903534481035285123584740066855588519255128523
8678448678642318663458485528407191081211989570771605368263747869017675758180
52594630417141974030586574714014847505505646517984015172175349629350153326793
104267881492973320635336386804169355649890880857935887228314745919323464036358
46629258102896431648257735013063446432468964226785459284003039382648280372601
22457072787048590686734973688444111036831394813762168645594778529712515953222
95426162888039023017666663825075897236938221999669393247722591074849838404821
49966284578082832869800805451389033741674946450530466953724298948476140960135
84118506402747826503044861188085685496424819058679177650840687765427829144949
37609121957654004356015620827650531534045354677267004941142483888852010575586
43309974812438832477879795657908603398114534522805734484101552977872984625475
44365874821704765769804064941904476016490725283783893802093835755872085650496
47750734781621689973364230199811057963115823926214310925768226298117539320059
102480376201564865140720093648840698910910124822625589844378524081191772302267
92317702127569638586565756173131627809015892371130553825287303258551047436257
87944338275036870715696646365293717078819172092276367391360718863771663414545
105483130170691366686043704522667354804128274233838764261936488368999961966704
19654087797331466573974639614959207659809197414077586134219726175451226924151
98467621763186336080702482906568362691340816701425285003532078832917096823598
56846086075472186155937129774966952274804777119805563061705051319742322816020
91209007231849308652378308691074236782368487835733471579811612928307972655987
70588774225363623391169480610494343679862694937673289493297974075231537431883
56081734837162596097452409629359904243334743780174440635308641441214803330567
86722939923119778563778148493752607530701953158565589019192873362512946319900
34746621407595421266498868624928439746276135005067175673157757009020976016983
84593885814670266598059853711991784257948055081045364712427212004568329716706
100024495739160833496763767030009210811954376176904333986809214285784805596239
109946453989495984356229648166658573898976957529507470473068424292677921616028
10353984931637104888693572919744281059410404062608783985964527998817793417220
100479643590996739306947543773898116299209932938225404993750375189074519864874
52919608362005381050711264282668086067390206931030370072999087046848336573954
24728196399475201843844138747808914754541868676916657619094985181242780185795
58906994879708248260194434881421604150198496435705695472156036064510699122297
91323824634181627699174152581601623946051143580794558554084695308294521120668
43217923041976704656692851343630109581474674783297267321112270972184241725589
29144460718233378111831997658654638742050123868458624434029326035102347347321
65881667747673647159017678867938250882995855904966230275791215262750371974115
54110079826646856101609884593409886325623016793062747366441859484620176757140
24657036999248363781596648347475676577452243437204784737155830404639242613611
4867473496291878280920412929545766365164677873182275065691306456508033314104
56892205389956362275206404558576836957775885358943640818710954079113086925904
109425069916848024122704037292073440525091030108579140947483890620169033455845
70391450262583474076474556017418210683999548691055703516095882804633456454535
37384098332919113547212862920897551046051598635722739209740010239385342890756
3862713497169024850137921111445614142323277127287958579840504921169963893172
4605231998071778355934910354445524006887975579129456927129591930449932917393
81194604193465321017359042092621408217238779148101969780133920733762334806437
101602127253180142110790123312685803017983113897030272928795686541611748474045
56150147112831264355487739194814472946542005455750659279602215759785012293970
19677794890124254794168233679011059252797063428748649444427937832250847525374
6773264363306040090957552911210900351185267680382936103666343454856705392802
31954071324260450431744474067538170512974200303492560236046663155228058060697
88150057745791111552650276786373057472926359303258926254661863268836655779318
90800737027751072917969515273150388084951126968209696283778861497487385280301
111998409290973572644820386708118184730284256591387783450293554309807994463547
66156514658317996168352617548954850101692543804970318067359870287680717411552
14915010473861546637488665814500642965465035080628354393332928472979682058210
98402358638474644121025868991646746052035093462272907193998301309695276327727
99660364045277107830689275748717199014393639804229854384327183077950235267374
80093548251558881569639656431492820771432419456188574887614510201651743228055
81790580607232752802778599559823346577322863685497462547050735372636657316060
10024284613899385097112679139385201163058638909553859704078262364452724476063
18123769221716753271130561235559525839758899576465919507394073899861297419017
9529256237674939897659694440266561470642249153851072887554211384056809820265
86397079447082883682537518171683120827975899104721765848155836494810259673799
53224756328967781059230677322601640437936956837313688320568003696758520005970
57083657475150530965956961369523346994212869883307766903586486457367243882764
61756852288233481849538273235262838446539185386934533672044956519249563003007
3574308758424830867880172702964236381380241501381657637403834280224440281626
41085301335360352575363872482405818733881451951895633536531883279214554224193
45255721733501209015340970125231001583840631399393875198464353870659520622180
90999720439122256363157042186578635804697936945836539986829115027280661232153
30285850580842499221537878048333140252028097817163826937912064007433612228880
77004373028574509086667116148608718522947087664652497040096009918100184019974
91397823757319376477896916937688895246465756400373178441317163252889081704407
70627564861660064752488589042062274822544295204924312251473788512041486988127
46460027823885015487453290041460774602136885151708439700168107317923008318434
10116392702926384758754842837938548688786889928348812965024463712234838961461
41565904474064713168393303000948592005912930633996284821931032889545627650286
100836176611766081610220767621140593203111861038161511342697423056078954754744
69190459122177790818875845499764426826625890042982551916795070921755900200908
31972055783295726405022978480179536464374334673220048309685857251583392927009
18338540291734272784862698094882135482020950317250468148048815226680128891571
210301368389841783479939602767096661082782484206041778201469774474734636707
10980578466026782957853335056523483529244016667044629047982154399432230251499
31451573633278840149327422962856669302927053033987507613304538755401235010191
13314233689221125768663391732177081142899216174096681528308830317964650046353
111753309212136133588684689015891327713629980410228574517315421111680450950099
56767735724429728720496730510001633659040221510192842527275566100593504684465
57834501020573032073160250683019234199528600879416274855975321008188081893320
86607335281547726125138757864206493851626897960359614166746535058224339220409
76699184371356909608020579410724820612923345354423481580053186339438679016465
35175156355215417649981590228135186556994452131490067044150807625646424768419
43903267243549999240732551810123363450561920379865620891452120055320120045644
101903361661421975406513107416776565579183495949234119043313262498323071275824
90914789120934774271747322734542348048638067962786077076718071333430587016698
5384355005946502000626136087154045650618339639015595099364412853657648687352
69761413081585429201304841025434703664500797399319134397466577152640951158815
110165798833195530176161013804672643768443775283126508633493227340210732922878
48421100457518019096164735717348644563381342998623131568851075032781848526122
53182316361527268638912580375137305187772282050659670488164990913548627129274
93047418838064023318985383339330343063433873825784013291440977352551638171212
9872341449377261424727751820761470382398902474905255133110874274730989109548
36715247978216761943858967137189009782380218557803585307352188259106479399004
106517582426822131561987826662901053693357009820551671583292492200131939227723
108979250979520845602426239296177491686936047060590832322258910547040465175364
75562551456353663666325473403795459822161590524123548219922419638364565909136
109603124102595547030821550898048534588523960282531223507936322512843609806038
90149480804809986560393414990708940430968400418810356642270901696499102186797
113682254446403720607432569835225620131752654151693452933591577264927006443058
27451759091471809105067696456658992070440484300805946840894248913864384539911
107818283202677933188875576702637767602938318085412052867151594626197474572051
18099772362444444885587114162368017015083167414211951184102964144883753447254
14723886139415297632545708178986203300041411578017656837953783224535257571346
44238286161844595836710644205611009914396906801957786587486579930542618402759
18201412205965617541296563668624906704616158432594391316151861392108481549484
106626754062534966158266805481270589966674409693259328182270732386310279789278
54346162488863602884143811096008476409267488356965328536333354400772843702922
46490672520887427499029246172557328379063622304358740156914484133514138661646
113908862533129811137501408829988710513707396835282261075982011074043076819757
2990431980172441091204544927305062141994679807795546227624963613437094522139
68184473308046594634715462422287679141529888629217635939840737854775088708714
29145321458267021973608579253247719461999458960895189960311658943998348456136
56213360264876320152750717701572725802647223967492765754259576553444940513139
92872165488353332029077083875067144827072650576874804518275128619758917666481
11880325148150559025008813341517583444360037467027792231856455879368312527647
17907374242039266587023673602857383998004199389027328140747598771388854898126
7762806339216992499530798053535053844804672608208948530307413104968484129983
41283209263280952046464593165369898610846943396112070711277425158217094287574
57422207578996762029180819002991459114281441827083527425109501104308951691307
62496545883490896608213382138425980192962354583525554453167951054837365243899
62528667823309530990829895831928815490016141770823841345208689243381800945870
51656247054405922233071347861499508030439325769098125378544638721462341236839
43604645713011009745942970070549408230182898820920565520545143856333938446904
87633262077022861906998004912638335917264203004045526932335956476782481993067
32788047928981498070342773630045033697985252120352098031443860107687602419247
76133523599937810666004043726120635844061773819822561079334849777863401368339
95229908264622782604484969507873046742795326232412132650288454161947368904408
7827365009745052824056495665982799682884935812547156556762208935808012527985
108545971222355544030190341902818418068658627736197462761576226602357646194296
37703084421268869877575010590640328978098800713101028559550383824879772032693
114893612339117988410990804736916337464571112632631965820874067459335274884309
98853869445291335899278189445948821406159226248647034224039777953461852279469
98593152698500859332179587824612703840208105997294648062240316892295040373726
2202871338782829957007773397731256249217324219462112922508048778063141008586
65981318492992823358217638826394203046134254307535924942509534340272025910899
24489115759902015432416713615860499758699085559089813139375801037646684136070
77760696988698327125904506712892368270446170035416680384663852891667762701756
94534898332975760102675654375932921709016558908867831248595505228370421472822
81361837853328474651079144241963582310609640912362162775259118716017704061296
16982843857134558576854834720680010603372465982034324181831584325524089373185
84335165627380341638578769887754993881381790651958168979281247880545984138927
79813784124873508491765974597881204641371824659337870730181112812305025771941
35069384694968308605769428146228381369753536134770406016555608372383002721361
19341946912166555908149876979659049166696848994414523529849993863199147164862
100625794701138907012366427590257041308115297898026192489172712737215603940022
97021181663280912813835894935625807279977677938160383975484441483180622819631
23664483817560563962570292180121365502328386207591419607873764400254853299480
49169291746956233258539630507606377186975338632303364352455943256659172499470
66308856315115350601101603592102501635860447000096685585114934000594180521414
32745097146562897724324211267026498081986103102659573122451506815250192881551
40188974619278884932088398032001702842676378828028720248803907341078485581785
55475852514519591782484236104572613192937857363053757966023979494779571364800
71488124947500611919944183128775889747119765999061554767776622990464849608699
82464776443251883068673926675661707834505703471082623440736976780683988843656
105149106802872829447962259105851692062772166166314111530086471547915533440692
52711385523746822128788127819819618712945652035828308199386791329001362373568
100043600861772115571363857172016917223116300705381371667223956832513902433154
97279504212354486999493299522887852975935193703704925594743337076639462649953
31039247008890783613800568188882939240247248077755908247378669433331279573601
76378975008070880779300555933943636301147334155182453217847053044663033989509
78805068166831533150347185667470195855426953974789734377479699984356332172552
41414524397353501789983862654850995721323020514909867019517260362493244279641
3203037146189458128694029891075882570888425930722136844819391334433310184987
62533639409412470150096758437268252580147909063489325251942065349163147208685
107583398423292145346115971734652050778699623773666041621097672025690752539615
92387901747637729195323474211466218337070338964176507034622296442965426098870
103914285843737252589713426315934863023761880470752933888129859464605297377173
61974454103846464548941021262251554939167989061186252987463980456789050872135
71003797696372114282620093885661933841592156362457371506098012439148485116259
23799324573194846471522526034325447197387761255187470469150145830325316568401
109648037241772706907429613272771509771393119759835790411305613212703685595022
76876817558963735103026241233157377610706149498565528430838821521931820986457
21679504753498928083790404002046228803353884028673930863206697043452342458032
92185049578714784144801541637477299816068098799261069599998213758650016364080
40372166572247272186743688923036282848944304096811638087941843681336465505302
92170018119215728526034565147585140329807883481212355707903432391143307556816
11916989613282986127256260967516823003406767245570428241362910284044616893426
7843513172970849820127817369676595464657606349672947443938388976800574987526
17342249336268443874319841786560868957887219795628965924938604581111321125253
77623315333314822829438694683281125740876787141179684185227984754903311405183
35756919644156629792706295120700001166083268051005273521418358898685564649207
19296753186312746101038535368340289147397000803731166152595561271133282046361
77613986244191179393577253671056063636995323630306119734547317401314452640122
114295353968470508234635216648473803764145025202105672529045196986639347358400
44453658802478247358254554068704137935700081764440527206669135401817849329633
85491779548320418963932326995788846573263719001630791673265938419946042898152
79202541654990492290881654147246183559763825131467864647003492602412787809149
95976376690572373148892792852491115886503524824941518882101188793843834507988
109635889225190552465442059205732843958520751838056583175142105322143924756491
112670413715978548541312139620179009205507090115033692307883959504656345909474
7221297339631227543252225156268164717484905077144075809296792489295646758278
85533545344324145309570940758017413281285679418842583832079642329017323451561
20561419787910878889281356395413136544989805052618192932927851707134723222304
70772069350791859197334772791749929460917364368295428916836518496900576663095
108784151268765007647215762021477634670975261211323693781593827956530177949539
691200280176350555037465521734129265403038531470925614868978954328755483063
89826630754664090707878819813775625851826068177703399865091431645621548334258
84175123118596756309333362123735900936146942234991266553597690044624882795489
55736569452478135332616166726059904338922487681121743215189739014758311566025
16659520124019379166746976511822348332295022256606002451702364190039364585690
33380796275229033568867778162906717448340022685597078272557910924030627047469
88633457231270963516467558029264521648487068238735196940046827437873947093938
34412166114409372894518296564311724932772332075315684019243851730705574260170
48937004094039008590565582438097790527969198599072015175388191403127347612816
52995652525015772621226945741223787291493875929640879435181749761946928844550
1547235150071126969942432764271216362486556794183392089970063073666975223092
64444224563487656298846066957916335154215832967567134683095672965000939867386
33732815376007629981426331481978282080268180096882947604004130960236759801038
61908304552576165357665424263622794421791505480302774991951520734735928500807
57824625845950927672751462485778744006301634332494904675501739287956969193109
4299395495589279370824234619932458580805941365790127514123307395113940469066
52716883789133897424279877737498214051649531184979200616389948164087909774670
49073913433999244854570354019755562042252629025724059074606848096690502811392
14537563897460089346194491867726660495655536421239113446380955984812819157878
25814123121016277300436280496769078485924303013964064664427896270230285187493
50462250771094522517399971138252437213704333087587933668621582776153640790493
47663356233909504727902613579169549688186663925022910372434274189900125282399
6051474588260910036612714698695777074103863205733114593811687125555748017043
5827012633716364025898421239539342760836609224187985918790819375394993146152
103110381850097536507711917729313236029095229736819073484576798799243167139687
44286456245906204832104857482185195645384274197928067161824343232747206321835
8487651280560096730467444751907053255214252589225861384721263186847877029846
17281616150954972157628043150420431260904253537724765706595840995756615748629
25792648596193214395324366393959289801410191098332220256118198793690538283959
77268115262831440359091410855491204129045894908684366074687570599192456193730
94177330406912500366909530704149689881510946286991917677203458553722525233014
8366246676233593161020749323806507857679329773384808716605358964748604249650
25170278307671651620372134318976484961705286768738164818183141502069977115702
78502799326621679299506580727134918174136672762070260130109804010757295505272
93016633847556456730588142985822231341963196521637275139273533134947993498241
3464912625459385304397150475217603431264720789420055780647382577049999350856
20014278751236171814423783258656060131097440375329031610924888193745302946650
70560465228699106242764348340972438009500981555193971726996596071958186547407
89853084203832388483609611784414965281768708824126539941142158685928630508796
75424666194358343415009667367376040378587293501431783734019458361306931048711
78586457419593331167985684990606252332108039142174372196388018281326381496767
30700386067474294181797501700255940157077451017378074796148411679660882679411
85755936376974796278306636960612738984677988301564266047656456169421674550126
85408228235530801203474327372470126436430452776796230034349979380205659866257
67054239313508158808881198417662699452161221808708681027664015199936540269720
11560561161133739073953611794451802982984739846838192234842835340723709727893
89349683552382992453189997090471585443524654167443074087389985960684150973009
55084976374250246763937932532444028285171137480501268820300498346314836982072
101215428429811671607881592108607522746458490792268376842225092459757766056761
17742406812575492322713561895755517872712071603782512988816723037702853987364
114097058794212050821789624072133348913773330706961519416104143982406026589234
30121421657915353851283138227283223029935927155956503282390498526693271481685
93200543500058289424269543808878066951872046644734462397824082239266275648615
93590743643938050224036818803406430316380503071340245020684123613173335717074
114706047374366636776672573486185190956678322055308997585530052935750855558602
9038511218950878322578418100494671058035399756064637520003134127626790273499
84116320152685491982491952533294252276771430991181834041694503444735193127434
14066693667254550018165635973406986683039453504768364858612072236286079059602
70825235412106228516107209854576662722550445806424775728904405059719223388303
96865243156150329361923022043765662640815273185510940976934747526156167095017
56053734219210406025295531659303690128546259300229888060830048927204760984341
92118041773166787844782500567390377043223430761179176176269310738985246524539
1650710422678977326813922963162750203265881362090187869387423191274092158624
58837339982485711851395549109873359068403222091423129495163508205330449949291
80823817712105416419618412478908413788917192249152792643244446911794351940355
18548624102933770544938501583135187209604870891885268750044173338610111557979
75766411571158130655290976661651275396687320060891954880663902617997085464681
48363071092970480633112177098613417620194653063124404842877277426661107459741
35286816087224906257612257015703580717624689685571857786762096833030739431488
86226198108903646229671284614597033989294499765269595838092192570973060983757
79781395961684945750866547396804032060325144574265655792689961770414432637820
54581089733883732123041872454642445495724414587649244349891835170552263792800
71164896762177649848770566772070225798567767914134697712869305288455514676837
34810169398543125959225689282719496535199914864679513855346266798615518452616
108582248020771555459980052319516212244894975140165029619970601653751756465030
103543806868765801808147891076263343355542127300033002710599266492300562348239
7829633540544251285990410189393939944380697186647396580418036295812209380821
88873540214747725008086023565770632185716562333511000196887320626530695830187
63328769479148089288778981759983826553229862273110608887800943928502305112525
85121799314835987896517965829000843413761038080727251457441374260107536112994
73471259975301915385171348619518155057801640674199171448218180027803789981890
10180436202005844107952366533506225831748131132303421406981545457499070984024
67534656078916228406199924317806057761183128145530303257796453628073377548930
15023837244946067921445456069092522526188407615554910643233404170093506537076
112960511631038428231849451275221607794619723539685185413163639786006363494991
111409184033940625948009911352934561971184532619284366022456698858051699479305
112560152349738071441584274721838206883899221470423057926919326167731252261372
49377763107846195146973095239471441232653492358728069658062721663437512790866
16348913448653625130247014209315527853171638328442050534632185272054972275494
50539436365300145188451886858420899319509463993650372559601029123012557395452
23829573878830925930883282724603323299202204445112065922989610701966297533040
14764792658312148056252044011977135186188056180040575357769080175969674056076
1774837338590757427650820853752263428931301582907249441960712658723664039848
80220168200881920792957070614875402690580807189230470809742311261794670650814
83154088787979338855025175403020556214792948452310105421034959766265803316961
101590108307050668405400494416737041576172609357618839039287718744064570417709
53737697560118213900388153249042108927821429972302250600865449484176603438039
66203960466679097765647883657421553296475006282638229031216862666987968667801
70845877978832809799808636054400497323710482246363592649978257431214677024428
84950690622915272886381230462725985738577482072146709984697650571125933521844
112887146423873598970264099086191401705702004079222097028642922918121539607213
83542952247153534393920456889275526506301847388340490425739125120144969354755
40764730043102800710771088209206470025412492826772482368819788739534778076055
64303511779603455089398782720015693939084523249315512060022335337673259193645
89630976580814541826449081397615638217982695285441400973781268307478779704518
44675845110530820075729352622656710257195707853378061298617670620294942659336
87070790006729974607235805321355569735084165571694861728256591031759300154735
11707066444277006534117314116549403904548870919275524961738044588120520644253
94185504054715267544095356931442127367608077937041900400633793348167247702076
33653245030094759518838454877227668378741378140185186758387779732950956736131
34010285533570058271005215683421368203201308737900026510880320013376761830018
52556258620014053031810603787741564162708877175036228414546248878706899416437
76133619737557286006158437995697989720533353033181634013733883456756546318715
58329637730273051498944669969265752249657625749255604615782847344345710712121
26127235946068088733133353865649163928009423035302902835203383670748306512752
53267824920704429809357952200564198216575446573061106365865127877837884050104
91580468957220777916637263868985088956522252496354714784289069041342749376854
29375427156033214069786732791638018260902023362200445909325006212963419059066
84460808324377980959146071468882240434412688539229504545166097654696194523851
36787030533375479621206685871984296053561376002042501206008277515955130894411
102143806719241524331442883559952555928894710388916913576767552069131128210524
70093048399880837467957681708880233850736243065101619744218325931161323718975
27941735268600139288406288752245084731907060086156139908085661681948701453953
91788518510028668034339326763180879109143723199615169543456511997316887637176
24927825794426012522715003364947478384074052606354379894277786320134048249463
108778193692941156337730695484618894808602591933449492349243213098568046845147
39823088178593555617194433911887496319204202147455501310448598063170825791467
88032553203881889194052438013531700398495549677536939889003010317970833776186
32698356165960751205631083606428396029212172602748232098636876416956954328756
103048017311383730242369406863703274167095769242203612369751841665528773906280
94648343160722784097228285801043608328118349958003111604081307654721751044620
108695273692364589685461068551839227572313276849637974993102266674094845703329
48012647414047133586602454033788443859306692316752373093128128523119867918348
108420616249511632093286827010746068694465047928358471008283412344672989958340
11940372960889345674943361649649501436419677236699405254069372446433537995786
80906345507337168778895814130792072827340708213029264129860078592465672916857
93689955680631046290867024237786749488410347840088307371764429213260749351705
30608149926862926268478157101250354715118358631802079757256419549988090422367
7424436152694871666959965380845607365768098317154032642661584918542980049412
47072076404459906431054796534211937570503788880326808352574890317072178915604
16323511401648697875821254996716996127191571770194582824985247769560528161795
111745995872158402373258688102444052406708922019338273864883546940970908314609
26297422908209833639128819470597874619994007142230913815273798401200401836319
36143767594130368004057203340555788479348141200935177072367645046303157303120
6122735658862223393897383816926748866280146049863094443435345886667096022823
114947088758920074296867670361709821917695719209468354778986815291291226364861
32509191774621019224311189164677490056351978496671733059699569722845489835976
91476043102233642347239948725500812033716795821854655080206026226904948850531
108228062935746626810984492714540184028309049075803530125743633136946262301556
54779094938258982730393949079505389733713030277927409143566893769829661700871
8053118639894966267216585410338406987286507700612432652965637187225191751242
17091015938103865275805312289059491567178464344390643692593086194806080886289
44247071386540427502098368845676165328196913148178597556546583705783438803604
41841733434508458230314944580753336267802701560927102809539967713214967592796
100919758573063087925979808394946013671872404896057608462440611790848367274452
62343613006657647608196902297274317397570833325834609933609812643859496469199
8428093572807215591929926939921594884559116494269136018387047012889818869933
106985001768857596042341349893697655063290079736682912368125558156933599592171
74264316454744290062564691710744764795015005091666513351442579061908857440581
33520513554185893563364771685567303499256570680093733975836115249706878030765
9883529505837065098870923772998384518796409870854861189729088621624591921691
11132575701955126308856253594595329577653098968988938346740935300549875280872
76802612833528476078094838535168947805728863009436299418733810391637205214034
8869921854471606989374825402375188845469277695086912052435951944180180155542
1224271782007758682537036518351508067866693140393454372967689528493777247455
81211643634425850300407109261120777525173106730330085149884593389369705970771
106522615694653473451612792145935483094481377307760712148966125828389796356752
88804752395013363709292056261456763924347545201402724395403871960539221024030
7490676311118087320763471070836793165584932154341773338905518524346002199833
10940451821102563907170076892732395051680536373841110476215706804284023610049
94181646764593721168964000883876047966782620704409361483748295621111302596334
51755523300945624583141673387931268265612399215643742021812010753303766409592
29763555221232261956916103989597870675386135309118299180517109683029890329021
105182963510276402311286033425798441802447956221666714800055348036725277587294
100287660964995848155686358376495934692505950278385811131814711332861941006523
16975752146392063925699637674196681010326792119474776363905933052329298728562
29253088436281992344551413474432297530191962274189536809724730559197581066813
1805930126507323197525028635429911357849971611701117828702236710868814492740
59183751856211624654301433617503543730472345338899977320889877274361538942180
113510961885363761241162422114049451778713252160584938812260638196794253524333
62769248475372087403039356776826623851402977429022419103606800323933878787508
93386182212028917099408721978997450670064699484536779349730784406268757754853
58643675787066701955549977582477344887650970287456314457747890270419150452135
58493554694157757717909975746695671909769806566744185916729394272856678401813
80451961370340354892163849697313490579358856289945022220897264393117069030165
62145615210053134756770672896576155408022658393756842271979995989845034255357
84236384324551848886556300545770980329531158236036900248542129888292251668688
109417701621968816790565315443388102125114547949170318355722383281995492922650
67001484052299376243704669574877516883466021196739672122008780713307236409880
74772240360810389261338296198072982929762017826216216149280395069485016623429
45061713496750071503633957486730413339838665842265684407810031435243367647970
3956122823950437228544840027265903003825423348157169808737491026042899551338
68704431611756450927004194951372281828877518144536659660306817313986690405051
12915318312908757834451609011466383920841009005591933055555458360093720394657
52401123237891796410667276089448752579266590703089852344513243941545961707497
106671053533678742878368936130970056890134137144771499273956281395653988465257
68394768806749573689140875469600667758875793963068580496579003138563198371645
65266879463042232327759416407938128773422251378197806710632599822504395773797
14100921570783384029141404175545026339784482968590423854373995999753122717127
57468980465130994137172239029574032483269735007228266925896454426758161928726
37390583046350942182383336184988184064698664134773629597350801200364334128622
96699381013862063895750975928396503661448204229475857810208417932555997233959
7577252709865292012560761148590102778799511650385543979077816013823050649795
71770641589850748304685694576293112047452937194667175612286769727682333527178
60511626335176032722198581855643189763923308132817588987969023013039753111496
66677346071807311339930965332350185846234304829826657757781939885465857566391
47440727894982242720756539532634387732394341928885047713496439720970208593912
89026894862922166863978675745138756567154932894576517276146391050376940292057
63063379877761029759956505143359041449119223376674165209635290306694126835160
105651445532721051974278893108136427394387186306603728052258267119310582927261
34515575674385701879795726645751775844002854452614199146412647114765631194378
21029893772972407112701288578785918019871871408429402737742369213662739413406
33610292749256788104765894616209246231469926861672227543555063143902232474352
25484829428630229134198230174002898295448076504926775040895996070706689462510
85063572576458304207649081013011118076988777110934468672053160619682168516236
96413335139747742458752475574801071594524715926787142810040077664305008467394
87336538166384541069631538890155698190582666675059242756506908618092921354171
34018712373420692582484974092550655921472324011420217447719425962094776905001
115132814614583937637309181858536899732734043664313348079392468247253470782181
93736298591188776786391681194318355905568528352742290331751216290737703856406
62598344827390423125961698689321161319629108176478260169209882354654094652974
98069101102270632410997089444974708179426690536641980481742276706441992858721
57770886363463817928519473328818321153752985465080490487054301529477587997939
65931908533493410120870056627560177950453705133268937117372300382565277199163
38397660388256918426780652809415666791876405993637862624327430316066882790271
17530847079154832679874046028010545351531264689001144574023690798609291904530
62249935944819930024614406618474097064237420934410256001659509614444228892005
46833894435832017591380715564646157607420454226792219190057697494292628289329
30777232975954091961973917526572720905041086210815379611455347761213370573928
72884774039495864263493158731111329945280112304582022207230311491228540555429
28206202336159652792285786470998209384010294919979488635025458122868610311512
38126540119565298312606928836178808118887967255828277812930267324234207199052
60950338759645085330254193607727569511410047827309846821601359486605865485518
43795323253988237850317863668166131125315858505322058559185754958782483866189
74059493778676933050197654573711056528952387053431191613681016440147637179417
101613924517562323685208453379596311415213969027519506553727854558876655101775
106822498347752072237541235549657040826012089079355020559751390341354234383910
46959885063824953912002297520359177928620553284463960206927327666624326554588
13409180584860139439397078597280474975671931803519247193765236902561845235907
107932497325643440896354505554074157004202034476273573247864382884891568287904
107453141066332548752484472986902526352637759352399319484709124407909228268568
45192476102391453299068830777085555129024397406006126439365496996622960795562
87316863899098287081511405345173070588718083079261356558649849465390125942704
23333076072250949064540834379839829648066772541773321088483668809704869184778
110567279152044344956917779534835808369430796079054096576311494817227286781923
19960961127301692267512140234418142494872148666320765241310448058614901293753
12216972695247497314989649850222255607720031262682230053103241525901063573778
18574370229893953501176455192519345636273311892867440563545256156279958620462
103640362611981147748113455391089399673632957622963524590756008557783450847454
21266937031384388466073969203839532017522856252404288283343431923292273946664
100614417799670393727876699854721904393798482057500598767823521195726290503272
92882311791033129694415067960113857853281125027486616429224148051362022479673
25368948288378133937809196831053119158751354809519937817710302761802737935283
79947287081522350813379173091849490546423135558458284623848093017978659519542
