28242064192390061948018771106315067231001838000458489688040525115019852754795
109404044023084095744434112216971328541839254561780063517407163430362776058261
48578863947500607351093677077172497203278933827683285618455185593673609803883
43323492493002498666830647497155971147962242955816035690769131717720109027395
104165569390813464333682644511306536235068619559158255950085095426958690677056
110270053916206877185098461644222528910162738453095537159535680373133746917771
64390223393880236302917854943090245025997967890388100718706619070494072616619
9781037262614759987111404098125733399049781584991894387931330152105154092041
3115019748326814372829289141698620519061541906532395393133591427755708243416
57934612771421311153796700305182708497096139209217013531458004460871900141984
32221696070512459584193735053321006341175723646994113319159379709079511747683
103504103801374165546145476249448898468117819552419090709224644855451081625884
79305452202731474010848837132944408704430766930704243800156246993224126588102
113985430646045113430295355270126740221567832904445088076268602765449266448937
48731717971152172657253909902290616100226577319967764956623325860667149834324
52007216544853333308474045628007458680451469014947082164174991448816108819859
505000534352369303620905774353832952449114843497232688515628445186484766961
56678856284546394537274255685997890844303009426166655427832434413752036281663
17729769421516299268072500395558405430377311060680904521329601758291232714416
77552412880952945143187635272198238531282496160371990845179298532465944610233
110380484865590258946055775573049532971020707865189579748810953049752208799175
20222473850268003171234463242502135334719042245425134791222820125897924018418
95943524409453836676467512631005382710599455714452417915497427913296152496256
75185464597854792258381034591713362443226532139795548062510454866068477765342
61773623718321658504751284353766923231896872661839838062690430751201604867010
52380054549920764572257455736972041061490106598682810255727516779450488233807
14526961952508471829040735463458956837774956690928588985959031167094031016598
63243297098945635475272493278953781771751982789719543718289213270870892091811
44600942125763619411528870189397226109742497695931377038704792847364477663284
48743386608655994779881704035220088381408522758409659561521756519620884338189
8941973030660905594596209883179724701967852076539921692253044233097093414074
91179473756693382163880107546034281758261060146713780427366476256559221968657
7969121055670257929093821631680998864003784090745137689857503318070724150491
64088022402836623428560471635454807595608770843230021743548387734875218389319
61037441231349482201490979414344860994357052325972098094094324084831724866345
71962301713698789222005488772599512892394125206762599755568145725426330557693
7492949999772641665115072738584169074625928758344076636886008278780752861559
60452804979993927892468821713018794788770225059592028780507863560642297508198
10529201212653358418032541780741236379799966244860061950602216648616707045826
48239973146653117585812998684833556586219628130488959415249275106249003130107
17686277884929743858863972500511955154439349901366459903970795145868867839413
114360244625812905316336288992979785189388036766741826619614323416714613932288
30719332139706163932969695670892405790677015296650643712621602415665209686574
56949201789890536630201772192360091038699823106707874308477764476643681148092
81848341915846399030563862553665042897696042108620776613650509363346629949276
75711749009788876488042894809794315077481790370924064370642455259301160039573
95695075234924115174377537565532862609653529594914592783319806000266155327464
39558139229529685676779804023104735336146795054622835340500807640991177340132
64391919500130279784437312716911573592194154476493168678448829157132510022008
69223708235484706474558298313571522854682770254737471769544353643880227872562
31610284917338429219667911619734726056464651432635501371104572375480292255740
108391679549202601933111783893865217977230183653819501376960906787223769320009
66491993326050561751791735762232646934949268331675196977010419048352341699813
53871320451100282722015131611530596108038545257929221386757038580733005971547
87554069165753827735795729935671800684036482285304130551695671714684653332997
10951114515377503397983079163130371320236551471362912667194547752068661114105
101471386628929218010703256140184249308036746335768169747069624898824786180340
79338378136035680348078301397223679615081675931370594104351711643408155334223
105750386241467619691012299157428354657718823285961882868078312626347888500207
88157224923685203683383157401541993969271265458732117372608739930956475056218
101221642842286924073661611554112938724825928995789073785495592780001527247526
70361659547106096671714083388392276334203146443748579752306697622437149393171
80133438168866898626460274793313459458530152791572936942088428291528270150795
3062419044284230380685231795702393602535413688792874240496232976809759325575
27227151988015166506684504245195000565338398817393709929544805396380632942532
102188894436054066378600170407578181340391458328460470256829487058393047412474
65264783856316564407676962302886746447645387951862162805742175307726719015572
114711013335435122054355066968529268941917345884518316507004815467100911295817
78550466455596045527026547214081000032818322978718365782524141445713462642285
109732774696921329810729974363405009383462536836153446379420487513995675844324
9367761353069376531321083080893498445179872315820476350296950971476949181054
7957241473388546551706329156114546066845173438346128971770416797195686757746
80414113313348661047477470489451146102526890858092622196988696519859444488553
105746819875607308064394145114843911650310426714086816314090314078683190364534
64047317724720210712746870558563833887765903824016148035900686414886841842377
84634175191583423651654868054296694161218212811370920736722816481595944976470
69862137839571969951038249310853502506126483989857209922275052454250807276736
14342164682657954451473655173092063510377225287973203172706416421867717584290
114286727518363488907254696890645623165708941173137529643545566938442287089248
97970610786088098738588393222094572782038452225993112742652278711017420858183
58463805075812798495665406893402051536513042798531802231174577608495473678714
37237768913017214182482789137019499149196469026833239741522085963740318194597
992675683019106188099874573066287720175481657302800855030621032518261402717
85246352283853115842523962830398148753293457568556179022028956127627787197794
36346491205795138515408595748886416546126390309934019897385061989936717089085
11723139886668296665559830270944086156209703401247609246624673855320194115880
102145297836154998459526497194654005284075372714384505197184489408123463266425
100059719200138329556468619617070464995714911216641798468119811638959137072025
83160969446308596921012247767165795229804609023454096889721680406702964318792
19558489231358846424500423195818284011947600278174856462001165489861921049054
98376352328158642769802084236480420957267801532564862785831279818071872381513
44370824880754719546135575394873288971446239110826071111623225269817784858210
65022457813036072318141606740294363032956441033738394041066729879510462171118
12780230633492746981181659135635424254599751907454260405303471826806577116827
81184625889663528788725027678905936318123198181390777463502345094489836099955
75603050168332414512165897528303988653965851733216108093516942043456706847391
5346617375858172573138717544653788034130087754170542432621772090600058553916
40811359508581604772555142459589984095273997779753516890668738335956828971410
54099159325382415293563828285352709320791195826727443354783948895172829529620
8792271587775101328476578585141656414826780737113513443820846463661630860059
30952841413273854841572236674947859195574466196858048612183908417298308968934
41159911828599862054630950585489092886055981220572073989989786270927662394909
35307851377833526437679313681509392111529410418471139601808040039774102812275
2085011484173261593493064671729311019889548985129795815852733372423755727512
105435185522034412366085221539234730154094671318847003965561270580294079502701
100603161679976838479715938138831320390446982296000785039465331647027803654901
28864886823314083854467671780090136116126707191733198536264347206331836206047
38727265966274957275465481815817759825206697409241637955783043677549071405947
41536278842986775897333528159950523132193388378687333014531536360339119443017
50021802414480985862538542924641822902219077962931608639601758158209732970230
36421456535260006215053096109108312054342423318381936264062749426347419736177
2990717692915536351260340275864716988529750280720798037442640922394043130085
52469244528548178022243199416054704265694521816129895713609648717579150704992
72422645046987561739992774285005413078137247041946325271249932160377435736016
19063047600355250069227247707368658572288712453640865999528447595842408856678
76919860424328749270155895676122433590403410160956996091792853534968902695128
34006444288286428965600474993165722939392043296548950523233166400479602609130
102040786089099842420653971382552414049441141447091384772703538518450811215470
34014026940534910641009341453393208401046799218351908951218266120161983304484
49774025335642037354845438776309800676665918102607712536037915421649690557828
81700288976372911270601312585579297380404481306226865391547364424477907212227
58741526056487083301441807333878188766822327156235240617810679231063369664228
56957350644165748578393376594066455199884575785963008682258360627446510612749
113394988845272135844073938734497706511757856232240067230810298640206152578364
12435819843482354011729596771186055557702315883449105624970070669940000671645
101445808822818672351192387402774435321773272345762150830304853535574379464102
113320854351664157972134770620212282808335341512175085436920047026507619556105
49659027434629220355109862842949141699272753113142763818059150207174402577590
66567525045167316556634219781067027518239668603858354438313379421975728136393
25151721105325085619670525177493469870131536393676605725316846235701741598876
57143027587354659440553053941465393363996280985893241613823675169616472469749
65978562895346472422921288041029107262255196702615384398069162754695877875147
46013201063690794653570305865546874634037810730782845771188224678285506552575
76471367921991736386958515397369899171214244234095679166743847597963911957871
91321885879690013210153751615501745951773296068239977717154952143328231758340
98672765091055143548834802902660267124447907603725771401571104525761238484484
71985942159639453738468934592184726640432313882814764788314291909700943156227
69551605591958509923129572030321394727940570100059397101536045164870233447676
46939637884951975904138158650170286018018268979975595276939795548066037476515
108768519425923904507667070586042064493734126223516771936982382520310865683624
85609485196313569230198217218378516848137451594580049266089172026795881904216
74416783176171154654492158834244688455946896401089883270302411135434263802409
59256097218307939529304870105555919070518260903213061924107524330495059241772
111272865648210823792973261965552569603652580663851452158016989472338731255798
86229503194371825502485988969188103389684167346959687047839602818106736085550
56482839836464379844280308485400465636130831471711714874127351843127138438146
38254588905026280692611487648312680873522373716667538891901664661675834853103
61524991691954437046720921868454701008122346448315012537272152542681792820715
40305839368628343395537552460290718713310696031233400146481851098856247168272
86387588425336817786261228888424705737955240218572552332898481265663607360279
34095056032550470148931092599348704845755649871604617403293151657442787017398
67974800753902035220643493476240747779202084890025934470633750123913668499428
11358639485726698796111126944926440171143654423115297409560048123331340871383
12401890999550842482416932910657418054000683170607562972778558801099208684150
98209420918509550321854872318412219665952398186327946566538313065983602195481
85316597077625192913674605722463581667692072185574912254451388931637812590280
91458159746922938426817563301972733712143076225532716934850097718018167181315
8571973121315163142172591676253484870510360980727313698474267961348398114416
41478104569524515841258713875574502680044204473016878489147394854560977297730
32778327094640143005508884753341437157021236282422028756703235341832958509209
23992496279296060144208900546202147503260151899236282000370873593393589988279
69152865606771067687472060135359346112768781574986736584585476836405846475603
84021423425205519402199114858224597260920263744697158270330625575392959648884
55454386607411752033871701571873747186851497208281035597174635729936313449524
80556328025757846611457157743436001418471401202326204904458037148939075872367
89871438463763288199759394562578349104947139553696842837596967653697615467044
57766831260386677488374140893781345562329667595459904830507632462864266329940
21409371032720984260677661476836162147717155988196456662142297462837679455067
51619525346054769523026910194198373893164959031484502509249097855144151650748
6209036669217105819889922000753536358292160058544843211949100068594915541762
21744436070907438764066531676712831138978731934753834077100990301650714002728
30640633233777983613298088812977461108301374022099405247283047452688797720289
102671758407902968454296706882704464591344367920296946625052921892905159202345
10667488332721916413335014650245742765624826052709471125714252956417546152641
87834538172392032615448003440099970651606809191811356613362455126457433782295
17699146550276183462012756818487973852109005292005973579554246299456468831894
90331215863832791933723082791142763434965393905307571730862700194816787208831
101187308598093125516982056392767894358752299980952877389456514205486955651614
91869937124120700718922939991344929836448823573454616973056114549645828886970
28767925445922000470647864826541474511618040625600764538358059161054389659079
99086713183052349571848890462858944352967617215532364879695527174472659347825
41163378247653327250741209701567114940866494274911065233878957255075305706386
53362396499386439441653755095948255596599784436417300029400737590137879402100
22162264519182041735553195923727657847979257667895889988908095508178462796482
110182009874692553174924551581866477921176222156484150761338062317990829316572
41500574415150102201863364688570067670945642275347584713698687452129132510155
48074179931931190959333009521895055035114993785689860732478306944821496702071
81668010399279845255490278992214950727283909057135312801336289452646425535164
78955596856496396123423158581370744225983098121548425296263604217660965900250
15356115891673980578071310922381440884121830590306735404083607836038604054022
22318996243525839928824164855665007281697698127399515828131014063132523763730
76456872718022190504909973920447642939052105080280473590379633037466012484237
115786208319987600479241785830017905833908921072575863593025015658117483719869
66992229032355497899715987666213711848833105934890636834358427274237163153
19820676428163238089384400837872280237435378648953046809703928466581246199499
110172980253977007443750815288608690054281832399851865185535960728037854032250
89892154865715706701942239189483424567301168430564838631840324856958806459431
23663393983607795933403429992332440348173359972835543930644718081358810533388
58556432316245820792399023337629947659905327265900426532806615295370133503201
65509739096128585377089177854941667491087666174735767265713175167248884830114
74380743391155524960081318215925911224537543077307507002093275994760867304074
71679313982611855449639263585853191780282696432564061459373872219794205190632
55496600850765331874133134488230054651164624906246244495543357172743492818059
20760432299009034692869945460366259587207864587065561841680256300491507003049
97559778650483521869966649086790559624822356453987128821415674617322314847821
91770969463473553106332423164212264403217789770127749908160284160420481554192
73217606018531732218474780463051425562277004777562620140186056157202285393985
32181063252443801045405206609889055754517029355982165457089643286405566150342
35909292372393398303347392858311124983001808283417545305274599067350700289799
14192732613308547036142164433838989581333847116404849226285361565838084432435
56913164640848295680693934914862641716050073491071553523499881066748182369059
85960522424757766788286583317021492958173235181638490588756183175704099863112
94916860234908954811426577895075131716065552976660639866328253113655876892960
71232524162533877542236062369798657777846337546787862789565549266148949965847
29560100037313568023886708458391834974501852540515409766162112082022310917272
72946206757559491334318584647850789215103468688300704801422172501766537980831
51501351326001559961057984881973794352266014538160468645955853394238785521067
105293798372193131891915918295981699758649933252565520440915651687917464041642
52924781089533780697222218280451188919192697096699689004765693682678799271942
80066327114601780492863866044315807898826723379525804354825481606903267876272
17330004328444888712926890876655670454355733288557454283890870191134427859100
7113468990158372729305789618511770751441390173691720815083630016588143564589
94453605787619126509227445612061440612503572581568492539816797355920918736668
79302126200099301462347641319370001396087630996863936522484081827316595420733
88525652340104091556494082765919447088795765164960322785425664000928371291268
56676716971981543489700515028452171519185525682913308412025749067531123796230
44954005261198554723846407909379600997322881317901299378865538422599509351210
52678326066709597947191249068500386496400817379840317504011578203866699727808
64787180306793603451627040782994337737890660518240881310168680252531695712127
78435394761260738949912223665768866035819015291389490879473903400756504078019
91296556073987409790901967053674456753298324917973414472435660696323142730851
55784960132136864538961956963847057565903492103583929462029329249662607603940
3025144332838172041095540846216433646873360953212056060596568957446110719611
15051929741212874074445029721043591066254012466040797845509899738458192661931
103636291780099579777353851582027129141562499281987819632217881268742930141343
8701419364969331730948174577176871922771931801777623524990664706042361754958
46396170972993307654874032272421086882421846309171634323640177185487755152063
61356402411537809241938434533424105909110574089066237347528379068727140010405
110770847332656424309431698008950239710314369442096293854307144790293542388629
13073742225594641674234351353555353843127495605993580726443992620663011325585
75160443736180097518423686301323603871675921689500859449694176617282652856546
97745282114514520481594264156687591443460917764485130303589197560445188209994
65665311747574517802762391201140159065317788914426256740144135010450938383781
90698239683367125928976633343392926159794409037626213231494128885956921596524
20372972520905077722799675345592279139117175747196860705911005515834956551018
92908373017719476407268507661984759088591341007222427716892007342888229325904
60039703334951658420300837378728767733826560215617202137643207702403646068513
72914705992400703067644472637977426923225714733429291719391919046434732478310
102180724204566033497285177359027934265320504451034321353737209203182376830641
108354371587990913381868885118790672606401973297378530094610573374084679296472
105140784174501701534409017209486065626961775092414148601145556871777818595278
84371911542923994391182734919060366146298523738357079247401405763425925034035
84921326741401132771274764066506458514736474876433436613167124246521117003175
48027460588931983239874918699972714952775964928422778925560147404937624958273
107863812244294036172881193776696255256900448589056338571351667838222541147960
9259475726315293423950838223936597633506578878969831782290959323395351306451
81797500310453503653111342707798947740975226005726156625561089388362030466449
97035117406503412877137102997191250720529668146388637241693626644598694055404
105455631359474446523102798415952073121701556158415258824023223332681975888122
96083605889208265072073697934830126058867831939698222327260591363191901031900
42673995237883213887034291622467752094813062599290593987653210336833408679735
27651885452736997100137655533373563081914212676358261884004473792466019013570
53624983959117340799965536636173320329711750841228182552612096658733090575983
2767848651411119610316435836889282480940384474342917504783746173673743677007
6835885389341897305608252501145608855473371051247012046999504239097140393649
72447949574894487357608855734760793707345054409420603125895598397566202120545
53017251139181926601760735951441453229286799277633952409295414114618499321625
21665742837297500959926010524444927143396289514675503519753853165935287689359
108685060393363435033784890944802959507907259556895358926898709329890608358391
47002469467564785897564589960603315310504270652975458170977144268759488968247
106820181166095986475221371715376301389866624051562624687428554004472783055180
91085896887486929888022181331941639056666646078989212597910561106463500133234
38728676033124477324083897652290581206570434999891584674887779837704388539244
42204407154438527743061789538838244110327858151553298084830005604305718668207
19944232251440007338672772805538406175958702611715603754927986735803520810198
82732515739239164087529643674057858090756486075561729234512020311593271008571
95383236698484700750256411296168000567234784549226779579608769433150045242658
11225170636784526097763005707034360840581234041959857706500885621599619415774
33001410329263795769598298485862938831575542389878337306313472156245497531926
87221314041601999137107932932182093846320769510894919200087402554028091544580
77424563348944384044684193590862928095584736077358894565600497309935456377157
37725390859882419203162270762779377608778491173289198010469839738345743888244
112928969449312394220779704583368641288694768503701779334326721782293482467554
48368828138289977849075313641002164596469415861031933254266749731894603767296
27111773465415080597468472512908692298405286062171098115034051298601550373359
104384372662594454889873054839323462819731841362802894098854989019609144552064
70293805046587278577685063569379456687970065744768091198091649911617409931589
54509171264309553134541526124533210856039436350969139535610116582394118227056
73013430560714400272152740462438785856976688258950829274205874721566988459827
43527710152089816092927117139474461986917119767535750325284423899040445033819
89381329544062488310331719483965847641846765138175147665746736422820833447712
95247578105613027022325189480114096752308184223194475228912266299775589862581
47439778118688838484708556561245498419618367985846159032764848991569814457822
88070160268736276614148016642696232813188984551631970834427240482480019108165
95715401244064034048285621607757803746151886194458677986278958627376006829678
52731645377340270520938590745709740657614941839944720216444171230954792353746
62651648830741054092894072919609114727415730506002641651408828274217839650092
35311359244122923026696861294097084365898335754577501627315861462409760204990
100600939387731734045208625037369470715320370293544104569187112370696560352226
51276720977636772697840201204931374308768886614535069763245259689687903794005
97263907175734438836941201693355487224883879777753730754338599595104879802115
111301090396627736326730893432262787908897291139540091409777593499901809941806
101220199127614308272100668460011528387982358131513998408221827878006790609022
22148705779121144303735458022588961191164536855168873744321213571830434451843
1643457851343458604676215711754408632389883106570395782834527506310745609951
90881765729936158869879490825979846337189355982183129886004454867906057497945
26240955455680760662519231119375868971033688070184218664584081757095318550882
90314615421592524224069780286949978142175088576641619705747523904300562739161
93118793863733654910923249209781734423607555439539384679964376228589910145230
54603795162246756551694003288723311160202337981081812226384998933101708680849
31411408847247426376718112472296202566062903750025477396285420597391282131468
65058999353587079485036196050734981096030551910246321450826009812346213841806
22717478220576393726158678744292332481911672587349124822368595041168148001974
31835631254844671137106606749473399198298749214850441320772640963201026645414
74037983361509432996234482854812214213859797991314355044113719784817767824746
40069299835987425824973671374152855241537309230684556661725509177159523990345
49121445857709117398909185310180575175338505655678020693704036193820039523465
15746722715584919070843952991208953884806245702332733909124563903663248013293
115426913000500225204964510434891571449548280197936560655734438399289481022915
94578112194946988233629877337851433138390291143862806631248409974629110401761
49047694882155886532934457291433520558520197579251117479740954374141929351419
36776244726064638325348973001783887112901654689030423781054354634262128137812
11269892627114850667370684610524207925465112228024241741300655588671749007648
45220919092961384874130864160048523347941722498191151572996331432171039699532
4967236619798444290248345652513212741792004575218889790584535765626196445487
20512051469230026185537206905459253520970694483750003056036398459020699570580
4859038299226643597335284446070554700882024417891221926892491058257691350476
20716955394136624922887621241413419009704150887951282170557454501389557235174
41943358081319848499372317970567602994980090873285508610059041416940746398538
102163893484118438970276520214324052855272355957002182033749006237441539205198
74512722057229244516492406812311704578102952550191925913734222039813252187161
27627548611042124348625646556473001124185822450217272582735969059321589148066
94123506804751591734448493951110685325508940434456979279099536871055966045220
109177404917020762502149089075574767740837173384381613321599532218037737538628
64818742577036226616423282240642792266126334263424341942305427860919147808900
86114914667339354042070838117711567265299060374079783107077097039092581362664
24678094253573147607135359367548059543064313096001072679380853819737835342629
6767652820591936791948789222971869180650705544836238645542466327638027685576
95901905612764581591230591807780888195134003190894163392163818379242833810566
27305307584440502307818604959043031059730552683004532154318361140501972476576
106392768781969665202722304123895699177921929764834705803557389340411398527701
107601555802748646466919548602439368486188010231874199822747831472308225828839
75173643452751337850952922720186839965641566435162215125769022601258543831523
3415232890708457854072892773341387880261923987811271989716188110919188842965
62874119190801866633124789719339359229335153183109842522181416116276659807663
93715561253495569366833500996335344268882849666868980964069492829083119351261
71756311246763789919264206710348037799732653221572428783522212508891757422960
76337039942396895920969295062976044931105717617055355562801048553000741099028
96576447465763151006811831226537192003836073171492851913083185004193047659565
24480489133437259086384001884324465301653253351867880452266203238498600172486
2089587143220868553677367726780258350769760280057054189543445924477037850525
90695562943712864224193223695138978465220988860019164142851709354770213846010
2394719230570288390763214031862538243190103525861574197613962723749290431138
25323193281948434451834636606437947731476677949793478595806796594487826414095
113786391555697887770467864638459606078528137215215823263198908583690382857038
50066820132211566357363104179719753732175481882662355053538876299771677635676
14390425052535248874914168540532199196690625231433365249551303805277814948518
35209381654393445728777013372620527681198743369522196332765218418141118572057
90405699347029818030082142043906030850971465212010990815467988936769199220846
25053130970591252070558610058173094295807585812615687385576188662298511296940
69109635439916722897158110230252906253360160507941114012404621579710232099115
54183803014885055079667397186729730865528993771680639065747947457733743708324
11777783210612370914636017904711052363032116663003022642188719855280959741947
59025187798088018213024557078650248082173013456758242839101977782283186155893
51701406744132005590824722876926559393622581857148691017910352384805000951222
74586972822069644122253677204839087545140608593114072045414419767859259112415
30019334931722389778269335404388977186000267692246729606402578774037697494503
91611847688923462817229283689678922040764976596512076221813307946788383081847
65568336024036322478384804655187240023732771385446503100100035228888017922896
53715237307003623969763854395544429341702257059719331224325193301831759817305
19690163182715469378578633234553458744725650615596939929304151088075763797344
78208256616706175458022255215049349380935910755734758833778814780448082601778
10231023476519703300222414626298914896026534202036038513993799267239586800300
109283239689389105647243370812284565054000018622254317648371420905877276622813
84874651077852089624618119996968004460481900330361276585759013196066524142979
92417585418294148543236496920985932003180736928872384102248207012134349833779
38012679902311150900907147674753572146216882828678431131983573956831241673810
92033056246455968356608604929962928722090869835290052415711892279113032317603
6112588436647926780345188365220310755342548593346550601462613272639219888096
89680890723363024988600318719581288512938464333303529037540503611791556248544
106236807125154171031010328509783172252367017093883309217102612408082155410214
52348158188203594473078429851947826852003367793353243457435447097427822822124
8405742190551629473658946391724139028540191981186788516101375553642442522439
101832642103053100653240015088016825904519096926514364724408809591506226360631
96091394193650563643140601785923667055338945969242123490635680857149757143975
77900121919609915122532911543082139156378832293955347612692430268249433397492
72279724042646029243513459349489078982208989348687663334919970701952248866902
87610278373437310950355654123892957533352024293073818424867231358486012078494
44140856572262040578844277915120577102834403319923829896119394520282358364904
109574965430605921286125961404514538725860338046207124731109559586165406715128
41560654624523225229461434121866824251551632765092946366826606749760635792719
107484515639321652244967788446813399062178721184230055763823295940945593999141
25217054798960615724170188475822151643646905171220513456500972787945863873734
65641510523005688758289239442043761797921734462707982329174029860790982856552
31705468602808209163760405638928903535331357466905830658417471994544829727408
64943797488909197188652831766466576539433503663820601441922204568104967782402
46740950396091448901066789869722785181890578901106813097490605084083166735506
37022160781310685086245418109313070412640498337994891575854623658045825253155
86500515878694527682892193829187978160535082156304507125316759303480594780332
94451042200122125378732584009588217454868544282198650677631979697821463257522
81331505693428265448438890043820600627779231428969039693865404705193102269849
93103974792987113611710984287631192300213857277834423836973602356504273077146
107653127563823118093578121613474713830652363304630726794833766304504886490616
68529865859420821109047960155969252192232417327054992742161988553393863660799
84197429885055946350994794925655311627956689812314048246354132867571901157971
9715273321342035933146257080282238611860725276700627117343993581887111843234
80229022909832500225211162208050891871179331773781263669373331469016022162976
99863671355842121603110979595357921130693758126977413339917686214662101206516
21592904942032445426076589403582467741548198533405715005676747362824531349847
8040397927878486769342812656518432272805379054092310908439168086802149400045
67227686810305609020899945336343928357686798285244212141896349747231034606149
78777207674733158577525507973072114233181757722637044424608802642662279638119
87742357865962356290877986786036686926077355373878965280644124185062794014084
1331567692587063305605350225461943587604665963883930414515864012809602235930
65370990415202159629110567965095435510460117811108531497059155045143999513819
74002810300263581864833861644576366255269854829865555172328005692899504560527
73626325380997476865016134977836242799593949823874415143594635632642704117470
63602453782276397109070508369497643364112849620447509734282718465135829811863
63724386709378270230288756083951429263006577880801659206749915503495655463456
44466702825512496446280656254390077789786685210578279321034821082499659918206
88769960287535494014773081651161092230256191689935243038963989880141128537816
50549442242644078706042455547783214117714453930163180777609392544918986886889
112995170997329681555447032949364939796364771061724788262987716354363392809931
56979749674347431348033948264278098425759059871520308220231830910108123543222
71095806057647115020466084373290654980509574127658794835019082978899267108764
60599065211826165116297653451021007584499430623168156270931351820822775657395
105484000348924518748870610418144869414188782412393466096817492200610181305647
22975977787683167593328031291397151634144787341819376219071531221331983377803
56189889633290875675826579148232611802555909969853817654395511684154162710924
91042487973487407827618462399464999923611159587081502741505822904978478416816
73179039631536425369266695174741427257357500793965919000799979934891532311161
57985203867453865719578602987357804648564725060731520322700352342355358744719
77964529534864371012738208717648759981864310886431450329940128234526788723788
101989414744002231988904542013372859473024472255099091739718462980971160754232
6526639836200511158065592907036547379284685867383352235948870820361503869749
34031945656749472112958723704216006761470587595305880098114912267703564635440
26744153105807935117430436757627838824097461699737086069643519398630671750051
8205465459319446916415395682128990746237784898210696356784203248306589705163
21282811486726998797556606189604746364675090364797742297656914249473831487204
73697801020920713053930610175716209310581682952374287330413335569444189691091
100068146390159590956593807072987923896103426500287718720212177703377333633530
102171548873015876531639372632232049182749306053440207198823209833568710433255
16042955686163396069881578536608774265508671063649491473783955671810760878377
29562040459606900829889866255109936596527881864932133085319384895756920857996
44869806131815811468090497631522477800377574479282913072042074819203745576972
71482834917734444257858756817600117084646285587433964181040207436700151870236
39082278670593254485292456400029374147322086463475342072133993233628800236346
92440714122356280953997879815484588281259850912535951403487582109934834142635
78412856102571008100908493414220455200255959749029360158765579358690218944239
93988317133428776285410735493611067798366192302362504699203466408669282186320
84198331367860781476357507903850585015983458907119489460942312863404053603096
109650767630586508963537934248738323807652090902965339854331774244135389325143
71947466765529801146645797393864930050700003806856226454507361327866125478712
90523369793629567362074807354761938690120346990680838139845401677228879173162
1193180428593242748346132717040926653864078584016951239936791707162497437760
21396597574260468051409580878813027544989130477730047090698126132847463517971
106092737306437150421433234146521228878630538288639493382484858487291111188752
28555578807048230194895170447855360844321069049672716730428975683204779066645
11966250102758905182223372429332279823764838699589905615952454737931269682385
10267443235028049656558305108602843230682137548452117326811922106355246483824
14863576164529185589512637671108287963791062042661509356637483700738479818380
2979539491057620137613748704454979721778766063425010078435458362469785857974
89742244209392918255751377283748173396695582703837017429113436594919890294179
115517761283767190532704466969962925335814692994320638040510301261625332213931
113291696097045435456320079240143212194967084410958924595302961829736197997263
77069795193745630944721955427676396794454734264801553070769176814308397125868
98422944185047417569303515034398235786384264468226442952088014239691021427592
106140938455433501177919144645827280392833244298318417777148950798365383223485
40665875065099108692051008483369834385551608746869362793784218539489987625442
45092760486272404633359817286080402249611308028629637902169973212077393515850
67486935231433515380648456254046229422397954324846559794629441279042801155061
30056393042893935997781767894389649635087504800570075466133997370901547049049
14287368647158653822121448428083511904583101270485278317281321116396521011105
113742581768238499167443613324784287531138520758564353169562644482924833942592
96366761771518446845963203043006359874841240593924896104002702621101645322815
39428650441203834656219164646023392031036685449304066548929694306400355928298
43526324637466549667386523075625607705604313449791467337590840176583865736308
47227040577030697382816088432473617861183610859520834528893155932735547928469
100441074440433978755353959216932340982167267368314034454944061378383031854975
71237448673774277414242582681439457991536486647278262944491606679842235310453
26866960748705052026706523372776805607840213921399926588686125669400124654282
86732277644655820977735104040124885954700768228315636118248120521292809002242
14092670727836449298681150587287863987829160169388745125977524691532118514352
74686463662019564921070203874918610023183309577687771850897926540058450863792
78571785241693584437121514449468361204721407039269474485204218944606793063597
75119119501624568334603066422474326099634923213155293221935648202050882033746
18924957671283522055922024582848459350733456625830304939712114418315489513185
82059705343475170595054591240684077173348932242794312782652767882044945151780
7110073361444922851093569774245488922965542767486577061899816618786596669797
44827925809720704474367277164837294628609583711357711277397150688096072894557
1463518714131809153292962782214592336773783604502866517480031799334102316786
4948691918160061528757071047514499974563629424180876388326329076873355136625
12785420546074461024960504305202804985168031153785590199100326406398675977741
51864169331609974806158704748917274474091583294382837679569560239197677028884
54566365602498247248882080658415899421260336336398281858064031649896608094444
73345543042741657173283512628187828331749247691424742419967114856549713453581
2324025762514170010112619268693166403599849582817060422118949335619468201767
113278000881907790603780382307312037182785638682565852711742009618199071437234
70160938381069980425238892570488125246571623485960460695751187770920366095076
80897165269966640774710392591505267043518593666410062583022642115582333003939
835323258956912401971745436421468508876934279608245986268334897737469231882
71282503033249223529443599591944947456694345572514943114737912693423951629540
7144950839099901143251181110222482567202317903288324508879608186258049368445
860208515791179338445690475468929825451849678432108611148757875334514702752
12732499478070021822522926562616915652567938976884537651091386740397855400941
39342904478370098963850420582698342435468256899845725186236657801896674408128
42500342268103886231159824035624069285148101988534023773303490445517352215592
113929838569468015476657547753604104755981440889584848082645927774130446673455
24765225977677765096908684232090710809276788051452620920199360291033066360510
78560095644155379739250783162979779327605903721432610429834853460194105061858
64173129429458179399063613999969515496040374109174287262222071321636158682794
64560341914808234871315046352461372755247059022097068745226215166134167120555
104714695648147586357047483147162782754935794732707845438008054725705976993922
43322595776280526609832319707056008657947453242863562824892809900292572781488
14146403542252127749530393501041318897967826605532461720870515042062533424467
54135225615864872110560355103244637552677015348530423980392386453833909123562
37217010624244815748772348931331223224069671294678790083609771508073724187751
17604981422916586643700659032979643169669601780642352595459939465865390037277
58788420620218071703962218793570935543694954471457025209664279031435133172994
22859063074818307400756642331036113274281076833743303891149911302168148190450
7819514278693564517382285227253377768506720246560546750433339052466970737881
89646938291325610263662854074320174971537603519446721321180222618107209259520
48750156363298547806702369483197985161540381748390274604142584467577763486610
82948737162113325500866832041511463475259650068056701261914298709950040574156
111517441552235019191697858721828234555820833647307725769621400320161561888438
35163196936636143959702946412138600846245773445469138604622987210104688590504
12355698187264722774955426410342396933060798574291846074426043876743290467271
75012776407463807140801522568971932449274344757688462014897935617166025823546
8660253207155786662070223987553325891758816139002319399166600004608820782591
112528860864984957678764795337103400714955447783840261618393341591952899839766
3224303332523850997721447633291345806394500220290100829429094640775674100769
62216101953773862424597829272923665846570617249325665315923293194052545642389
77719899289519883975361932940742741516896067296974273792075683222526714703294
110066203216591220409173452987709414324371497228371912136478459333397207895491
72629862178796632350241868842351918176531746332110502410691797497329395631851
48658953375554313190072565817906130180896821352295595416431744965672825141441
109484930760634111631883674415233582017453808641831069387352570944610841035571
55139285780523048563111634566892959586294004425609085135293477884160081473361
72733110612638850617220912627694595420183307257442418061714533920175628283954
65255954287069868112094022835081238305245695817907523018285029631598108244854
22294588573643646849354483533089373025207214909154802276479916259489589404297
22618790677082002768961820242106299906146296321147217691522911403478862653974
39998830616329280945605074074647341599430768530909257074631565139502751364353
9995900794215534214261244562323874453810038123174322510015783695345346938437
75534813380618476449183149084176547583951409807615169763649273865561663241936
64533422587234826925547821453324651470045118484023800574253203304442036074744
37625830296652108601184027123471013360945097817318066638454423232658508605801
54563077950645553120426873389504121279434847720782434854456275702588849445977
30194054259545378723025816132143996621279487160255580615127606804572102038318
84044475573715751413147087810982603813659364629950336058201837136553092730829
35235740769479619738433506386703516819120115783267322785574464193249765765320
69881244344221215550191295168889910528688952614142726016408845883209951193530
26966740143902106338446164273124423810308941222255184892292497009770837816794
111031755997273524322517604925117851829149877893345410519571494173800137636333
60122088295224487916997644371071341308971160111926484021666700100941277483060
47485978556920697462325621919980279294833608963431901968729650532922645236021
111619749201773332644817154226997728122269544726467605279512092565278637653616
11976648605739608623348525292923892569920987778363175980232751258489913253531
13155405307612748904330996248977308939466746600039837626217568144713144012862
45132351176591367929616145165660350355304481780875076160789365504402630980501
110979275577000951235744361730178790786197116013385386503233194048035405040804
58268849997974351982735080588079440532222331743223604658575010876553127077002
113117169676880765130284819804110700502177069215080065799084581705464770687518
7102577411360380552089676241319508738265938689447807980066086787456777889491
37653664719769497183725842984814797922745344681864980687052463981303319960613
55695424979171329419465115149977442678447741852015435060689960050517377830517
29962955149569531877926473405424909799987371026735172784907576719813009633615
68698254872678579997046479592138883199652653929061230298989303711460518565748
95485381390957167260137696161964660765536093657496991275944642838361016237597
78812441775709464580101968797093155155103316159929434310139825762395983073029
24997687631554465553657022845455539264898097655617279636807321017756840660604
53461852216730348095235329621411316983654187288356574959914100769114903916511
97870438549450942375006252644430665373624980844143575637419589079357730910991
80644253079157086284217106989173259729075452624696446431077052722833031653873
44426280349568003806075211289259329116487672516491954626335160384474484869638
60209018633215013765313515826432385902867432680986552231034497467395070994170
87468039082013553534481188374911042400796473508814523177285147283489715779626
108896455572657917319081831579368630649910091053476250544750331836268800885456
43774522106840205903971661025889935661002450048797624621854658640415653027052
36813262175119553634237273148195157773831577622934750730790852974963850956825
100455231721586958499745656016710297078860450430930411509463511142036825791855
27797693668412088324561575921684985462474420700955978918186332004601266280424
54981473184196839052672560628573587970966194485835409890807296990957360216776
76706667306440527672088854385510904226916174115584542112486162981345228453044
101343319656349448165363903862456135302340685628758356436165018614074999742990
30181725756832881964577057906094042867114796214158462446681808169175226563709
109274093993505032970325744189112644922285279634214193293241570377166545138987
87616406303636287420425818800889194977272206850330787710340639849247448278874
86921234412354562522100152905286689376210034600961237149890497226272495691326
108392807485584568179461364888557926741846175805933429328011351424283369635203
1762893021877459818815025025853600953012274376301422301038802748780827266014
25343922639948969906760792024948907156223220843021457516474870200905509790401
16551870408533331369640840714419113075993556500896836766279890363791632055041
74676634393176827145117734468866706086795688551129142578785970479034355696151
68932339030951334519978589327397466513002156064013450589807444194964953677691
52703377720884572940289649593294727974872919457972320860789772198835673569955
45100276484198684276886442237316616543039934895189584106246011722181419804326
26369583736410188635712557099989135818984310563712210421206189364498414230694
15210148330412098812999842135627362965409513416329352728906380047516538386583
91445161946797480460940596455893166391852359445959719362635195265796707606005
67861134234827066237643397334164385424237457718844244259454602157634243674313
53564581146374814847112480843246139977223412821830798033997167271005462032941
111368467257264567932207880275733590880411231815725698527278677336685249616541
26439328295679215519694574349707953283418051234565905279205525730310021498814
23477581460897581838175483784567691311668429226161341440421819697322777324369
8056302873264774798373922559524741471390000462783267255690244562943166719976
84148031049380347007623539393537740523610299856206311030337476135311335272575
13243095580706681384804324482736347643560311673588196649033016111133856315883
104060948079407901048838413227782915974332075849524947913507488794144740697965
104450856408040001339890315749554776855835508773963873675490983472264822888492
102615133746153308775782361286337414671345679386344491290274333339944722975770
94563625340734823735793753554475373250808765234641974706783886416089157004252
28765542325566287342707029714573494696597767399096566979690662354313494978443
17609493846462899908812762710691720419295525525142500242368421182820320563180
11492655751683886284774663340658632219435665413710776073143026627735974426657
48310032186871563433372004910578596947229587582478479117802163277241451355558
109106128740414806987974819768841385303379325110309395469153196586685794941879
78580026847255086650499619118160230049959541931455574964491478806484833791619
84720670293926954255097308271125129347310093072483846415889425932707038531978
41184191327039233468399116593523440772101048156006876747704795172075743324287
86521334801195626696383872206851922325302015444200565384286008261312818765897
22131684285985978529852303550960037043964717994916633337899147171688212348141
98506331292527289921234222106970459577604836681264906307206906517108212774648
101039939391505049932842118074376458103482044981182628569199882671100095593284
21739475531699692613109747924802014061292534490140214635933086992464814045972
108064537759344539714043616775135195195083589121841817506264668926357269506308
48073538283544748819711266951296088897509970674072239559345503877771923676849
17270822958670610121303137807798766278246756529297189569909034362391563841986
66492761507558001078351310680520565468212351908286252864771127398754632802891
58454924078139497550668562899838018808353063745787379529442434875832135614703
17569017538531933402640266016452539483797771808475546756098511333031837556210
22533694178975096030966022025227170385729630412458115988796980770959550725394
62432904526828737060769151400172818933150371804078082005135518753990191429338
57454088007504759737983878671822251319564611608898074068642687274284271003201
56744347104766100165995559229884944981156940110651723366338839606982927600932
93510106562509694682815580089847351767183253184617772615948523514402294126115
70499532563776478128565846383127895699409645278706339375597071947321142034749
44638773814293973496369522970432015909131635759478555242890582781447161457180
61174940461661162306246034426695169054370893042533297260448578528035292924135
94542082616445559268887149370078380098981947036775023177416066888680233689753
50162437035981692083177826453419291233881259589145481699905800961285477281274
99981186880063168022074944864509432130007039665895366723600574527290466373981
114592950796564288045078698143004624096444513316264011924280724975446626887184
83582880993184860318711028154970504440393338606354434122286059113148373033449
27495237791966385913433693688343620700213953321091776963497417358882450191947
38320056856770875050023440969096628362724361833479729382129289804676430387054
22884991357881615179478873727329886013079921002727163512460288976701399608091
6847980704861985714491787993229926725855734589566664795278396303372316656746
18637315525887506298705427817984996905252515341364806516868883095016289022600
68883557617176491903386343496154295104418745896465676901498047350135164442841
42801790575623725596021926689200222730719420842214363297708249767903947406512
62187295860889806268072923805986863475109886324515499306238356905230522770269
73138259246582817083156527589659573358370195768196979560100080067784944266557
67397876909294865910185253962218568452588626772883286351653230866368133927866
113457719029168937560148035290460724276007543325935371587460229610849421719806
63930463593297044398479376639565255810726419132940487627863786500307656276079
67144005122308513370142433331159357510031638298970719613389177006242774555386
109258288039926215630972910223433137901901093315648866245591712722191373943358
18301123175568033267706951588954460181873585702942239813398579253268142160895
94529478786373117260502773857063726125470230469731826838728132380606951471429
43173553483855423891344607728041325296113248627034462312385026419664263471692
62857833774725885924506742010906398012021925034883936771674555782369024644336
106553607684469369122596459282600547607589568746411300920087247498276754920905
30729212529788153984480542966822437682783116885520907624357589760558321564244
87569393434789403839859431114993041966857986327657979370054295024283131735607
84394223526115256766140295449131925973653852133859030779099096619381941262378
108347308234514501631261637608338131879799148344733719876771279063960730025536
67768890444226462934899761151160842685099393509037873709311640089502042779535
337064356887232819934180710117428276898318392594553460697280653525889577864
98239408650328829110989641399093744474950679686865891260223836197406711840949
105132942613925168173583234615165657329070978716833215762568225544451583486093
64431032896435714532607041712166550538275032181137013353970832135919027904241
107856398855996540539801986697379064089477467474763447864201528666778199317960
92322502214156360834128859189640397395758333530325945652722744088170412843277
99439008107338702488807086385524942844974519869536769252738896957063582967425
26371921513447987486209207351262603932637851338028759664381763848479673380918
88090044130267725892353632365867808826701507963947052681419632525630056429774
10009342276044119038224747409247935930235923565804750160666403014679211427273
31146382160249192603796034981245597258863006710248343348589493924432712620019
23731803261708253089008308503286666749898688531470006402076016771379085562497
80112584538509389023923954534060665585647511941146092083125097561569004015154
4467602797678790355257684422298100900321189227407621810807057583637025107773
21627680611991220584997727198284744288576670384157989506355065612904227926593
74831754258393437817910839854630036068029834195625676689168096468876035427910
4629248054898016276033086364717944591139257227799570236188306959953976149097
71441559651288610340367866970884254166766930686228456881555624356948603177733
27920556469538211745124805953133351972309588628606078839282189895352767216648
83353266796246478737022508493599357270575407432083387283514102079370188106499
84072883324917211823988324079906513535923055807657315597518483575691201714923
63578042006065605951140954557370838837286241240527930364673555279821868841267
70693595250012621279154064459270107556742030748961212185553648874797386503453
5892896133755994345395141538623094402861604088257283506812761736557338345568
5620393003768847001198719584407041537761673176182604401115008782556739371702
97534333493728854788335641481094541706311595644002188960470758217741960282172
56554760163279435367509287513557290984823746278143234454092438108992438754014
37949041513111408933555365335818876358315856428663865257033045369550564673383
85940867787821534045180122370912709601315283913600009023254868269875060702184
22000221359644926064266666321137822310998219874949936892725664695848335277075
85764171530410126505532973476386953900424757373644586823207535113181116562508
68771083513503277742476297388784822778343968529170341190491638692491583929631
12855863291300717634745263135336579811371351500420804172119329623615966611440
69503819548743600127189090857746905972943584013124865588913687640353202888961
105047860607265571069604329757793212301446909784512673340432825203515031260748
97238689304885957815274436638441631743774382084105194675769832282989991670013
87994556112154960607577995606104713880525284721504808548267658685471754240249
77795670615339771280680927537838316981554137906359775375507739482441174173337
100878685691355724695243555778583243837882427233103520518347226864693929733949
38710771389794104835762185979024565124521015405581611336563886147999341548714
103280646024138348350599904470304270845088172147698175754925302195538963025787
106158677939077329512427071221902458843206636082287330940927050338542585519491
111306114606510749874155813281634758232570411118716701367022027645203433789363
90759450019234346870935187440203012536759628322567456244766185395825505670515
5826039333037897942898430876703703150183956667224543437023327761951600441760
28280040078574926672306729257004732747506407345883489631830372211233800563938
19430115958109025105168688219007679439510184959248244854178471285721511148394
51002039047161622436451183164038049964330425867258282822826931275204137613159
10100210435029534209244223591153722171415888999555317997305492790634183144320
20640589265886666563700696373907405834326204202510485831256813536879179972445
97248597994929195572321261514393372781482325073402254136400122960910318772673
45588884102236907733176567574755500128628357805900237906225797964316942822730
60598669257289516354002851078805051610322824832204139892339407992086941704630
114014831614731626420451228137836805904645860904717809695536071778411685199741
45058898207026779995166659923425405843748350148685585390257735065402608397016
4477191608571002193586376965461615516282603326296411849388540851380916217993
85555597913145012447436285295639106678325639627732676363786201618426443768092
65857175964056195772700212360466400726782928140282404426511858223973911604644
9469477889571674888363853735373910058902837911630344299804594669654860049223
59681390644839598011179233685856526883039043842495707990696346839145174553974
22905744116376340679259501602357489254055940966419812395696972039349964214461
68452025174490217322809063765083570437137430882836382800455465105632381641089
43587716214673152478878178547982988778860480028659006990571827210918808180917
27162188278782817934547048461941550003904050675642935180915133929933130536421
19483614641912652642224034824871656489705329847554741593861755875108127064455
82094789666077938445045674187284510174157382472038688969174971389503704467437
97513183737615002668435884817025926671293029590965982800291315608602703507259
81056967024693999134440939014998835174492099237922023534602644579208920361673
14702523262562309382753158437645481032414330566200633709637077986616560052624
44929344974009985721131988878653599122124660963632880971245098512280564470279
81980476705383228774801549152208726106003304239994662335964538290654059016609
11817244728808276035371730004803650205520090660507427274318422045654544846714
80224489987113536238285686870433147250232902555174264631921845251731956753203
53841799047634537255347767787640990923327743729115709226193084332394629543539
853432927823985940252882467784829750962744955614598508624833634932513507651
88029366729120411293840054684667963851047219033009546782497423872002734180406
19048249264802186369073832757035157568372349189364043494191719506561506721040
90117242864258441646979282242530600245340477174276856570696711635417086233253
112770470437455204698005354393005793576868005378390759283653153678434667640142
105282424638799307992748466543306817355961692162195391912528251299090383354253
29146688031670822197291784111792081541426761334775873647759401694249657858155
6286008992362631406401253556725729477891531878170961729346175452554725283162
67171081593112271735774165484880747324343563035171548755582486108359181209324
23072209827644520474471810862429323774254039533570490113185486172411631101259
13746419446751211976017817127161934488460399807542911827967200883100774595319
110750357339337776221930983648959731721126574125436984085960428034758886682332
99271333191345121592792115469531843772097495404802803735682068027763981228271
3287654882661273162948436343150185036000803439426856108170332253353180780623
60816611378234230313746111453546125956771535036098322317933154723443939636826
84931218766306051016826906298652303258649800663741744209451845344687571214721
2429625596130130146567335340815235816071406149546381926473160597838564064342
64168462755546013779003403818333418679183857552715520748798653804580569880860
65947212267750956492011488363067417039192359525768927960555540452773046180239
32647103115622278694123240198937372714594750863374971959799130039762085785861
62871646587013443323437356393479208919667343248229695686721708450500726182169
32767525269517554041622865629127772876064748526137777908559710037905507747092
71391130195368249945328796140655473670424650135148730172209250643256352103460
15792815709426481513009179381606556082855913249785066746249448456464567618798
108629543384023982739211281405455927159113818607418266118978592529288543024214
25646494549279790514964585972160965930329964491669780150143804675211132648288
23371906313091213654799429510899106032857433094134245569889225541231845091862
74948566371493569707348523344156954172143140035765559227524009704883152050235
69312015247239585181986101857040585054982191187478954154817924211350382204558
460083799230987391995218311703491291351200533436708673074729036531478263564
17202516365084956697489820969299664142349585656962513295651320384006548463128
65893208701285822812398682892216927210344249387750474048804610872007098693910
115640502433402661147184985392725687879320519498691383840771129055514823077662
26795282613827560991582509610875444428208159900930344743781082578315843456091
109080532834219421569551614280761815851477253798039520796742728611693864764613
33240887132637707821189356809052552584127248769315540597705413742326538699843
88559924183908598260611585228474355768356557270079440529454596647797502916356
49906821243009999811034807305952875059044386678534310319345297577140382609901
95781977223379981897632520338802784973166821517721463590200391356554271877368
33958057178543617772644283135024655360421058960716971032478375400062173408311
46068844393085003616106608965557337658564297690607273124139071078040385474602
96003697636310220565403670560952353597421734188914137502865823342621181903865
44113301201834745604817849302964376092718765167914956075626994633223763595239
109000933418585672553124219842428356400887432191384328748159644462225539620330
94746894632559611223575977246410905025859491947252469784455619850574092759311
27166697158572637514204081921834609772448478009558278227634133148856355006954
59295848291608097338393128060446144000383475749199550597995778061045095428865
99026109706068062872686203976707454218647514343013032128127062197563872230222
58692415837377185397738737340915989541120747767555154434392340984938735036344
72909271294987607019220650864804619241579415178882269781183381260695074785591
48632378263189297532218751476245415388895276110686839797485273224858663687055
6891736198653731708288757391674927338169597658836296285965911423317205822541
3566664340160979216700685752542823465861746496321955988714496834839257600314
91919443530018020416188726105134182893884970891028363127675949499189990474775
56267549113222285797352871007105977767674727386505067723589818189034002951589
45948057463272623399543756190335651170457787687803541961431676914241443757768
90674581894908863511421969755563471473007041699464754470625896647262513559601
71296744609269594345105687018374800169436477103434176279518819720496043127063
49744140680469346445166187666816798448839185283992379451762440321101616659939
72572505601689478469578783099695090008480453667860497982902918906156694385647
20393060529696577702515187664541397855197105264366698951956149784598654063
108241499470046715104261045305562837620496393659872354539955240232549966066738
24916083676076186826747028999136593041461993233645671876197452892057316726923
115094293132717434172943473921258075079116717075462637367808635126467566574510
58534582641194279952787305036800724298855585635831376488471444093393134602271
14820675015925504056115695780819630531266573769471129214279206026447210748478
29059922784660263461623495977148027534190690144930325154927214369081969164698
84351969442213711137958010303127121999102699931264432748698824334960653164030
7788927849717046974510936792053601688655658191000079210587714933137620261759
67283143715529588416618203894888314049678847846427275040408666077942311087478
5385249585981196549019146240065610863351817950719713351336578181508810883845
24196638766805787416584965217891949402089544228337719310654207635093378968697
38026300952847481332073937698772729102572609590342068346516075483779983878208
29664054505627288706098169237774655004027921518118726423174684138073145710287
56919144623259247519418830276099912433177204298557200537200355970879539161542
76715183955950274470755586639741623392309071334493564092334577609910636228010
100025146945676066484350366551285670241139233069474562696751315152131069438994
93640030184642365536952351971209868689016652525246340703304328002415809116925
92131489706814548542468774123925182804605840877280415485592812576993514024246
8372989773996118873669389884088809965181523015116182102113981511423798851698
65561030548369282174021612095823826463456285370337547264694867097892574068973
8271045686163925242525053605347519542247611916368892685696890550412628365415
50358214277526024379998264231925400562840633514674680778523283515292466930242
44105321552907809459080556704810804654330970865606394518358441718339907959488
58371477208100942461642082014042603163769719466895887491841950353925761505622
13636570877202274219441009697612055912927465436672628299667199737195891901342
29189618570877922437642049219594428252444485177775850407541173954952210283678
21895586632310131392345887062621460210792841107196013769529651043370643863029
14197809051584093331050593988855272680738059044528167711787889198191991567917
74802702259572694335605011182735582179900938552077440335117857157866842437638
16638429513973225376862961771294660596148470091831306775579378673045555607725
54645947007103104011645655494701463963894159489462856131188872569348017030520
61219632711694449152977407468696699379469987332128588474407154414098216314646
32946861572661322322567742008822025954304433604184347561348831567600893762839
42253689401114822503442014357616809869796695506930919374584588900979289938273
96783741306872681092002595397353202638523586830393253446198879464473265390532
20329333416327566353296876804168451120259556435048387842542692096733310592712
73385776073909825529863475419418089284036480078271526117413555708190947589103
64519268103835453301961829639350045182955763823186186539909735527060041825782
51437560033612186645797506191974434950653680326906645025635791203575528800358
90232063959583912650162661592942996043603570452434084652280101531977860959685
14390772527314249397413068964203449275794550347371549472295488853765884152633
105556586969588499627614579502136231978009900801833980693457277416295770558713
57241028821934191254524903511914406798272180887007584773460275051111483726882
4688822601766408986500877331627433998316722964476947867119685107935488334820
63147737438965626779749219440479340691437656137811417301843614608723084020465
48639696837597765669927907417640377785371040646835268083880371943077715053619
80214014636945178657655753694450849272377138744053349837949450335164125375448
41512017056978978658971469949533788707906980387700236731782862696003597866441
418599256571512064692566047545220715507010794917247597329113421185003319588
52274124519820553077511402777108460755222593896763833071462414999222086007521
63108534013422722212406058986226948036441239318608539867151197155111117842021
46663219658194679301354819304113137642058875396378809862369774278161204316349
3249119579534984922455905481809991013798630573922740202771381428068835218142
98914348561625146858342431181172531406468690133233347501511783663760646033489
34884837539692725194435465951899068201637722300973947080166374115093041500760
62753414774149041489449870865828603224704224462716921895863913205820124155186
638017641942747260919846499053758589376768787534180427667471334640107856132
32532097135305962978503206891339339461795235029973323852062114638903666519768
114683690143931467313556462680975589934812415515852965406849992727761289936918
104804704042464648141740914585990084347066619549477578997312841537169214987885
99970558489599203311785561129384567220333375683141497543858478428000228098756
41548430497765200221843355144773410575272392636205288355702199111003105279335
16213793110891275959204165135189320680989926331629954746217593523667988439727
75021027827873626711745907546229095840064205942431816380057944210611899783124
44751352626691747550046697348029276503324263242087693413478206987161778269569
109970527388811816465278567519221166940410640153526392469425760565374888801665
13661160975600045357290511704312051448855551576860060045104496613714833051446
43613654608803401801649733642033753739696422109844784878356150067849870964142
95146472875498103283066076207325677207770320996636204424855181945171871126731
111946834146774459299964310973089968955431212147247575813016954818270979306925
36860470637984243770379261112743568536180733455275192971495194266565353934347
2921597221615084973752990284239519629832319138143140563040689459482343524130
95812472416342608712840260438273703448134591620412562136246459246015770105074
3007562369270897257979893703276727458544337831953998150138860939747551235736
35166255309750479676128237392710404098555146195318020797440108472047367287254
16071980681542230135985737506786880157318890149867129343978159403609065774699
45786275295945418734459747544305501749277557277379111149569771804174553330770
86902871363323829645851442136729879227385501916831537818536643843517311338780
90163950140888342573563915258223839096605355653391122759982672422920330130619
73424638242155285380290324159428325517083439008641027120811869139914233076606
43298721334334975352512938057130796795108048041756048156850109098670887920683
109232140120932857194155507289987134687303697253959749670130954885947078574337
29921050981990949961323092012719310531492967659630226096868260687902003221591
39951759577317200015777631734398514960336190315211250821647048220897805294422
26235212414988718482748664985143088712563319244609065860630750001361888398650
70041220756709217856540126516549089073917984817474318826342940385403822109931
86002786273668132660329680630137742882447998242335474213535603599039935002075
9608923924021563885413431295116746346470668002432125143293772739474584527013
2049288056243239942875732455962519973109608578839139725254605603606673941039
107976468126097704992942923464576964670997156804422915743671770383511731142486
28969832598535852129659426482544984784075444515736304733186745492635094042660
13713710146820070711200934233832791522085618275693655924925090462305180555905
34148243619223415515665459904879930351882433311344088115414633294967099374564
18820358909863458686228477321645438569206615010541585111047259977096879981397
97195342150869383304763298762094544428876232819558193966070572783066019159225
32634236900617864551467038357980617670338075878352009211573511689282227022114
23898341586565702526728428426066995310775278021629425631099349886352891832507
6808841847289533646993394717794164878783298818612696339589959971805076308045
34180320512531897403652333587047090263403246574369163705784013198262888828692
49451600226648836894520404403920146412645491892057829777566654833046732344578
79069799773796692841347879716428921387414764945092514839399727968681712976912
37458445799012041250184283158079369152738454453072194222336673732761344336462
38462674730238843118595838985945734303925398379584841342053688839908656975160
26111423748482566712805614803052347304081223067604140569294949041943722713307
81448320665720797815852452597349920259755047581323783100735148656324157608771
87383829360090555940265094786710062701676443785058103393086338178187981556177
11598551215099545978694059402500720242960337320523057017491713193092652183588
91157324166415627679806688496575539027854458732832915964049950065446400097633
43550130675277437722528164672005382245278709977694109915394953704718726779261
101296380307364332441325431643755565379665145606100068642286945889727295319294
81757395453026114999649442697403483137959188303195114849894972511824492522559
88410724336727300530204995585111038735864370488606241073726572466020527876552
49101688978563030140764626669647101136435296404893315900722770828830151376529
105820840009378664045859553615866806137994074155437256495429865109125866261876
79590526653826869742922578201214068658949178908320203776450728508626451922152
11168312482275425026718258488899217783072810395546724118312358316496028947867
38159853569675879036123526840025510531159960269130832535293456378352230541321
95384133450014743902549237066293486687353727969341090619509587096423011135144
93363131806352218874556285425724772356683695753887467730302705621610344967256
8404543102159225731591195372170896195875060630603800640569554221411361141051
90454607861786402392291708780689988328083857709467853357592568875276630621031
94876603330446316747605579906861447050766094735264068877515236351858971146898
64615383767810117343946865212728503707666585466219430427271012853606918572419
114092305666489821311327045636265192614546713936642250660436972876459142205543
54519774151341508501620855149720940131831170771401674172723723799014465810810
28187357594537973542574241936212164567135638301463539810912591132861426524989
27853405083331901029777580908032955040102937976343042103664733531131489879352
45537865557390064574669272781851641732590824588158837808030605729598809619604
83614815782645161145774775152122540199151513134277780644386119536231573234248
97436111174732689935083680509679798647954500138206624521293989640459668583814
90019254534518297706575222285618258706894822268157155709894810610498092363577
82772844989456394317208748558838367485378750172533087231646240910588334732999
113102238398758697066826667996720559822716018290885089824881031186773040402205
40558855372697372123888790667801708042644884878233746495055249586406882347166
50947628883742526723262575616466563805051006017333782433729684145709981340673
37252114828789684667132355394017092542402331902849376453040595871362255569815
71557599349313232671283349107169175729887949872153095241409723420096958926872
24996536927256889650010670708972583942935351980124150660254072701033263248980
105511110028298284758314281299338680446241279537799239745841480859850686854958
70220095070934836065903821952036216447353279473823288292342275269805955570636
19616456817687651052115939588739476830214158668495061938417172812970355862614
83989501845016112715324068431358635557905537305409052612963048535077810486455
47879952428527889669906377720351715398587243328986321716708222809123671802293
62354984217160568051546695071292333253082181809653585819013750458767773663858
36826423315707166519522766485671781876926950651567084352413282027450265594882
14533673343573104191902100072519763993696053545930374465695778974374471759667
64726736263624858957449898983981541974407334793099794534616142001895216442662
18139463421540669941347897926881477193513914947044902950636481036159137468041
87884932982257139499372422455106824299887779541104113773265477363736341296407
47521803746946664681634373260437821982835541535473880185709925576223038355941
99852650226501951749126197793260228179892912861542548906288417742911128562248
14543598850627368327675885207535394323294868748173836579274114144327909199115
48228778135902292995613322208331658999571312284328088308614108604708514931709
18943087763283181669003490389539807543597156858945807822568376670537552610628
38895306031914046525755288803543112572841709320871906335522782771493316592832
37152570081951201158928838549877661038753238365363688373391341292656432065328
103137479663299659814240957332158063971838997402851197786323686093180862622481
95854080378133741788162718951544093750859371526018834662845250400500196409870
