63403023250111363999422717376972289545949754246500955617637915859314459002387
3529219618434309187294324863832293663109250030181583078891246444585773981095
84432655144094029682613428242437055011946611778373834674680514584691176836333
106090223947091858894970686303560881216121284901465340983987713595888394374539
40750125287341496381942838644408879187114850339667466350606267295419616070235
49794791832238216784863827304239446960977456562945903246147446803843818952035
63741373604649615495908772798245580961858957517293685680464071036829383790882
91072487768460644077521608085672745392696065607880839802289770832407406896183
54739324139173222563439769393752858746482674365067158989566081988839958611346
103943853717358694683838017980952600123617110555967388068732373468257107490041
80065144429953958519518750149709431437134414495233374349575566986162977035375
6646468720280337388360109588329997468534987606497772439130298145281223754617
101113808218711779143152095213933646592731199214185918539856923721439205818067
53603684966512870606963924914146629201332356563779328166291588258423551965412
66431986934714950667710810798759688122683337525747645752370076793571953353323
83381667348745688368525314381618272386617474463871199883157643590175017118806
89530479626486364062717002202179302216507861221578888268858784077959225992584
73689453367002299097454893306966231419662353504046293211279642459526516665519
110979464393368313178904954913955323336951982588530177524354162377581967817698
25356338004394719479966184848495349003734535486343685976459891142743389490971
114760136477011996633555228096969546516209908607876860164246383240371334887057
41791397344357971206136415182484313316004052634122000989590840413436237024924
74999300165195560171117673328462027497190325377578232441516225331615577224243
410444960059992013540820828786665758981993801847342638651765042777467781452
67129008243310086963092238683891808600132804732706520522274599034494082497888
69003624262439850524639128821062553231023307289714089400911953693121187681935
22679103078469137125183956925153488250109418671419169958839488526097280631845
12833399412017948363058145140021081330446268578862377831920459811732715639722
104194385945761292964139727692967871595535546010063088797099270139030149525652
3723161639505429600745287201393857136692480568503093569154294268573035910356
57455404933067267528371957087088849354876127124136838497060144942362273603878
60860499388239626153871052991054460173019859836321236337576404834559028684781
96065039092113562381258623545614173109992127088884352117653731642178122553701
18244285470703161644926684812714202147980901686993591412083687821789082291111
75563138313192780127443861001252961229678346240973263731968271085185640574938
12480594391753712014230267259280043891128477416082263533738152445212669212976
78175060816927270227580841523685296490152520437122513678177404446163065313967
22799480429004873469769197164528034380355034714764895548002864140254251843748
37176873593160615035121098909800777102263092423918706787567469908108433547989
24072018352764959316093974151384712742929845232201682317753149372436500820777
2050962422344856629057261227350924260359963027516641295114291751973094759458
29369825189409818194510161936084781584081810782369605432496777524350017454203
77541816931093248502363332685520160952181073874084355651115468209305703649717
15049104642869805950220422457322276549832012652137127283946105898745645167880
14264363908947323831947970784186684470796619410691454867750289163259960009844
98120454033324276366904109036603900486356207404038816305957366013451338606622
16984082710825302420012849070478526036580203107566235913781762407911699210365
84394930075422129795082348390231713354433774252277210625972929517274750369094
79002724626980761222596002597873878731442769504211763838310431836276179720988
10675241865764798962064495221884181783521358405658969027413657082331960376500
106344621799828065902144856491446362663604763718475547070536045237102089743938
24061572149213791440525932478112617982510946004099864087820118605118120407141
1764555178922259831773058837350721561307401692487959853619505973179786006834
33733906254603890309798558516217314557723120157403142853082618375451266350252
111501896204133646139797270188715983940984550050058802423922051509641207373473
55548555782156918395449466345271942889619893264246387887307755190093795947412
22774256798079681927281776989665732179535479939177443667143936272907929119742
63516015236303745329086778356495195457051928005615072656255008209211200005316
95835348075032853337793376835966646184121400147866924398768407655892238379086
4050541484639043786277777271163949395015288806325808915749138624346790655121
113255533386125820412296923160983756855223449706370665483578192660274623234988
55472210448442824545357933974001572554504209245870349069353458430771459315601
75707559756760187784031664419773200763892778335594449929800352539780977430796
46006033623274171080549155136404981690015417747207609911729534210590850545606
100888076980441385700970155320111618133102763508369663972335141445012679471626
15708857470822676742343720958114016090926990576527663794751287554222922397978
33096419717972171371783896187847313574777358938296537379870594803025362850835
76988802905019247413542599613399630663909552270561648195317580847415703683208
100232953208435022557082296234180371877883015518609260502607043364076558259638
92022277271224079556492996770419271120152832028050616394851855638429915407497
19010021298798247742363615131425651989661711591838602049815695186326499494328
104526303751982350309473686791216060795468055181220731667273356203260254275101
91433149424384012473140215516518969469920381098550495627935525569030553667942
10793091629771549936696757102407951857601869750705334670005850930669456794559
18592177999598407116779038107234439741474328267865646141033683205411461249941
36482573510030642469496839370217765312034620034978568507407580178526644276035
58961399450722284243085393973525088845525879152089854567028740619072336846159
49806845984838566381881981096827056165736376216835876477811448953953430407942
71323401908128473454945867762420846304269782160270911492633217767460964622437
3301175022225475374518471715346259180757926406676822220199088721050631585950
32175789496470047109576101319293773745200589839865928166004162600578760253407
46519407802267948692535393540425873086620642968383014719790501669752752877317
80984254055147527129164890906852053623781733066807844854054055433309480160385
8489902914765393259386701164082209042887490692064715383035426414025809345602
75301653199742619582308105578690679445486776025139859106284791831340497067363
80074587616842545590293679478743111495677450478493533342125684490849724002931
96662980369762630224609397647951111887609144847330560825410836137894349623400
104298721816620027201542517092833057190141098755380253364207878107226828370409
110955203905512507243602776208254790633282047393239639753738257906381355881671
26624271473483511682297853821991358824740413017164870752966751110501681295313
92299283852099012231974482356125418768974611316309967289925046698574136063241
103321021957026705802394629301411514672666016690772926084509951676681260914278
38800841403182887484893441504133262074404218968952575967522829669733142468906
84497062168484650682361156431258082153677135473022507793003881227741710356449
73870342203801216790094207358865508099198219167217083373895202502977894438401
46690547116720950926862993651008311477354505388202623332268557952639680863473
75398476106095699736350578512656139403924076190893322059859275050890806995573
66543702225178128777039866993778751048923242085258772547935424026413571511840
17653051758639769591283271670701107745837468843466262570210408550026897659803
12242773687350881052605006063938531405277205607042732592270216808718593150582
68404807800801949954649438643126624206454128005885762459070807834325860184096
50887968597509257492874744764077205174030802684572281428964480395879480994188
13206702076260043712176783083152283564999672337061068234302238932168515795177
58855909127125676473057673273930064172793295883936496205060074387964427915426
92725670726368374963706095595286945913143844465507469090392919060390503792742
23332593965656520494841755201964685358710369455262046136005438782349857232509
1793340711573620200740506987514824419626281102615818694597950505283921596635
88324539024183640919506821517581635305150561060548266433674758332008108581216
2924723150240533883054434577857293168460034588093597477663789698392462534838
54848967303326364506530905763118232865118678287372740493165024006451534097325
18447130050997315048071719951300486801718315862390228636493872044023102192043
29881529007032106160060387035833380131606267799781124549489606886919219041633
67441647284510831506674688296435452333705508523268438240480670082170857595274
39889787527187082510385687644888664505529537948852807320172753393674423767037
84509243527411587704791291912673609824930854284833458520726604390943474618468
93062937262925089685593461224879302452232195186090736722918064739735954339913
20156729683321580199731676407470059039474889108552468524409773670471827320980
4625780353378485750992765252059319999422357864750028575286715421831687295865
28441909713008844609738721342651736004020863601943201361510370246853013908430
84837581879117597096125330440615494696384287255802092509800154384801292467320
86454928300178790117775580522537938779398613437471857691935319843673528340117
34829222111976271330046400148584608734022784249409661795223180987666112141545
38560544902315217750526081771759143640983779342191723305771104700972304961437
51186343861146031672938558425245697606315337260610474841689626428453056807077
9169975452372816894383977704412069000749480740391779181214765826451787998727
16265161495026034108190084129367969776917652967959329707043076132526521428553
53615072337894539950249591590233556294149015551980671902303797110835295720785
44585947922801613229644390186565286655251843075564013151356096033328365199317
14000729707306518419013935224082521729631940460672155737023213663170928132335
68436899199266222002181635655059684062131496371287000200313116965757852507415
102173318116892941350453768559992991242136603104207303325027703424486276539914
34560490347671887130476759016410186316456696750579654713893163081930891901337
70612927094178030935674327413581818023706730737493446797264389026345691048121
59520011462491224420207437024629817237779823305961960319686187908100686480571
70922930868129160982007769823589966678466076657154984422981011429582481479050
74065625844166267593307873145021603008309598433248965057579064279701188516738
10724211919972673495626627515674218878046699942197850926160170454590676574405
20651661125038517397825258208357954646519063873390858769737176166834495418536
103210607421199165755239767827608176927348117147502467922412451716195071970724
50963460615665595689808698575814115169533311915144630637383945162205750835677
55443174561169053500763332655036856331789246047371468129756785886853024479880
72062977035288228284821863866393157640310985778410613215877936352899542767325
68734880819361978108080821661131175281082091449825776696137018151833613862925
48805280371162293916132685983556986535589930113197745128206297434689600881928
102705552749104739259034079881237658956464082461904157051000090724870654204235
56944899520798540617986071988999926817333784774754670568225508499725554936543
67977271779378661074646794540325734689838673950295185631383728120728846549098
94739923747202903360181254110372130774336728822378299570590648908548879377843
103195810437240239724046674434052932165015722045740173542983258201069008832655
79558372798249188863464488228716374979857634982492151115693489314887723521700
42871332227588876098313692801464152961803037426586423617411966872238411697180
22508852301111957319812980046269839893313114489181192483699985596769371280304
31640246201026898483555820809976946439970311095255602172390740025144919348129
3484514189479634057386243738337485772895011438136003127791110326347167268737
73040700025790840110602230221083932017679549851092680572123344811319643145455
1428716543681536053474772576413044160854073226362423970578684498966937522912
111608059973672964203494272249823149517283137111064893021889429651553856721600
90164630210392710468741126682325862695519214972208636455660268671592624227177
9125452930760113347767221355990453186763239026102325193432875366129057189173
104986927654500034886899598953532722894220813254302453436248184677223486435590
8879986257907320014917639823319450947656615933672138032631963722133304406974
68506693384188378966671777021816298196966018276822809594377017041762495308411
74679043556571450140633103291230838737698196468990926249274080251237608113291
84148055670982752489049273367345347200445774016357585192777240881630951999577
111634509033443972008338140714771284731380871359630526970556426863902853924521
78335990691928324225901529477999077488194804044377653125060383686678343702689
71045785701784635313109076850606509810752866298610243866707577959826218898922
32175126251496045921168606794795264881197001518477638026637687984395574867621
110176248204452847000575980645955821135693428061202398360239101489559250851473
90959523958096151793610310046719333049005858080387149281258447356031348694760
107867530996992261968896532927928408238214509535083218675433037457457065649221
80383402463338039764323424593241708847610075137940491889349163311944721584631
104965289467091745799758459231118376903373472544062656664974235543018536804481
111674110787142193390686021811134169508309235041710068251122502299833875826183
72603969560445987399711133564900962738742494577483675824126938587603506799706
111380355098782717936058433770608839018764108457666291468582346522829246936560
71528128128833437807914315707078906924832556679525230514646287791594944297678
65018028567567153924585649264789752232134601442156428138899381823221538843449
31352540600487544724728693476754493852959706114309917296413527882820121961521
82819876046664557986937264406081837573525064015218311695876357248489608921363
39893982855322645617001549801682662949215721829632551272915530907452249872429
18243546716637479205522998142671532993249051514515560852834822232545236486163
12171426196105380061959127524747573776254193127198181796488473901768018174435
98016486343727576560073742664235500918502306728862888758731269457740556218699
67372792383446053593953087149005634024147474087656672383319480227563578740985
15822727975146628989229334698597981459305681935801236075764735541193535458469
26975287339036413426756592482848659918675484705295762976935013578380489107806
72487358617635100272954199811532506101670503559262390804464889815785317025106
114235929253582772064676295375844148045303345177799064645167183415126453060187
36761175940127561143486586222885462289533441957262126612167889467769034280180
4473755114517717082982686479084176091680606637682334449921895518933320007043
72659317217062971512850461364791647966979887538825575056555374670325401969050
103204564005112743252241470542224706614043687512860113629920582923848526877362
96616350373016150749601717339073864415054541967583473744206372601659995664850
97632610244929297710015393331410087241230207673186262285789538055358595668518
86275849782297968415822282940987837087138498328014156326887348574418175027135
60959554195454265678753075383643549368341552632222181995689348613274494644691
45846736757900980112855164289513394717332887972401545363585655950616521954727
9491480713840801597681379332559286389749482401779484375953711211772639136951
63359083174048600427021002284391830806978844088136541032806405664590845766740
85982893046584906334026711917293048761879243628246307480236822119244071971790
22072592272204515721455061629870459001141763446482138973713625929513167372887
29248234845617464001851449067321020718767049240320762344281257382624006468928
64894749157085153351551959398166660675249282899780504460723767962947949366963
5726643946107303393409948387672763181440612671002388439333966746704544476709
29423526062574433473825326352355547310915276412706165590603584823199395773319
86342969595411483888027183997380958769435331432754325261157990932561896138328
75340185225567704566779821066228071291246029860511628997708469966703017114138
110941011619638735789087813418455354783067079380723877417725897733988546285628
11847615559136249798223275867355250290113545149698049972273692340670088246172
107926848957062876865492983286723242478129580978451248995527893340231058144992
11223407695344818254907976149374698756069517188238933205303528134415360863869
74591654901464028599845003475507846456552566047312053690595792342441262599120
10619159297066794364468114394909273288582932607241659743062092553102480712151
3129759972585577538782917724067964552766030345335529932497047816739673482268
64830892335823556841860005364514361989140777840585709881509033650195089191239
43084373205423621080632241267541970106795861264017594981587317970896528507848
77749488723329713371340658437916962055929932270311919144376474203528759569099
108661314080390272389833017592607681308852752479896631204500544991853978220137
92483068347580774384601993444435670113809767614664895038458314881541486633727
78095698303356695598508418236618800959596106285425386683631308972912572656382
45454623840011579822625229848064836793098462470246070881745287819877718718774
37890360644973279212862906934992763661967421409718677663469206903233968548640
32619566208813014244364217222445850602915588134145595739047883852407253217456
69270812265038302362089787053292345254315192204509887418812244352844296966303
105113286721689822439565261222311557829211920097569337164086949484751357399449
34399704535652330704097591839739194845452244290854789890637499788574844785411
49810131810404417746339400272993948409777562421077512324601199987860176760159
29029717008713406511248709659053420999190809832559905480156753488330896822617
89137382374714429228931307038640700046079075043407412166825537079321809690323
112631659621900678908941821045303560545018524596100270805810412040747361487920
76023035001209233372990997741388923418738720168804150255020553343008966317243
34864854763317320534373483250158532034729986402305599267854086162078535228906
73266331265118994833174277545315397367173572394087304153824713546409192684542
29247737193222281073034948553086508936789067974780056117802257792683391933949
99498793806627275534708745614241071872952659527953463178784053119213677102839
103914947834144019730698766438121948419925466950165415842111050821671956788054
103029336774116851182340468514010120261290683289947215484479554996494612128
110225731573265559674075859904262354475211770190509007155747820864150623883235
83937215177010511622513492510432268459199249762360702781020160642345833167902
93838435479460903597175559103931746002063023838826780374528427460291027684499
8280946370538379842762560931470987749173473744996936060780316485208254106750
50312247126681789660727186892890853761802673734380209168135185911271925387763
49724926347073674320892796203385374817075272420000290699734499885851745683019
647874074415670234864091847898704585274133146495951729527424652342763199508
111775422373820110240807878725041933785682341902932855390994082452497349826668
88719788920126364825845149870550474597009696844090377475724306791132905747206
10101266893666662186429667844626754863757208263271643066911902316128315803138
43247844674557838179627690745085593762329797614022308971043703114348545273366
107734613139487949858230365071057174999854978338928914479572913642650402231798
48194166581324473984374311500060338841722793046923235877217794692697706754930
112423719593749550296310933059631278771056725024957907478453588148637288408046
50424194698339594740586871094801176063971730658705645831328728443441020907153
43120853916370538233836426086551049064813462992896117602327363423008763256121
64367711697636526833153609185784773505319788576613117875683143099122111068264
33188766348943050706692592597125023253343761997415779556025386410830988265252
90041460573225507484068803016548989706305136294227329518507052965556742682470
63164056449457970774459088920883395822767214258779562306367610586191503076626
17036309124432036310969327627486876844071269643980636175610298389221555254515
62246948532468683717628750600912492538556897578713941044356017184005781083711
83767843099655802210790724192803234840651964794178665654853416057877879439123
95048779057914978214398518243283748453915686805939659191163813215525038246293
107029541271455262449460441320412797172938838798017132838434497673275339078110
89556068288293307311278306432295686597475965060899011548151646256316331239460
357730256046178464946454187624129842100083156943078494707203981986682531578
33501375685633926594172222007947107069784975263592032668703598969821604897029
99564763690355815905818566459302838792004625528121001394303885862165338050187
31838373435057207872744328805005976236699292889645905086739281463653895597067
41507584106609721408769518654847837549192201419397094128440950303220478799853
4181347685345489516554991282127577150443395665880914080068610596796806531983
108390922074636286787872134822532658344524661968885811299088151155032075775732
35731604365603874848266516037298055842740390699503260277513182344797196690669
13462781040957911480320828697952433498508957466325134777957699630733213314482
39544952409653689440486553654836573978098553794432012079553752139656367750888
33350580379262034021397539769374312250067832596070296554635006875711798179248
10857920787955493365809922089925187365859889133083106313457445294546460783710
4509689583247089779094664522584715405045446016712994063352673191580635678463
19782269281599494435870368885223041424955342837867414385434313030407006901874
94986155289902228413805148329799885486061252819856725146171475878279386247644
102038160634437396279816517823485699377067413809609673808812960966837596574134
99983386247779101702364599959452111052669612366160285532199042263005621763511
77418334299374981561726856185930527515161417571618069219361241272398135255740
18338397534986920745866780766219686114187911665928587561555460765166016212625
57834609665372117132044512375347187221860078364786144170873823380842852707376
80248652989204406727756171570465139270550066699860921065840790607630976800936
37706007259222759067427341915640039430359630150283678026610922668675083408290
97570474759189262811016344451147055262374074675041800614816099452548870684755
81295433925097708162275568189706125002663001733302845972552955505521632003123
111591384658695971961040654968807131734475475846080437838469257380265398389021
33632098518997665490558403707517097785826694116250731000241054616476427980732
67450047066686642153308155210087890060950085470723348460461268244986234707729
96136337726827437287321751821296260612676497801187500620975693433529480452165
96372959762796710564810721573323574009810279850221858864267252357773487639540
16481865842152499003663238612494133643315367282580804518070254582760864346759
105218226216903061936749872003799564379019469031617089120527963821542884647613
99901951780700604582157014470664885723806125906474021859540009395647570151180
101842175170862514541086578335912324957325733196813349336718133720420606479524
85479207367222460061642504639170363504930088441990581714260398281276684480279
53528519976494109532863620427387964566167509327326350783833212545699484891982
99959076245643430348270227679704128279395906590463566267571271187635900727990
72359806912079664149844234471762208680914196302724743673636457519900427973694
68341716084809863384464851414383890697408817626757703159060079159072341424118
68318660639754643513057054586642478596340409667503986896975089629346052855136
78274363238010309730804497625801913926397791164104795569140103591116203602142
35799778057170442133239205159460262762820020620773804768154960607990055369529
101655933675040625056638641138882770412100299052443109653630637939745922222813
16196496664160686680798598389110563488992884408651834466992884613801073236879
55214703728848789907994491539042011312537111009485451941967794368593752025749
88924622819267133211152463194083087221485072148868470917955175411750383029835
78815623490417887438975421463032119056771155796914174419596576391321921824656
35528736323097355955729904200122037440052226863478056027703722113272352874728
6103721617972405027910077861371231904865924934910408608289568544343216872810
86088781150970662795015240575211380302440527915308368456272933402821546332512
13636668444517847233830188608961662040421368574813975504182635424829975942607
25461684809597360568160327837388999730449902648027002364635117967500302817729
72592947479207710476937901967591299739169722050405862022079513462499976106605
67913498833531972340533668585137977568898326388825394752212585828178418249971
35734063122497443512329595963375798479077772188528571130286428373217968354262
30612894085522053157484728125777893667351476139569431134367030696622922236823
5461597465339608991455789086735230513448627326811201146793975223951676887116
81257326101967793784854982255465360183880469544319583239927577171773401766825
28981135036315593608212980593332109889800933430709175013387445655286571704001
93762981421275992962891738488722748277351459481548478024550038021256358095569
62903243191823274138685431240813580778214235928333295843525112948441752031263
105809474743302620260243947732849228268401462833900545372564830510592413884834
103357187983308126978416602711767679181045958684823640102026128467726001638232
102191363039325756597804218932562623801421845567529735206243935061496664351609
11548405358829223538280401591562565015474619080860883568300890582838439218340
67724691565251699839314358536394048174432269031843862361697951049450623037837
110936702763712581609412848499252274052819864577363281630201685348171324742656
42419741773620988057746362327278483050436555470253435070616834573213852605526
41247247803145732745930418669848476150937602719531346609810056525911745889434
67031400112163901650541021750725905056450062358593412641378980141839914006132
40812531049523039975434637063476864850301668115158907244840031437470383136314
40605820860323527986725474441415110293684954399777852626930365430012811082309
54703240323897951569918632368014644120828873286640162038214897920443093870836
39438794834926092873020970936374838139482988712758091302299439208118716995988
79348082571585207845639178167496700435999079552328855512923757129207664212545
31288562546270756142996981064703063165840305048576683986536787074144065503836
89453848164432596106494579507286851262639138247251745258341812177883548232896
16245989741609007773378562640077372727549453341700079490583897065506341709287
64205631492710898638364581925710599579048192096055753962233169261298083150484
22634692963785387218551642098721128395693914815984088071299723217759448085513
107755249057961365564901346636422482740909851787466746903048107089476797995588
18539064766942962271036997770846578026731414293838870890568081684170722999361
62250373347124342010748906449830247552018866615323197906570387239953280822914
54297597405902336840087559349061977536841072073087034384150167531182083198518
52879921515994494165199425403566926245059396212037126048394391271025275822433
16043599561569152486248042588455773947869505218612739551729920859219020931542
78191792855111156470742929488297903912851796331444120400099471748131623940628
40954228633144490120118275107713902034173431054043352333425151973473040981845
97801901044994613816102465628921396812880552417403230974265985821100592253524
83630220291629631282527716997872058616026499578966887414171066830975128031881
51892558977822183724832996993329511576368498178577523740423248501004155221655
56461903881432544434397001978540381077004533599217764870757717793881550635566
15365629296611150434706450361990340385584659043512907129088942498807600855146
78983535353354769254051157828779766763947300884676924678315153116835529502450
37964416415352354864057320833894475775005712265410015025582260009197252257603
106347577338598903716335864918559409991004541481804783830437689209691449833280
62715447991772512804622125881967073193589035993157312462835514894103346521373
30943654392119893531579256711147063429869507926254259358652333103116368912468
53451415715257735010330023836402722435566489478218946192664182230840317814088
88929960162231577455243478622805579174357777337046801648863611399159846316071
104459499071254985086484406242448862168583090243481642883301665677461738802187
50246493261401706368606400146798280813355153430474839452108074535921299731933
115137099070500391797378134474667030263176396306794578003850014568871809060902
38916318180455296815033911612559165521492339991179932493661007001403811058442
16699694638879696548900959889782540896755216363193098321123999446053616118128
60223939613831177394116484233266952845834506821832520042767702769368789200907
46066173888630510316372621183150202720668723311778052521727052534392135897729
41968556351812308266756481284631885511566987373425930862947214683917630226586
108200509000172649307039840446480198287648051094078317533060757118346401373986
101976128619821206862261318277313894582318687820202302984669992347077044092339
30544510405321186026792254676482384546506353596940060126467171452392918536534
66635112951304707376568392999507126045040160623335030019679733757543795077255
22108083453533787803072912707028190941415959394199496071833211721297831358027
11687460802242206143418619846137276443210704427036923163289671521026886297608
95719196896275626630397265358029451666886785413608072122672370187193017544326
13504262881545507962258135516711424311053597985604849454751540857615688951414
14797855673335027449408153041078619836397783161309588246284999481343613679224
28866143259168315806870753095337775937742081373655613364461008066420024902648
100181067687422371290073872079397147501158698081341034707097311213611672149692
4745379191823700238072612505240584031069315949641517390312367239460098886393
20788776313860899693453826329699579596232433331330483115960657292397566891621
91609803107129135640500135164758618978159847500105555105348057328426474467050
4588365672089846261319020078925421135729776779217403627154242087690942732875
76049255243234384711230753506233958328034539942167136062137098788640880681983
97374651787935096910409702902343502347701791343730389838197043848607211403575
1705927849031880061682028421415124617695090847401482993448641628830022146565
85335774836418992798945236411278921230374578212370485282563359045491968734456
22358940455244198706803896647852641408975978642455959889597660641299936204466
1272302119047779383767682938655765161573951242302779143955262355752022068209
35728933934623404876264907160869039602122120198344706673526341064175832856233
3626383014498619290625062913306227504462746009785875279542301021077490954647
39101636230778476397541947157297945515850660702427967885178255387680002215125
49674521423028755402177923390060277430574416368057299371868826419728095881775
17104295870107714416481096118345524507693779264174374355413330948752786950006
98611749292637881567300401802640527314321277161649086688778214448784615757959
55984863250334625234676783737171339129376176166499498974216287663433390865967
33894157974701769161108808849941073073820252329389788461906582750353027856776
8020582320523337417505901308262559700993607285648692171781628400978041471490
25483575044696428653234464753312449281028976193023796833408553076493497968083
34861510250234376429807212566960274644886372129035113771032734656405828904006
3861279983776498044128025367859669335383988708550526821744759188312866335501
10435860045836298184782382663687730529726318722137166246796719326343670837340
67387725412837469032215658953157712803162060774574699891195842260687441430597
111149424775017425391958905575679859363153905180238953764900921496059194449542
305986492179083118174782507175008423115836727009406146639807636452396332037
37222236468321982488501814875969887747055407262485093265570825313803700143810
44332421040797008186007103168898270783535753531628372092369209703094049223584
40056965132449949706334387753817681191903469170716072699068540781099980852715
19005416363230303974180396250130180848150837855461820430222762970936988562625
74258157999692065052429520325474770537255453813687687353499943235088490261779
50711314668517526769571741936812932390857787146642156849489501857205099088902
96655752579787557353641549627926361874088668566904847353295854517447942047668
62022089340377440533267277201830326675771444715025391917124681956160683880913
15160789103738051112901161730908757577832409237068146428173095259599206484488
93621375405332183661702089105475730971743260289088340491311686928237331595191
77338956020723121514644435201692179340434541825807533971916739741071205226737
50042847841041873041878715723637057069305704312769615424227553426249841486174
110022540093756684383368080038843620479337919149621504897187971950594636375042
15232733351158865573077779051526492371061298223410739617814058464869832103253
23673763153938064232469351906346752895788523544981121636124238916203802673297
16083814135712275875236701546284123017046347205137846100149494116145056829136
86514473593727942787872172565690701637386366763651807798127555378261185157940
80170258826049613491603300077958065425714918361863076340621774827163999537396
36703419388014608733739764654567734021446780262345461106000234760541690415740
101563452985002861903511879382447495113819572819932537750993254788822187571891
95234236469534521638773711066711910138557382466132465522219284886005943014727
36727186672059408045604257718877836570242988084704906337232611498091855834442
107577273546574516979136350845152506043855490741262521830974706677226121112293
102702943539934107449545225161901385681269959958397761372709325731946135138678
87881411077907577820902552904203262713977879494269258567167377982537279731600
104095439755772122592553118988338867726768041165748576874249828841358251585763
95248090381874601307800403611884618197407157658724020057649538413816234824248
2484328209064989088503993988626483340943947391610383818214221587511656856379
102385954042426698824438878402391552976441510391543066464701908722245439429813
4695637191362262558992458132257880039005709878616527353344234346265814392016
110452893573211683115338378554816955124688363749844058880218920951636241743535
2368988324891296635062529034549481905948836790186161017055914885575636300099
13605498722273159330761315212653564155323278048202041709760753900276000777948
107501369351522728163134300712020068365742719419560621254430821430849798144265
19104555355061351925193860767207000601177557464524273252850507226137356888232
76812881419908181321429249108012381330453250558837069472362201068105603832932
95967613498720705989545512350658388662829872119225168354326466096440002148070
60912666180326654705119145742161436355473106763100523160329432602672976331163
68538136386638504298820676188409674742013817143416608408420322623084633499741
7566924089897788998701282799513090617516354479720765681197434688259850316312
13380713456471998845235529403332403182229512812363543131894888160749076831692
83233858013787786059379048162308178442722237103502677545463377012792727328090
68922001338079380163824182186146808183194222205778613905690938933662831501201
70373391779421998163584006215524248860467978058940989889775898408033741504553
85052080003719000745615978516594895539641897947160478721484942196401184550488
73581104804161768534702358063567450149353798035011949539972422875797243720348
84341528510160855819728157752341330088119856185606421418424250534520586614460
8815920387847752143019148443055400243826530854289137115343794395694684640124
75763807679673754683398275219050855142717288427650931656306518224220614026517
88066125444878733792692387645019105850674328706707984880552937970036540590690
105902540334790613770292051209331043767359039051653411796240620745929280927545
85692914201850236350153120616953580164135000574155770703859139079701603328106
17618610352143308416444262497604696827681632192904318515368112617588529052859
24832787083852239937587605164344598830002884587030768033321764985342279579477
4278431666049084989015806410914362114694558863579274460636686028496579733202
11766930967105671666045703977711274253810101504366169642714689204098494934989
8770878080213784197882790121124265455544695567098504538846875119509488648438
33037084297472484495932062064323675489771227067594260474249021583186668412232
46874270331540479512168381849935951819319073118478192701022576206989095126517
78536034120077739122297915154349325621731736683627739981087870085932037497710
113555576066078689649923788602355398847939062288843766659670741599166993426361
109620647533696655663320469760119787121620646540688194390196777466026644503773
113154652871297551134585918837663140212648643694506722838341997600033848869481
79110875706197297690024102785944447078952825227200191264759228571640015908012
84584588750078038011860941783128935891116560947982189314902592225555732514106
111747223985460359208245907229746765636944829679824799673420785906127747604558
10017690375076380536105626556971575886451115801808159171678306168209843783552
45891680660670590672533356519745767553621670766935839966767654071592568276747
24289659069255097819235511867473294576902461333373874505692355072268793023114
66275289858985378018262823647831328166831245968145396522936421351898823657846
53595307082904527990810408566792565229025033343015293385428587262912120704082
46668294668575361746105663668946175327928605231959234923226919420862203931892
14206218276712892211217693144071433514990338312498580752061938142589343775494
48587154351434234031633639946939907338429186818319299900424669330319312359411
73500338509411237593729105821330761966487674032557034319619871392115721558428
3416166994185729684121593423570356486040835037619800738073495969061042086736
46806090292953662124573897144657555145456799473503784732372743893982165723028
9428611702522378727560626759288151080033070700363249034955858628661739737323
8640087653011440745271899524601730023865419593264638027154990989977764216553
56328221631531025921056790171282944960653658789750666034371671212353273814575
8994073601589681062978589180140066280976401551687845542969378759275164876845
84944435157793581865514289162811247918907785307959883392682137253329583260542
59746751159295135909729523076409140155269323184096686397008540829843279031684
13278033196238134532234435701149297326431869788675213650278457380344092747683
20016312211940446247849871972350055779444661837767143971652721479570165797384
91743399720363734431966058451391809148301192357617072552610124848710971400394
60846002751263258240038106563462573696682622765966445803774411141144863144569
32847860819728488976493813453335126764613830576106620144867677344216925263046
7300591193606554029167784116750506607874979086583828078173206541827694131866
23990961517836390517426561771494747953979958612313570111219817466925886711642
36420643468702182738091362264947385211844470360462805547957897584018732262455
23814911480441184786049860245996172256047852791554705593323590739016366346688
90478588614261859914561297249130948812058348853396425322628789806994453895780
7309898372389750501909290756071050105847326877930398147237359213715433813819
89497278597208125333640982960503684707378988251560269231125476098368349631177
57988375233854524346968022090835618057288924379482498985004644214859920361570
20708356642231277579386723503895094258245800893446491678416143226550974060858
100170215582230663270517146860886943392556383513607337981156653535471135303614
45167002396548549565865942841710214705550284918574187010988682182235216242479
108659636935833892305710651293646846012457658164714464483500127426786003764188
50300126257815560104754762455820032235333681062173702518825736397130345235432
73765091781752638016902743328269069620678808849058249984846300198904572232516
85144274194853571367668732792881815935519615761564399992558653442596388211285
38080618253459404413371175375915260526619482536581093245655350904707670711776
39647476870334359043075344574138324142687899706029838497697215288776741286375
43548904162689734040209042881671764698113700190181189652718793485304890494294
34010860252169333672975166590030176264074511189936630788598263941824479015560
95595114306382389612263459445885457295401564485851330962225644337000146829764
85215958115306557352548039452320862878236611771930090609855636749140345374003
3788508271137437499655346948485355368264489628187926637871124549121609022329
18884828366126762664251055086348608372994504186189054606303161613263156884310
53770303025597319205435789433677246285614823303582048983112079317552809013985
46479954235296506526321752863153120671957458560024593519906666066293685573574
102135003836974090913015145636494233916345728635756477688519683504172793886740
100238331264865669839942359631767182238979077372124906756899604579351843297153
104354606470263672134415118120006931644831089021426932090531350948004689623138
46577664774472845123408670103983618236723782158408766747672708822190228626358
29961032964499922325925260738561904371148109511373801548431260564635980092
61723718138943500959560013506772484220007679589373412737094213932108190390933
70163915075042378892402221752502269196487965884000653362898968658338662909069
91988493738560317164522604885166024800617416931232516528571051613666875333120
19034091137419981056169607605051172771689778982397806545461321225658401107069
79816661777278182047469060422361735082681621520503477359526130541003786501662
92714497870027186136383530805344159249024386947890724105958897689812808159687
79118024560937436194094810921660173846204918477081354366352934467652479897725
84351948106076474549206180777085509303379628371712453879906725642584300204383
25837571717338951290611514623846485124417703017052092059603565223676019583125
25073507242314197038328714483097170935637474874075633755809724113319494586612
61398445055420737111857620943813778643446382911838047668404511724657970040622
35071217717105917636707077124492478074782088286980364791485025212134301898474
36739632573847248460324416616212075456504839647292174809742851139967153194769
82782558888614779051370816984967041185199275763744793978833675902169069567964
65616137219958102242854619113416197442869384080156778628758192947391364396079
5583384083482608921864002348669120559503798500040228527824366150355246535947
15921076501801956641362012770441613487923587912214601795881185442530009719018
22490358769427809708065279123317639240924023230433780334463640212402613001310
62282660920870428853133760978051575931183217936115397635468742780424895387779
5153234099962307256150553208895555452231982980467827569953931771196924091604
38849272571822380174611047398407584011353581183212422467280210842862763645869
14649403920269064532357598252534406001985291939580471009487908562747256676004
27045170367682204550870613344142466535534657819383762850945793338193121925080
7436689404514929321436986106965992708120410001069342599527745787169168987551
16627093432096844725718028692199268693806675972569158982514259017229409743439
79794964746052436214369973387745713424122903082269844935020508652581463861092
66241487489722404065075845604268072459920344550173103059687993791863868978265
20260735164067350085138748320065804308489032266456201199450327198720839732942
85562177567447110292783836140964153772227293259834770255072823855210315723866
83329651331167804016858190550014114157925467752667334122501474360599305951728
112869766170374653728280816533643253052985263817217466020405360906239981720064
102937521495548589456345939316896503087384267577002054607296968266574964328986
80727037353809587619530112316798361514689999611923820798666640346290478902065
84709089628051030328211637976047465291393236899642822853763277892984843544614
114542692902531694324899585056127618132137113387718221197187304113397451914081
46046020617981040417103180058420671462933657102131922069072653597676757964441
85601741679592670464344197945543531843271371283553127609802208434592118089887
13930627914925438717732691401019605270832990145667608293340881672963891433679
54820996997307813900097775244202676403945351096899412007017567901677058521974
105788400624109127677017411574950457744312230135203488271076033858401315415302
104027828329561686458771954033112487943572197216298389740351188745205042639668
6773152678617433724935918056849538457061919960202335960129605686991981492008
102183967796700524450694647288459144077807668034785576465297861486387449191960
5311116328865059124239205137771221458769428878480824812363921137034930808150
13890476999810232873236709292701620582171000484457160184562859910099056645720
64170069037102396589840361081959059771823769961465924915203228330958552943131
9552317867797284108840561132314040898975886731660204223431307564409622711992
63049476311223759617734926991748820307041212000293439866272796478752687144280
21163347101962400062314575587780411841885509044246615588262353201130975289694
33508672113584580117911229617608176649046781315071595747408435325321609330014
100270182884494399614155159866844031915887383563971083188309413304214924160674
92753244332887541055256320644900299203811706829567822084354283463472379519458
3823501933550424921120521139900509161424270277757518255559391798325189508322
54475581485560271063717947400057538638089757377340410393436010481596946177514
54814155910563961376323838638180011773582771956918300563446984866469789767978
4463983022696731659891251395667422974672037794163922971497990433189505323012
102243855430278791244497971556272931829585805924020142809311838998864653440240
38742248664547129252590064658871946780521331676667733090370799832591599034052
81719209373996874852603320503283945835432810463556229996831711833217223961602
69504513641716505590677228002039396310168832980121325116155615297835763692066
18724294800705185985337203944084456775989858192146445712078715216461711419033
11647563294588805680010907956558415209386921861061145317781543520597621955471
40359429860892249214325240808539339992927557734705419422252290998868659962615
53476647694124805955244088938070940369350214477068174820221180608809333052798
46497803598070746254448256561766463880060597552375471171084936978679366185200
55011795490810537789147869042648473740412208367559051552377069257930071581174
43912694462617402765100502556117177400481909213974540061221234806239911981727
12258370799431032130485953515179771509180437510366134897014134098756945204623
17675115613621886510824874313880326238936196663893109793619088713083140684451
85019356066805400801294871499025876371474052367154067228839417057441915679546
56090767798204004321833807989743666652791556326539974584052791483407386032538
49325218385390530615625527100912555905367526646924589752961963520873763011632
10232707694587872888087897264404125948386030115739238302973862288307759327240
114211295603645930157566967358312655455687446207374449400737657270037935111221
12813189487344977267925341166543839373453054171930790191763979977070034013450
51722461170030299355255545213080882271420287144326037437137675273828149632400
93628761493073735570407518857859484051038353315017272020354370313608071455886
56005732433227163325143320422755398115558295338131462527472614630818790065355
71358714535464117531048949952386478070937599918609126694956945292091225082162
88434497365744481459904793458242506772894606595440848724428450904173215830163
49597324079521526456054210650594498881673761727285155026210751768658003025183
91439033178093044394339388403054381825245612713932604223198346470269715690068
37531864223449423580946780794248154094729813984088413091550358086264153387356
65830204152512930585665268106377079364505571567327819237078622807088386372509
8350420490516384609445581045476159290304253399014708125311179648121650357993
92987634864985542862629147016175630439356615195359287840243815410563628309642
85001406124264638622865120645460728849705590609541672010286322973048182880330
71623329982322992775381742008371627071611978114075412756366324752297220010736
79031590653096992348757448964494478158228905747186299792231836464643031774280
8182262961930628803983458279272279614316705913729290594956298694686277487045
52871720862011933978646051888820442651295382692084733562139156376512650804916
44523643712968676144026370014315749600672871879223155660710723908722245966639
73624426726606347789185900331193258639405755704882567009456343475811148128748
71207413911173713806837815311422569942776309551333546493595993722179168353333
51428396157079560919826902360594645568768454742131714754163956667869228633885
50259718262036500575165662102562760823741066351760661642880515972690452827674
47898276969903161037384276049048742916079905117931432232856680894944035539053
32869102101962983087789284031153879189832150410320551264156678586782127304869
32381426292292447693827247523741283189565030804389351574151921627012462932392
103905304801895621048814729466798491179138224282458534737940936141479217542827
23931696797221412962202134591579786547050571541007879417690359928737927238215
16047158117177385826059821628543470593729821416671358455149329449734444929266
4609256668244286934908390248260254435978119706422857087192452353943081050993
20011322833546275015792768269181373111925663898285537306396244158767007269508
16018962912853754036625771706914429316313790675395923515852834179459642431699
13845229816417088748275802523544937100893449284501495153449883597319106452567
45998849970873234346592622292144840049790146497452257276039770821688458192953
102119875784029305846803097372373401204352945434878342804472586019557112066502
24380642880287591997564019390909944994575261233236426052568172417063177051076
35357077889511340927159131224295814006911989581479716246468480371750922170043
40563755479029901858903814616116259186434234436456928465429669645197431006253
15962682138711691596223121948939733944967392889793426505276053031510210140755
45418166888057794319515220781611654928072898721572851022976430874656557330002
101555739963550399380486678708549841454296185596413612213815813930438234390635
4200898156688582750938583497607933206146135188040364989375757543678084319467
15176454394395668139835466137579285379327739469944940999523449878521162302334
87644018089288938171764040046182524877241501394856055323220297968321966867519
44916436134195424070610231265654629221736825804313362983999143013753073475248
91688401855002717864354774905088175613200528364586100444678716935249343593365
23771879310844181161124508916515243514043909212135480292255529312990884030711
61056227651250993536988908628576083163633154944486233796353074139805324716662
115292154502769410530291677656044710570278045656388320888890405009079083087276
8710128091469869056549209208712220987705285062202755730122718159061044570028
9040928647923527891713601264766669737051465871428027633968804297228313645949
18340006739312302470964036861968826842569883705996429541284168909672881842810
20235684238495580010894045711444437489893287778479114505845222288343335755502
3508972588328589820153372754467811501125593254553208215642446080884667978739
100859298913914857516225192941867738696509383168302728631558211627935480993311
90623033553180705215376632249095567828853709028197049902966031822367850868030
66012545899782198053286590545232739600435066092819276294590394395809422957618
18903015899221621626949990779969341505899151568071045123900168261354447135385
87944060120348890516843932145682037548315441999581387214604850348234175694655
23575839610534419608631031689564810079359645628318733138277325098670633268780
112552365902181876906124951139496621399797757774817839838924886138133909028572
26942590873923055422378978003453823890039712842595448402977060847177249701349
40678602928806534244631604890897111511321320281596733397999883085525297911069
55990837943147675968708620286828802571165059247658215179963728177592095335059
58411895452200575086005265184865496300970835994624745610238348381184434769969
5108776988160679127308593076221223282682380013384131758788377648432323986627
5921281144657800133531083276129588445114358882859373647641247400497764298302
1349150486457851019665581345058209846198718394352034960152515361487763942973
31482316427466047872846785223909966367888757765424232720937523346813695312618
83247957822855954548137787920043425029195098641324941833757834135779378600268
43290048228022023768187800695514810470155859752003688401733600481410472525018
81432691139554591883382078158023116790583543732101775865414301939861694462027
3384327664331030229796305499577268816953167946132423485899746219120219652142
19287217869076144518396574534648485296698425413167505309723889418368772853125
64813987136322371524874160984773499903268249209959262249419064587652132788576
64708910885366013551685593350318275910232060513771672732943250786857436529924
98164647871359119141952409097382445079809306744618452482182471061388675131729
24052694094221867543530683562588392946906482561530435821262617589511821008647
13951802734488886355227822765622433352540922842767187408743195259955102104636
111492362638666540648043828397726577167610139398790815050486152626482766633414
36116362050939230296442490208586862144910783520950927936689177796537053582021
93272114175306058101732012152529462691396301560890917547979253647284690687349
4458164586011483875552032981376852598312548022344336258287203428602250460728
18093785705100439196493945661470359680950062377671698785346322856666416282163
28409096849981171517747547717147645433563514522796894959297743173777311110220
22112231398201738079087451503747959937690052185784346875776919502416336376118
96717783041390260492650114842111393678890651781082030393612264021987852990115
23422028993490086795638947211473843418254259553298231486804893143229623547973
27285515052583098067817585737654836430023459810346737397235639563803802112460
101168691020142740489089872310864444035968845524500341820959732819954696957215
102487389995452131479792936965228854593384465583570304679994125960643572781122
41424005890772761463190258334178997746147022426446392695796729412152848907461
16485227361256958430731956058231275496628023309576267232819100867881398472927
40518333803882368247546919580250684444799164162962907498315964438681313571139
110016453662388503034380827130766955382017630673615181507729420956460349381775
88279670066557049399653983295947311414270421954265254652955238469351800110031
71435268057590649107634411339720078465716395114639429271599449541748810529346
32239034755107474495695210626151369225547153346588884389580360729406521551083
107807502645789224568535015242273829458399419839723821315840494349610981924708
84111177310504603607385281839291936254439004041028645136830764489430650376887
47301424019054696840291521819887079273797937942425363189220316888355162785022
31315540698662676625178839248645136763042670955591666181678457077170251047456
5227998510949282864740436710417269109858141750046879032837351117898390679942
13595567994495622658432583873923363093533086178240043001139741851472700808859
92215447203120537077550337197081651746643225111891829346390316168832528685062
62198688042618413010492183158207804911003251134991625399042048559292034814634
92309612126159891916682772149116094613234189779171065081544689077848787968205
13385893934634772987710233070474503569400218881932503128803087570192306770944
100990248900386752429210384969506688599260018604039758420505104085385495020811
108671610838143162078623819902346285159733586525720315531583952406168244010922
109451810380175770705403252634854327353339311216075061855284976650729361043880
92965785186179115021424892751888513105049167966461097887033044218965937907912
44767805184374541265743074599797628579788568086553660971428527716339026441556
102409115851170149639136251802100641640013369873476046954885243258481515177957
64382863192188265077448451504780349599864986819289850210651311561621498485928
32302886373816055556324403523038785753569488850832774024241207511998481230993
98606715091505935890754863760837104170683958049249039634688512983267289642889
11297015053640078305428533375168214326824694530782849378741204444087021828137
99937802633804357925832082742321036898271502164371281597703980918275497681163
15829836966018917313810799712928366066875505486177813082082685383408112833832
108293840645145788859322631263002515854659724279454036974475978500679893174063
73153326120219566199948203581520862426396550075480131605160527609419602084691
66740764438380255975044246355551290469284941270786437012422285309998589915070
22787762530295013767671361901775722028547580458106511236963089164929657374911
26312166715921605017527014174136051656462349033757361868572573895335242628524
40494147867494244668657185477456405695145386177497866488953917829583980810441
54855465712422731117197481061180688400223732872925217068035619165074925048182
75048940514710209137319855664220660458210050484483344505005023279982297157245
38207242191095505099088877334153525459326718166884039856388990209229899781364
20064457942080225300431336283052085400952245304669654614233570218414707824491
68402020503915462962886175955281162413616487733299027612509103310437488987513
21943093485095527480605504087715493302295142034557631015912146291287638170296
36238874983831492297955753745340561442290111178687053921319599803742719791934
85862072245834182621159691781579182107936863457004219798278310092044634273149
86690523451238720149612329614533414633097256723651941138388090959859468699647
1392785618731628096933097283096578450530298138832717924649916385975619574054
86619266120874542969182358980884344396689012196342522027948820003259651245101
47483169623727825738575026496905136066413585910341011826559414278335003753691
29735911325639698064579374826308788840886681948569153660462454932033734651941
10100983114326425420931284570174545774689734157180176158444887739852644734653
84396498588446743961610636790704273450591590972859565350248224394126084087104
69515479922893642221127191787407172147329549192698930408645364878421289161711
26414175914959093375802118756180054417567267486512125242487388684444810768807
110489910318864194645871881772250461495570264742439492336897837091097169249447
39301132726014195092398529672760521558711739513311133059895489602585570547556
79555129434106345087872459943782804966453572352295055881981762245165639199332
37162525714618806691616419812863557685151703538067212413693727216727070125483
80996123943127910368679316531451038588716349936260925540562072251053280086686
94485221327759316098968906224404304165450524101446829513537953510003241536185
63940399635539432070702759934310080615711455097921757555248658536567552006191
6541415037116664203892103068663849592040395379079723529160512606599313312565
8829286284322949583136094545056260124092370292643181045298941492261786396335
74054611064781902616292718739177955003555033032839166789455945630404369738015
93943591613760484840734480507968588725219220771398137845062859931526562984369
88638751188213032540889946097403592410149421070766210800406671085905217579766
81211133076637384169951932778460792893054718959690200835577021146122538902730
43888563490555305235065797770041601564957250325614907120558252673819630158098
2749123697086825358340265481729681862892706128193489971144010974858019231499
72296170919902989176744300060427175158452981458716100740333899468018596263952
112057954261455444247786507151251580036691854783503699400888061043177913167355
49479964225688398247602746210274700525180093857581941189541980122405233391441
90789131265237985196284535716731403322050427521569937605183820563986524095966
12505237193804740893160060802243323533951161061734730089641930076921118767611
96521015049584807354862130791990468588889278100529374470893375013059994754323
6695891520098349568433089873504501146709773265038619778619812625992664663442
10318557614446135666088914453477876759093601693363000217963413190372000401287
63845081793773209735528515751572232545437712751288655148660600802861280236292
10590085237757836024102720850829826558456409778108831944823140510587212721719
33709069098526336549863304903640549869694104828598359570549995761617072824811
59991418247501745910980520950170419118288125120909309677731711367495276588127
105747778971632637843597908639470998690630338394271193789751438243184154710485
96847843851110853991059240611499202544089951822901076436230019866876104743347
114274391422108447420300529342224946615899983272789483598969752093088307911516
73558013381461089725139875841812688760867807120680238738034454462802787700837
24077911413228585736132239587710248610054525484881303470769474227186446350225
83939274932613935445166254255999933701912858803257136282793990635806738835563
30460321760755040741347698620241192984116927903984532923489225481228275762305
67203733121636471508301724071040494734653160633469424560207893107125190184653
74500888730237040033413684806793517710580328510227659997496162965603478925341
113172430587082261538358956502420503027910207190729300005589197101023989975891
96035165553675189796257468076470763423432003480449432119514508968765348601985
60223637515618000328059692100084521323201806019260303636267822154303760153443
8875530601301436210567839060565456207982374433719964297711582128790677043075
91404965979885632159096286737227852049344979067755944023934742389856945961721
95195674325715509690592150265328386052254193106082593234799092058052800812782
35192434198811967706741747105179737635654152634351743651459782691717454624084
91368880381967324489552424272961643878579518661139191478753274686612509869414
8788628188509314475313148491235046374434733790394866593276726370322513635764
100659971056947278383398582040938975282659466955783062259227434194063693819506
65986260050313809314975229654099915936494361519891961767156243960280799937776
31756489804788605820254806216536454812710470235590320169443014921921256327408
62796693877521388365137705002459335687419972855407213858657858763080987335393
54442946954284912586083535832088957978551275267571105057613160249336321648745
80461828548828453586966294413051085729874039434703770088511550861674512713847
92990559319942965484751433754776020067736381676106319722570532606452525367370
38814514672316710368595947423877582391733915110392587013164210218646160163544
69152279133467479471743913009539833089855007420731412963685797402189348855294
112763007066125422012681508333251809369905746320406935337967661988995303611476
107267681014108227984811233920937641832984383789320352164207943903366947771147
74761514275080905588392476254248393734876019048372772632805966185414269021543
47886918338255495189740938424415317812189824326343263129260307190369368530527
68406683917161968969380924654193706688397754171016698922868501417075481438856
43114307996512406087503003449275450376242137852661438734032274338858092403228
32979108784659606136474867599919742563632477889945706109984760391066542370368
16710518258053481943716036054775533191354134047262124796951173646238259895502
13964806522487230047157178151759728455540005955538007702609877443467506353969
30141616778844966221855024349518682831292403453229883240086197663188857900004
66733245581270884293915783838313408045530518072488504050763977497680287884640
75638512546290943031843907613383502635268821947311058559445474684320730944034
44573272055603115862614499566823546336292929011355249376439054558171648428066
66763495836134052231545054611174132723626059564540067375027687442232639682896
32178360267669912155997614495628515187112930674632651845293028900855431991855
37069792748451222440367275687324584998181880052201696025448715499243380263349
68860291158312450781487372605301485190119544109439900209410926231420081456994
84100842331343106796971966378370576199705989069570783001585131760872893880772
113141823773050471719045338674410426151359040797967187980361887674814528123781
52696499972068880105954911068242491501984852885311100691939920288045815685816
46351216075255025738218661326379099892502183934217726512931707922481964377506
53211974200476367498742028022578781974076851488730915607333123658585298493481
28881225325956469141405338354775954951612093468650871093130282792495864471472
91268118125539304226833154696985621755825356023643368934513630578163810006784
113415816944969796634547325274977856489710315963397393066834506647534524877917
7102971236468372614543282104562311284162295752820229891775556453540974435445
31147254956770939534393624136391504496821958287947835425199027942430408080990
98526950330500910140972859758866153751151807804998309854566782178388883578752
104267383882134683276378842170849665637399300453128921811984815571991014534072
106152108515139905908774023223300530797490702553413059589385314798276882648362
46744651557543148134471149033321798284993873011067688435974759572824393545198
45126323452353450023278015441858604094058046380693238087240593005285875403359
72529315397527983867506577957398893135122797503780393670821905978754654295370
58071880954699365522193210108658422960703712173386960213659256163002179629
100312889121695904782019613551658259411197757214422994638444749497950730912954
104487371854075172164909704693089441242420158368079654607846394985872985416651
103364178717436366723400380601080032050915031241590047045610042897331567270193
41265804447287105959119144341046789409851695703227687207425764138302519373635
92696281911158245074512223346916453547000354018982573338849152771717538720183
53289367663685651158359905868181361048194285328799505765291394524379670425796
64746436591294881580206164418710137242821612444663234519171005767522228083516
15799805496914480640428006803653671265837655162066891491902706252263945572512
111382561676006002095415453748983856480408311999720977734600193342825653617630
105756987253219201907046393391310621915259272024856344439311383914810573878008
48451155939483781797281418585806537791268268490048735374615276569120815180850
77844896139857867924328351880956156533152794557870533568455866866178173646726
49185890416013530016177105708436670146934164677293473889711472685465186944076
98550352641052513117012013203899143584667638963131221984384756992404687503398
112036253428286467135752166194223510590507861709717937726038063519095280261285
78285651380645467126851804881416443890832037954730791118634315136256684140413
62147155693810643484884550852796342810182624096939282526275065376987853475996
88668451390578742262538934448789405149565434964854858964522372418091765929659
8628666411061405165683302690367188058270690070076268266143631483531612851846
71435043108662948784474540369929992838355406097834076410716984378323425296938
111010801790677535408198885345208548023760909062239274962544547233287411275557
76401459593851257116006903295760034563827496882283563882467250695067116297088
4879891925138850175560830688291821972396021402167180497835678626123567880689
13625755594228443009649016957641990209513848442127105686659001411385034901869
19887314513104977991935751067979626258042888439129415731205777434100487838438
72020473939031325904216329611868396440373981289516684051338354909947669781711
114964158991959064499672812865550758112118612468891646901894223281180923981161
84899761073180792872644012913340672174372612754167499240244858861428397526670
109956807300962316321812865021246370229398805335665028503428205988802229205261
92765303100760498787933234121109846326516706274988658080148785720765404196683
79928206948195432455930840546616787973784250984892005343414275686910959688017
111368741058223840604169967928380297787317125445706330006735668282799934537547
82610726790689847980044320748005381378613626342308497720060493621910907485440
50669142524732026299241118219234422426751759892535648410455486371675475855392
63366511632426974613924389599281464466542774966240012442876639704045073311907
48635244843880586926592795226971039381086485014629033629565997454319022712764
70235171084908556806053753306693051572468824396638927179632673191350858740327
98925378971693408051043483001334304354728654074386195317665170031282011657014
101419138076772776978032584522393483912441304451866862102657175407992207598811
108230523634478392648396483754172501532674049085500016728348693653971640284654
46436861278482159826894836473284604524023671472351966077614377031865428887656
38237950275754260430842952750876716235399895548007606413558197558741614033992
13128948859209219615759357621413995566630824697648594574325740126417759002246
110621887469851926198918863295588692107427864621699236174397389423015795696617
97270317201010269002803829111481764522876664826478536575247316152304868380076
53824845869838497328188653273065954329814702452739414614190058510342298928356
80454019066973487015712778359463838048286904107682665112027930343574901513987
31342746310598499588123329711865884756925363536039405830844865614485247157815
109301309899502212460367669400736116092090389957655168306824445915279002028058
108975245697851284262793934535492239678519133226356339226512391119366224421111
54110762966548635174011492438576155065345073639325123425667445278096912232517
101379114514058017768345381162325274451143583105409467750134272503686641484784
32963096583793155267170943366753464572713414207000681354470146554468851997599
66083419044560787224039746288206981711746469780458655743453472043771144882414
90247631533365089938583633398955379544641696377319188932826682107800203280773
111267418715577602012688406946055457848825774384397778733023891099254124193185
85725604032459078550195867765008684997668286494289386581146732209269857811272
95678434764736331157478972124255415655882194484677128941098964590979147183161
13521814070438836907464602361492778222224959699059587833847215796969378356863
73555236231037345350197525519621999193106092041191846048671046702153135571589
83893575437271107054465112762209465339409480433254854437886373357296505520628
11340586652348126450043863681360180627385108487009807807461707899573121747014
69398207316033531773011173100573935520639186686884274520476333128973833159670
44859882629897628162589132463645613603157727670343986569320915869458012881370
113766459823738083637863957321439704279372206193819151031036390834132216291361
57457823863519008037673889356985158897713435348015685896384228396905867635015
60413242290497284917518454557483427935603369825731560386214366314441673138135
43088835335750910843072327210996978457385590978879842606450006289083663182242
20325716255229696697504085012695165644400170949501147600962613950994687365870
108794672116490264465654670843080924073586616562134400375104490783449625871863
106495257511409066513440647046569846145389684926948206852352776201081466977348
90132194787795572794722170055189000647618008248902841874801340334603465382425
67346375419093060253658763496981633768927156415375695625000859561132247926090
76869555101629567576763891184988268325357312314338598457457421708408706745036
59997458144037059223746658583116085196671617989449248871461591583580966540985
53039109398535006184950306672546579287837662829483191515204934342608036023712
26633875085268002255065436535876676114726719115194606458813540368181878375809
84464834121545719308859781965962329790597239787842564579988286207452552660608
112396494411323665426650846753931710874911517679522910488147860990304506062055
99514402021700568572244308026721135980018497676464986106370625198661730761187
11508689756156616782345883305826380272785044500340275176094987213086411919946
85799008074139721995137646756872590161244021257398480048333025838456142825510
4426833126653369679937396697043489926264107576082011410344125447572125783056
106076750186165160340054384299109253874982969711087043355691028818564638272451
26311910758547119121886513342720773431359553826427923421796442730341504233535
76172792377101964830866542963621991601051674100239061508455757536891262199267
16728839986478850608113037353802090021389543811952673063263179951432004669095
31385125081084208049720845923559394110661004514111635578264120572414994781550
932394722302307084491724710464160012832988916936962686254860671648928392273
25753503071072439126473772947292979383414070151721049532915143108410284196653
2438993475315133401183754049249713491341726740709618179704140554831637574244
29345580610837439583676740367005670555302547518889108327236981150274783104879
20495068055148174298837721735470897405779780115084471491222510168372581157311
80046546478474608752342909476174672761049092891323380870613838422388612714361
101133230382026424908250893890874215760982497830197935049245471062465224564339
3167448468890043768502893296765110059157271804339320965589889774482005637619
50855275409929898809466397322309805505596142435085081086762755332747625054466
55317887406816490162788846117628547211886350395812803331788016860996666448860
97413336491895427457833451449242360583495913660738052348966184091949923386454
39600150238976364446014077996726794575815552529509550939438267774949090058892
4966217541974650800348228671495888792756254136008080066979862846825807532315
70832166972532156289023411726622948241813443088615208279398983914939960618780
13163166323228387354729261566110570415723978121690532989124484161603158957115
28894246241101684540675737574315462427531688845410249046264051513063694945326
111553447280446646419188204280109498336349863099487581832682646700728560659183
79249061894527335152232219184364338805788281680561930064507414493528992028686
46126887617400479741100471103590181083670530599751934298245983721825936206358
29686426832655020732428212763919545654699526966982133380509832067612999007884
81750300944155535766239052718966338894725811102540631834601775090678094777246
93319782313560718414810793602461302097176964316222359246099934956766381752830
72320967588529211817981796679772277271296870814766966809687943309669633292572
98108554080737879510263696402661644169965160508704193228821706518390797862448
9950980566733817292976814324614473922031212766963803290712234733189218067985
114581595554070288226284311004962924072797072041497395937769944092498659152119
50168059538106024181440589450139761824402065485537851760278604561430264007219
62487655568387047753112772441658831061832067451461491454271560782707699017266
56234134536402069626136776673194723881610544781952955427478881431541108437880
15394104580137720024566427417121885941813267914598462904170909871462032544213
26099723755271741474850412593397483433892157124813793582001760358254509495674
84064805848463540501980808286712484194273938892527011517302992449465146341677
41001155290704475430428473267962542657992583619122779161013938526494308076840
66848659341518552556401389014890302259563386407369091954589021630016347658653
79797787784132337145120210925447062555562211302646370934337516386360848473171
36190450703165548260166487719589800818539667663046872147089236565512152218261
11377868709203944419971710239885534350456006692017312456018964537953250127702
87972737224756406517981424460626549198531818177229555382871955429782994446833
68809614048684950588636708089341296431323607055684619559378403162695132508476
40563937630045535014051082994746655323166541141905343257845197682959179794569
107402697659460106798535449734489405479285006678500591532435856782889131577021
44461828573852130663359343650881611863827394947147996756576135622482574751724
95627141060249705346448819766286264505215046048957511331252971005897570156173
