97969939353711163551797384046519206207409834578700759466588774678102100180152
19394854368840964768775800361512814052264705764271356604392474213500039438366
29899572549536181944206191928626932445953386288357747739948352855424539568584
108281227018701068709045729799102238903726373407771355680102740286382883129679
41258538232744863950807945253413409971079047360816023339781055405116465128843
27744167682187924586223062805205219794130566834012521806946583739330558398330
88284235259246051098439248684520835561337032854585068331159274075218414508923
100284489627257631902621255400111773599889907326258722068984931707472038371232
35931603582023239701025806315537870103081164063140968010238782534138173894444
76963005578846337913620791558591606521139090434158400728983504775817150324096
65687963954657154679170382753464282209938519268975813616508930483913459939804
99092335729378383487607054686958280415712791716734486691998709624243820105008
63114474083186306933747220561628689161553708842455832948227233347429337373481
54511194485533875878121609441574962883475308943091266616147392408585825222330
81913754551050505482733529500500626695287803761764350320468700276073040778237
101619234447890629611496904842226946333440008889144764871311805203198004343015
8709184155590432355744976335745013900853616562249772533970816225551765754454
80073070610839044726888648269774496370837625134343809562607247475251759000531
8378313084062492141284578545338587401293555486494453450898257949698321674369
29721138992228303531076082102953663683619173640934145976769724742569793425285
82653680920845268433262552056514208150049043156956837265757937264439995044835
114088625962401466852068896750710738267426838413650740430066865256716652401134
90909279549433090214507786551434023558590932158457996167430208993149345426339
83022641166969460048544535123497870483823795614310993085404836569151021845134
7097976062491763405912188802992890652632084475709111306441422188554158048845
30491511615474133804335921666493836938837364925877776295403278015035631545369
27929821570259746245417636530288984756234134616400921531780362018199715696295
100857309753977744565213583714845676274427424689082919678415782550464892064113
114731514902816580005978461595423171561248020027251238276107808290173556436047
98540496902110889680143809205638692780738798933713805837253965291038572547336
48529247939628650036052849076050391434379761668364925185592681857388402150835
37745606202849558157502595325426209063481256967901257371913156219387576934148
1558706668497153311144774902615404475141087695252193144611627887635984287963
28826513166777869780514888427849296627532227594244422251009020128081659752499
37088929672787986369529792093023519670465422744984182886698880935971736872286
45775829692598439341669702495897211630991172139967720421494393651255024511152
52136427792219537504523067192936144007236552741189616864794821738664989699159
11763083571674577554677155269204876015102884012771111926376280598817253909079
73887839376410744559378283362991782934919513526933589258664085711507499536553
744955997317162507198637350374779718454489140007225597305854541385863801928
63305395680882543923317967371082013597002858846861715058524851590925586252425
2842496714067141751200300232973074309998407964240917991834068080361583914616
11255260416615568910577210528927806028934248303821134427599248042303442782651
75201662584433370173382152216489265621555539335701590169586102719902917480111
35578177698573703678398327860893782781761219163781615150065165348236943502762
70627138145802138699915111196858461468523578460368846802274388868881143772899
10909583367526244753874944513389299725701754618594928112287579123958889026869
2892625774323322915002700008693868382923736875038512670825796771908524194194
65522435387395739706008801594212293295422867748015099838822191979808391603832
33431024978379291428487465341301417460025300830611571149010319698669336855124
59197846448650848286676217616920048482815640710223448341313896047376444852245
4272090847286070787910678016854110759853644962147222153861624353949495448740
106153699276726778905662182338155957741058992606765491232264362926050138341271
77098326489724283146357914850163808160246674313591608223551867070113596204539
56707802048310869939719442669677266642162066651547540122823325045183716242940
73293030125493184098505057511905849804708818195630235138547675375697332845621
50361975725951816798993098768013415947492986345720779106241616752447812789188
43529058693397578970450325616296042503808489074149353432559299535221772368794
96186454303281459377790226372978245280865997921389672127160511834412544143675
57859125591561882262563499331465601513568969110310820293202812657753894703866
22225378408186100333911557011101693334865864930996244082152509582722736014003
89607211798156393356652899313413424062212891068406706482754960647590144465731
39975785782477998103804535458886372300039566077475002408653034783814936099280
3085444604626559143639031019421542235016741501911162473483795580802333823142
98847807025897501929036512023341774515087387133231925000824138780373765022745
64821558272498849496262600414162564026868686733109813202323580165833707888498
45178685720155693538785865950624373109992556676338413601446044957825828314937
1057474804340323090339965249974163567477786566946478464883061739797122750955
109506630063233295527252286493965999233758042815752980565713378824592336998726
5011456192939173188321163574058825204447821911926487199360975111556854498279
78296634509533991094288897089131613263221565350817918825072034718788217219972
63737953478631697038712660361027496760783116319385871593089532526458923633180
2158603501459441663869210381771371208665405081261085780286341752293200403746
3882212357173435109289116057555167061419956768386645427303223950467475180613
13367770561408431665402672183495180474549100863804151088694428304508511373336
101019327040762113009155128519310014515806377142476788258420657986706442796256
28812684185273498163287435074549910947628717281910457282175891920124173291456
109269174044217483110710736963756797086937139318375532845206922771991684484349
25459025021983658707933672545208397682901442179879057229780543957055003022671
42832905443754347810919457261945386183455899682051248753879764981007489669259
1712372220875552759897484612051557138441513657309606164028950063794161693579
63485863290933813768661969573431957719835991646430871566669624826866623597817
94206200237521832484433306503176493196347620589748335396320786495106175022067
57256305312044698443059295918730914092017398578119097358391722005798178748009
47895403322112383692756289598118501621334727409557924364218678928099204346967
45164295023857054292584805274133849550977272542054658417531472694677261882805
34081436210744840344264445493755568419015563155589536125167259458044377825388
30704831154755862987347439105532854184867641635890302786360145300627154996518
69376958341774313819116525291942503642248273199704726963336430487719321641317
73729071762525173463895288645354376111524690915071978420564418985787077818265
75864238063895983588260984572498914685093737491026227502866351410773921578036
95057195992091620478255187414608614322433837047028866753202701585894039760912
45473331770960870474434653449138955631705234590302812899020634752277183939904
50442683538849404697826590029236565349692356426914331008496813288624924993989
32532592187579743836233696626653181174241066792256153701535174660036830549518
27904516816562256277487166423063372836834552466585701312699908207056212581134
80848139041832975522194083027625500575444015607713629123558859249117671606424
16879372967329973166591083058291774968457758203076642623845690255090138187271
19869847175386273993534580617951302874987535693331112369182313215183121193537
100213747296863058811887296617483226613073422769575926487638104999638617736775
504220207179789022048690020445513385171738640174833997025996939859952641499
104246316071917323531377188310249317758856618824929546015165302825145421572971
110339119891283188403968932023790692155933351157793683707244685812626870668202
2138249112578505162764301101280669590310455676630356483159754282317759400228
597682971471138125799742082984887358923308884545020881701076279641005549327
77164761629398458390780410747858287767822935209669543210009010864341168860528
63210338981395751461731076835504780006893035747471747628158610898910818924759
64026746936738845485582764561642272560990223157780619837677550755126455665282
25681557427879371137074916219923068671028525183754990169765990096243142787870
93274842401743570716013910748092136422721050381798592053480380659927266545485
35874194261668545113164187215961050299368296497746620761650627513627159349654
89419492313135708526826800581341485795273988033907595873052012898414347107808
15409918586224197457014230171566172934661416000702452201463910419645164060722
66819121392763570880669744271795366868849671726240145147820628247918876675955
87938599750218161516260339520027520864310464078391669507901951501792346577024
11032894566485590969350117452235460969635046686306505485650595097733856825288
4125229156073800733094583907095150900738008850347771012011711880566705813682
73677545315368603008155406204349417307353263319225075548817901121853930233599
21837209137665349280083423621653129475767060556579201485273590109463465120029
29040898227289698323259697456236395401414429076810618111918239836114120004557
48882604017272815287366169153293537685537318087558748403294285819114023405810
