91430964125086664801000303067450613832216664768430524774006838494578738460306
95893821163502072754756151228350283282482108694108298310559095895827188346068
65528239760003119842917273344204007935728131116779131637852386694603270949147
82974164980979722840179763345818631513748939340931363297012172285341894518462
109326610918529306180309132396300960154546137083449635679371741411918992772892
32680436162194413335333200045629586746360429215826619458684896089459197430754
20915028966321775148359245975211043583624859650222519554237394568079451124023
40297544753348105841445103851205740008807691798057912497820277122403730593235
110938129626563237259484840128025205084039446725345832645583526824060954476043
59068111014605836704636460941202280970202036708956238238152191051298924246806
106649122311508878785285895190480550547823340782534195859341323164052488699809
61902261905979718773720269985434340913130140551324773261910067455012639067229
19360274586213468761908098492879914076691846444151175891916364889840564623530
114073355775491613203573762165812393474141877487266688829410306450664042501936
11273357317791546309557962226683402621262989101427403384100070264227775897291
14513275756018477154228448700731276482416320058401120014758173291887915683837
49987323522702741222191528238516953425615078899664098501109654112160950317101
61643701281291091490862935305965518877009180664714879702454373888771847860232
107218659916924392048501612640873194407614410612622273429505889075883893956243
115108598520254133586369257642299100226491129459509749908537420846348860642755
57611983323702351022366830416565419004349668933687815393992097290774151578675
93098136906508925954449222199509637031379124871385354445750036646639844318436
55946130094754998752589750697819013727017281406102060074710033310165750423174
101730566062251498339303827615651943978798621899157835647667113025659909260833
82436459023141119309034112988972103208717660153511029031991739396167122426422
41341892022340768921852760386582632953212681741256764409307863676797461320945
37090615917949502802374115218330132597068797297187025012069469865790745698036
109276791422366378118945512359763488190582943555192273257639543050113764783031
10046525173760019480930500883749626982275145840155853983170561541902906530621
69397724497936856582796722149478432208068916039638329980156460339682843792780
69729467015137530771175196755335551782223684194589659715256174507428937377590
50761529708338555450258499271847294870109152735515076136169441603743768671206
82861182488643973902695948697298621801324684576270569816678165335936863647145
54582521633563864278031706328165443617646603128272622576046121353003749248259
31035822448759735772962416226146256627373155320702897702934558364843148350392
93742891012769977352302742153783257807161728512747343857490852650064034685249
68237412778669305133018800660348670625127826178537328496157400909874378342805
45174025428833809164139769257487650721205162709698984394248489634823884789484
34545007430509600185503873019244762610560268823591448863723993244454280112970
98776780185684384947216124332210948837102436232103959104679935611544569373744
10178651564337166408147213847780764461868113842347234494189913609432978436609
89350347857594508847279341091019832800186495222585313885648589517265011709826
30322568290707169111625738584677232108126552430733376345850997385015515179332
101593753448236641180217156039559251586409575166441396598551268702033871309988
49486670678780621994958062021178048457587560566247455809919644093238983757394
6537086352049227245163548090788638772016396308704612072474415545623829369187
85884429911920291729204391599680248281079401088143423002406292187878402121325
66222285909557770015401032839307979485479489645495290230199747245385425822674
67801046666646669197467379645646146460051714280754669648887271153587291287290
66321148482091211686217291818174263440855621510300451614934694084200203471566
93575323308044326106240995021889226581135484372107881107400412949904790088863
89329899884302254573766145681225184552965323785621019544739594524222328677666
54918453427347145391082412677129828133248948656011567008369236559969201464780
21910037714357569883882563392924261408089096259006447599242298125114687811847
9866121559965904922970858266391256575042822261843099341781313368580244213052
91356670761452789367088699189230228762448433192215564259672650656994096524960
86447890142696643127944514962818191150046842059321152429853112828667534189923
30940380451860004168591094173079471422226608591214101567024490631945428115700
74171387992070697951005422146907292386225465021959659117721703479411983059064
93378919428001669039476992742845531877943959656800337690850816901104640291166
101544818945065595018644890531969390124576776697430961207599924676316263186623
91692662312249365548407894819154534990930485924981182975716202292794565307772
20491318363657328027407904912077615532693993873332850936076916075286931313330
22264238902938749553784529791044570528485498681894853583575707445832592867460
16189048421789418230850053314630948108919428228059895322248394160439861298293
112997164926314817087826306781539878791555244213801445836897801982430154682612
78924788330125430075044208657155870114042192319263004565950956837111634071179
41243907183530609424482021054033322292244588621424069561000625158237676816172
106931320360780310466655539710161509047932210015025693863659551841469908724294
13597804031165744996451734754525855077728654019174419871217114551377078819272
51261690460243898891713933190943215356127865248647317498654051005746298006934
2837275633229677506375856333628194288323487339863051846346056153024166804253
77993914098742252384151842060073697012757231049552724463779891722304724614929
43838331745063201276229536201660729806618706927161700440006180417305629867504
78773297918561239618594362500507641105188804526983759187213438962736018427804
103526667009439656559096306878737109529039432594517381427015183033703176756612
26470484811732928529815572260008246608663818451873312492533464170313823407642
40147032716743178493693910018390878162278805583816101224811359970730924106822
61433302384475432243047999344997894599755757787340757330318914009286558128083
28938739779446376055277400376011123377558957497367751584908666989165975100330
56813896796073047745610564523961176755820516580259622637599229454603880270191
51956762276303189297785090393638884340560428017202678415072921209314523142223
36803047674042187076085110790084634856613883101039274612778586491398441194323
23369219691838165996231637630418240501726357685816972036109972485334381038709
29053650302235386454270294169881115862254163598994902118794863573574036823830
2213188375358707247328598559887316337006204359943526682672455893657106412666
11791439625202584687395945192274616668902674714468992057661110898378118765162
46356851698928802676243858543895206154447422039237432648172547920994804631425
17309668848666930312224812285872270041620296027244103561804572242342433870271
114411578761081329598622261127520421365036590363667242496025125316680155548806
99260808861145932983964473867721563207868103010639251480576020545744794822630
96356335390406009441009767807203371479675965836472713513183257103661426024632
106955862515443892186789306115576568473799044085757240416095378444758739512466
96984401099189219277230661974987196084699442515490702681198423752540533767107
28086214198984555027844359099418077016083774940249089765012933293211018570078
62221053165770599962169071421755857213239256836578089446562042093181728572349
27388731027903665515337980952176422526067492832054594992971430730459557525472
52941529081063383646340683298393618152759202118325551009838384862907789571090
4412166482774524224252815770072489318102842844600857710262333585671190139169
96805180019124625007087239225451750554579240293486844944588884885086653107885
60410129717192676234576675362347019641536599828848410094167248960623245633541
35971087515826521415858117842337790233061011667766681896392985026968886743511
90441947646058069955566920148209607469997784417805062479328697264661219040317
76147921981256501697782145158143109141808507894637463319341703197151389383675
53121216958542315062941010041862923551502834312121562369322186756393347808776
20459573686480390653761153624030264988361053024921022402697495168758165144811
93652329134851352360795099205703015923261343352711750781567890361352951045172
12421522158358302780576385402704936539514964895084396286164648708419005555075
60097107861978856981659656162404604801946918638281666984068863032121466712550
91368868599381237764975289618356422018629149543738933626666313954891924604159
97567590581515989873606077141872491727076441855728990680476770493660112322781
91440429022940867700484012313059997286144764703468039178185328881723035268286
23585396710612826583336498199957496830734976964283582310927959066891744786332
109919865057544305503029900352707598957446456751714729632442928629358883336060
52604665064678920701804284203662935094792901554903178091956305869008203564311
109737391569208396681910992243234236399899848931719860873882883461958737461788
17003897971489158255135540398849371491423331874888608899339928274348533865917
65634238737961224837230862022550756253026844422981065481572717303275866381400
47426090072293562613075873016970044102284170211540749332689446713594946081954
73383005022031205712205489497649687228314593580996222401723495473831493685140
46672158563330688974716470267261027284433255875255050934765697904318537627336
