96793263430735870610083371209796146963568600063721034428197885918449337729823
97310749032479358313905354035067307595847745124147161688487794024438083145005
76673250490334064009864553403684935442032529444820333118339024851895701325731
113352892016755835653056567056739979931854309753805659910004361504793493636417
20831210016974214991192177308139586448992970500629302364973129235133946610855
79036358424008686693118410755275123810630405697428210307264092764357221596928
80477572086199406451588477767383385950907838893004376599594957712053859826563
42624670723402921837706091817660476029343786669910015298765746069894650482597
46336925405118365760169428579345715254199998726935416866577173348978683296734
41175032605308397510629038469070326301495886165566596766705131512014249354825
49301672246150403511564784289953255744062268658622602244033150289553028835910
30216967085090522096054542181604160617516426409436409360323483183198512038179
95329149389730702311819128929536743229292977089219950840608347937735218571911
40726903683683590946830420877692279565639816090327069396288929051006554775318
27908961134333744755935516481270221537099511041424231674898186804911961421477
88523225904359259894038038948096570776710365721577256090141960746315693250662
25881737415913150498581370263114696908628803512879170669408932120317100157262
25459640900734709010531410504052838617054252117414329829531632236383386349870
26518485488011505619002798058718440440849821276356081460085252456286851302946
74564425092093272521219243287522654375936234195490877885661159878183338958611
45609322229989707705818684138607923895951841181461232901105248885726152744568
19403407931456926702642150981749021702416825661350923505665202621909999175551
68926132767482493342585797156104293061430522526898527430949345397547470529252
76221953567333021461416158007336002783337904772045750871900745462322580360531
10205937642645210320352472230423408195972471307336486895551677357509267009638
32367398922748968514066759474767199235367955725662252632566454717244012513062
93377160124360441054704226366612596933907827982409556596260058859879563956918
20251319076483270350790569535543002639159418611778752624731583566139700087399
59655818062722715111797330812878802958396341817770286202979184448490101331624
35727511488596885364189231781589506427082852999908234980245167880126752024317
41975422702370818284631902808122327213324399389136421664794788939665284548800
61143582097772025732496968326208478341846308034534086757098895266509343356732
24857053163902664244596710924712679389349493792951613017037248421668991547267
57707305023281587402991724208170073655670936623142173486285146713480463634144
57578155399693199446610320405422840211090723068297521679416441009085815919944
106935838079804438243727430020648093160674407282390436523419351292646901796720
66769785003810870767163524009216927145135009804298027248492552676176093305039
83089854432225069062552712471194618634910059722929432908752673693812390179746
25755936569450391844240558966276702967101364640429758697559184264706167745226
46651909837092921638387097504942002853115171626999562666143687033587170536216
104097382675742195458406105257069821262034432599701895876583680269229988344238
68055019330811608274907238181254791812013618021650790492400337993523831366010
16145167438603111322860864262572600325499380545445320266993047191751324045737
113502025041088097776413607229799551516643034396964945486273284126926783731722
63639513660667138071576502071520354966143955018705004058432420903313762155064
90405851707977694302857384334697854115791184218579058514809076954245573494841
6165891379144137004229543183480069665611513707881478536460212976271060446444
62286241384637968279467739380887869859624686879017400346826508060487757285398
71283126767545978301505379943556811054469840309087814897727227114603674539663
86451641433948257328824355939467542991029365007883951049002639358704751680427
56305447883928627269918725735331844987466383819993018177501188459380141920944
21643380069378350053722391874794759688369641555306900577706793782569642028570
92938613465230565104478025618142026208819797275874201769137294465860396365902
75113910119852175179877740493120501952591196251288216108425177067274843926716
73757224769692948966379773372330221681465187726951596983566095269560081903666
59388051765323487855493829737091425916654378177395997757027461202946824547235
45037920826597693160318422614439336979082304445823009454969205196515469735654
110530235374195130597006262491024148405580198446176999348350939501170708613450
42580538777232817764199873135760983974299173468081152368260050842419487500433
106095464740968816942993075165655573335318619850472950687382086589034145181022
106424599087254478213459332790626456404266267786460636147781725126655207067716
5817033044609306922562278792174342530078421965500490083175661052902132811170
92706042998999892053864340225236296876946224536123047473917159589105532080826
91121683198304839378490109901570809082186171903287647168275051213226272719838
58608512037631600399857304944724195752388859380387193381483779369937585257629
48939639364637146660791156468276005636207797201394964613579508164317769257371
30944694146003644623560118362138857907549065429710738600020419156263520672415
83055101024027544603744843451467006281824720005967749860581560415895531148613
20166792373910069862285704650845218578062982883094315844894024587081222096550
7114445785680459708996975164458283454957597152382352751552933600048836466342
104199960953593521312373382374761806792136398544050354030948130887731958064340
11741612250145019420275532619248815130832688655545515859188938695634663498123
51063111213075919669122729755661076484642710604130271103707581134876082445161
100175908636986808274248160886821977362518534934872636643455618579669617170831
82578566251371311226410018127528990704017828450677094030233835908001001257046
22986894240175506612802887313865999742011497182693607667640750907785069294055
11411814794522273494557874165261657291118455143107557953244337993979096420024
27885379483225908279842452836556946179930468176982941032274744465020770385506
10545998956932854072091809795532295820393476168779719955302829900812193413644
15333604217197134520073083198966216202408676415756987044542068793403789549647
39172305827505509089176418297776307375228337387181834744887449093673258109393
5182351822023535080499223430553297221754440410389743538509640393437829841484
91653793156459100080811059641809417965654890751958518959129479764417059407346
46125760857245269670058055441800827371918320249948139979169346508711598339743
61541041259817350937297300214734087136111992452982639565576749729449915155666
7472041885243117668525271083501439323071525366974565085026156783598664588170
72644787481314555091610931263875593891162666180988538387832668111367727787307
103655877425462196423670458541677605086513695636604432484607058551335415695066
30859989463953976513367917397084236296982840171005790443763016984340668091400
99664969313141025558829824453257672585052633674044668024189330073365195344639
20796763574872371008712918482770731910739144378118413435932732277194991555789
53824680215965301957276951664678551374654909149638695927575686763240745902545
100406301260202179591340045326959342115795560883188678525717181041054077908016
44840134724509068525247840810755048514636855971790692292463769583107924470274
4263577749260972201743564814316495061896175344472706125574425455284288171639
36627082663756498544046205621713097546179414540517002079267223769528067156605
39043586938080844830426838522593999017633759594128602380495796265893342521980
27567608208228331001721904124494277438408586435385738585959337534123201698595
53598205475449329268928558202886745772907397533022079642335901319502315822785
89960589345250292151450139676579041908574020445593118509820874977628147101387
3400177702357237541726071242895503914155932624013470533150937279785011688002
85315155768028568969674807577049695528232208893118124771609809097462956054435
28124840043233613867071522313627548646341476133916226220615763465927111394332
93192943174315664893479127297221172879991317233556396734231750180752810160744
93154781877150457961194240792448403506819077115644121088161893132681882185999
89482244550923519267307802777961001604158338925111594567128861871508358975333
86559339695149685788690681394738912827157137572435705385865240209041558500368
25477888694105421954774273432700142734810925788807501679035921485344535298075
4597361706250474104912815819314204383537545033042139716925057153457670098170
34335366158537736375019892510317738785093208155664034534495279355916963311221
58549318407331240280035729563433551457922836148919855520671471292822650854791
75572789197140317330558883101309801592320054752108061172022093209158455274712
84599471360564378753857335672731973277903201361175334385876775494639890517230
80908182233653778698874992048744202918743350765802339681049629263214184557820
27219403020732501201020439306760936050701670003121545765863064867644233532032
33224074525504465594313860709325101279194661165508275684656098280865825537311
20193573302681623243557204479093444951522332491202686238654917268211222657867
106210038315574186079704455013648471055257612402349828388869932127840879783838
42365274068056768641334117003711047560366537156249860677160321507794234581504
38671975423224493802352181137582929420310432241581118001978680508716124267777
35858633546749519656214631338059359623301779491627383083625550961810330789457
