3277488895231105841610783022614061774864456430671427664924443786005896208257
92946106990903380169631808261819732796672855581267060062800141036688015448386
69040782373078894624593177100113276999318680005131676403557864199367439880215
92731209647218306201850281681791661410071127214284939830524329681659627905410
39453600267880293474182668859097308261293279370540181329108568310481868239993
83492024043696154268881445314184031186760552493551620614968075892688970500320
54190835782002175349057326275537142718838526443851974967266173923818791683781
66681386787608035546942889755205394470194310592485545473605276859185926349045
80276103117221853612957936018439098140793616350818812306589961293316965819527
36588261877468749998747367961221293814464527588236852649661939697225696834889
106950184638660213873468014128993242684142013865756016930432480571765037094367
115620081568670935226757398038672519471645076806275374213169780445839398808014
99047880402111930824279237902778372882789599756597380863384884224630330069917
62590949974336560839253971994281617125546395853858841633179476400498910161217
26280834137594595138104784408221614958706971274304378111133317873051441695946
32243170292255462037493262930302266342954405887407201145487656323293414715497
50955740459512930074464967646703136910925181684257777111623232674318753312143
41153444552908527361080579919456988173681122218555622975747031501769096332344
82912398915710614086478109607433603131188964862943927417283296536124650170690
26389807518417245096356413517471650464994360520116288582455825523466743832135
107742391313070038345259605341571292239380517864860062098068623614559175453503
575643943932512937286674931844767348062521283842341754053137136731177343369
43640408393547116063473046042627673797614267320438759146317826052461784316817
57831204883503341625459569262495396938275709057263956990516328407725710755105
27055006992508410181403251837779081921250115787345749363967894941857328978173
115347478361259217337324180205688162621202598572366227174139166242855553922938
24604781653710775628823133246940892073149298402498801277613891635199214148673
98952594481718775612063027783074486466574591490731184970170016222033699445484
28615326965231126325984699034952401932727142506219855581363959605616465680817
43768595985230253278522518289605400317808064208587599261575969951693525833998
39359501441816897260803853021576159662677734525227381418620828196713616225761
115023956953965958248084983813771242187142651820824449923330458444814108377170
48043141769535213638561157685145082454739367240768395043299558061521020044408
88345628515297429753465244159567279319086430311276820859414411898525921674682
82989793377106786852116884045514375551401462764413099850511118654986529249518
28406274403758377728784777373932223956705968594119943374666821186798812104040
36032978115978125244720730112366072099152371398935924533588006136237879253235
113420452728640183480203120024169610088049386974568818741754565034501722721933
23035387565174526960455505002477770012205798692989239920711362988295897004551
5559006256436322203047918045458706385849870505308268253705185445199572677040
35963874998208183084861211375907413777930212642152841425057196207224824948186
46993499127284429423775303853669941145642831093047921135294630634329031574227
25048401230569094525599676352912994730877978864319745518911135558412773216515
86733864214824011312842473659335253239322847891785628398329877238532521487596
53412133174136912654416366349842906353292424985535864685061502045300931969230
87282823162116716029026451537432166711716954713322884327893033124554599362479
83892604342896534758143162675199721214164042618943140962458152904253455578339
38213709933224647664092990365648334422556049470596845493653369542555581239265
75941363245134950386392647257587835618445817075863044753089283270631309607686
107846065758921201305416276829810790071937849619718191707950947381405574139067
100175074351079593471227552665792492881479060903065911610811922357768032893352
59681496784135972304172505963989768891004844306453304682554972451598828467504
95267499415382628164391919250182419311758144823245148167616582192640163815828
52661226511313109230099674319789380881682467473056193548441507613450715805810
92369100528679899710893573639503484179878803525707772081570150170522904215011
18070809767971064803184418454334043833807048804531613117896970240879943905643
2060162301579858182289681237320453113366830634877011777496275454255597319576
561005923454864300436623375885921680051827017195623442508344423473791967052
29791992858532702169127697562805038900404824709464280356063381587963682639049
109846944293385487745406773213623684106198102292504649590788903888179478800797
30262261426918456989776313145324702117727363169610015537932357197686965070033
24126975761489359658972883727358933037189156235128312357463222511739176746570
113557573867352266830729247833816289225794939022715243930341177846440856068580
12011745286341714885893507933674840063146465786177142711394874776031542779458
6829195396398534190160774350180296791709173578169453834211756734890219121416
17025011884769208338529251130032722316621509323830608079269450092768343922223
67701642634220911442858798030604638877376935276732247713950467194513462743629
27778372556013795279249466939415727465916107332092782025178178407253255056804
40536177967817080657573050305655521690927770046975610365470293408879625147450
38861603866730337679812764374418608230904252190818046596932577223723222909590
64528792735922698001334037839319193630400356392096064736055225594698364479247
2930593823581879197960677807211539143891881661197708855249245151845129102453
114927308502062322939444430117055509327021447276470952424315964053028587491371
108698931289524946220494121772528309046665981004484518377573844739563129457949
63745475746928225465029305910114171212595681662828968920903695647592357264854
87009165604187727783385439684236738223029453448335756773382725827521799658692
34720664403987216696095042687156427228614412077441818157857512692112012085930
58563165465045045447768155704055191843228049437689568116102870011375096542017
55048481203691434644636240833459230508503084973277413085570888707893501052592
86984310320707366971217424413038527984794829837595818844175418510719040954343
69916791707679515391732207750249555337878212732350840250339008859356543987512
17024920527616518844643999865167971499447385064659976485926748670113883163583
70516008542857659844838248096286024374717398480062064164002474719278189668116
4255810561256676779796706736363984529977634299287196078659134779525156411643
22597022987664025056734212698513362969656324124174292596268658264605949696539
106628757839014076398327718302053728280670830027941655891839594419730263195746
52399171491924684114157206307766401299216870501088536430308145246612354499695
26668404952789209777082038697296494771788257759852743381934029165690601469217
31324391235318891326824295094175454287900322535293436054245773418425389734679
79730267873717869648068779059686396810156975244239894404412530713597316932380
65425804660221603390432891843872546620877934565652239089691617670067619102419
39356641699510612247625367728172610011668929578726835079415435904285371864375
98799686584898923572580178969636532462908350668130898113060643717864508402441
72050700383305703457092409359150834993860085898444377886448526091267440450477
111931554049622353602977374641210781178699248208384024067071490184173385577117
42808370187223423844286228844315821683750305764510430858983747076015147609150
51959878437627270170330761184996990784768443779537029116214213990510865540266
87720233395510087414743728234111819877774061902476021650325215776226732562960
2960428297440901085524432719137667679461004148533867026504726945174968150981
52793789309109467537782232836442051488318807445014609653793936969224119177446
111286106700667354982947637611860177901483027045936927125805575164604975231858
31493599794766990045631702537586588797509631919895398188782101552897832684750
3028603122877673959211008466570741921315475442721846146996248677872891117451
59383581553021190954880910081193994379428251355351200487772895763902606473480
1619446417985302573206031872355166905509964692139126862085751880505642183375
35906260381278449731517280984472761717902056236678336553943494367063627866572
95053794603243378734671110702624359988162132486314303298240319796684778644121
55053334096453719415954223775622669162225111093935889182890337714037501032937
98560901139690535931994259455466601929249365136375531847206152206936262645294
106944544378242646041125980786229664214173800274041901670059268262587299933261
67572222878100390401580922852899806412905034045803900066386065231478814223364
103461635244743286993123555156874864361648258657174980755321245437760935712679
39706528864492278930015806817017007587443262750549301123490761402870860055647
2793060672821389250620321364199361144470594398096050513581970442890914324039
49248031492081165614794843540742451173755771354296274694172084163697204921834
8683525939763090858771599763020029372838987113830734295736580535463830529620
68184088552113423278986322371340145682990173586029754839712544418939586316801
91092341292495634170994288338944340742990464717596086463308586480806111008911
1282402509134395733582812007962696215587894844273853379631065231571539108820
102174500030675910881489716236993628125320825302816337767563956321510826331553
41158461787385704018943838960243682187604759866134386651771395015862694843479
