77525025387849998733081931929598181396936072676580625070744257387653507600385
7225972798988001693207135746553452870883511386181096446827294789580530466783
84850989918549070356133100211766035238664548837536714460349992175537408695074
3290573786831491149127703805029746443960967361521932214159822563392853208725
65018940283265233097106102726007560101160654961422833711425373543603906398466
78511312148320012061851365144741316940314346890363921118842857521395926655733
49921256743158955928384395177344689876284185226523531334882267240993592260739
85128308875267778522894665184936650292240943418849632400111877489435821767172
44220619627812175870670547221372959112144516266548938215515527514633825544635
41742884411450291882918552656544866709283630610344047656845886867598057267397
2842846712915675845789117826330958587112454336313855352412962248865187321255
106671481046420676198780924921255621727928251342559601766920266433552545056456
24764738277225318184285669816415542295804708003656492248104302224911092947115
18992532647649650048111426692757227455583839044011676376708905760876791047326
67510127286210158216913760220778766714497010003121678265846937563982712841525
76103478501150211450076462504875800002925088360477501943358447681648345339523
9000333476353674176822436339840341670403678027629343424701547161712547981158
24152854345576573866218214000507850604683757930879508357333238309049383908574
37632004480591579702668518999340454241930644212773771894412209912477924836219
72873709275528237081896252636238730363094399945795142938758409389971106762004
51092296168087966161983730192544862592753459289922205408384171489517962622990
114343143893507131428112011388632696259318060580539018110867775957588377804290
60754292454533116863037406401655968854539770899418420866729218249651243395026
115298937041791834397889432284688607919952753363015931220626289233733086384895
64324165546206061373749054099523705958435082109162053223170286310682424472024
35689510172772977585617511421353287459610626169055796215290531826611350665203
39579784350016466338660551241397246716199711972126828906196833484952011565661
84460847645037649723823755482555077401791618713867342110067788499784608067771
64522819379788038229777353771289826493309884783924304336416025543404486026599
21304966279053622118508267352469871101039636603195671491205883920013798605757
17002959662407942706467398890997490096799306123764733396433015304310691124858
99714035972226053167798372886737308335257316662905218261628541192958169727087
82824958039043970243726346685210353958030031552212112937650397196877513652407
80569228317503096960883500951553152456368229674652367673993150768291867205270
56190058171667478173733169405982931783185489097257040981780623677218973779942
72745700216261203454032376350012842595883996633854910168135625440957320134790
39690395798771871210946568330486940250793546007752195248848805000410514742055
31255538762062383577270685991473619322116027303552988973499650526354354000058
37308196724291786588427533643075885252856408568673708198671356746727356877527
41006690774390049244506453789753872894866040668502529554933973081153465447898
35339845434617408296500018339839135312360287776757012611475810446211743481815
78208607825601900293244048829442482073166310164480370499336831512963192237479
10756315509640042007980091991756786055645479601440720185441437627011061553508
87270842492998264074590317454719358213220161524353066794086763018393844038699
39596950875754386422526832642337465004746051103889151207986936110301728636819
110971802915175339173446396120844184444591148462107044836252855109264934800084
6816884292028130186381424711638328949046143001543582563623992297429723270423
5823078427403269400332087880271219660497005604848207492805446768714701736328
86244024555570035678230230334838588802621006370491460210024116009495141172651
22896197062701566816439315589844434464346718373254016165264102864918077921975
14012444432092772850447629514900237403450273991990437297404155985272339580928
65067122744280960628297330537182388857111554759978095161015110348758696123219
35869269997632759007443561241609064267189214793132269210663951930025337537579
75700688054081781650195997845917990495780907363872103575285952012799944250558
110569475972360996472762486691238418807238768930897497400612458536827174671081
21008800482563514333673443802025483949180446471616396772222133283534169775380
39637289271301399258619586509124614783809571468028839317034765604649517155596
62681347551477191505130383322011313114355829251894478780452471585125224671921
30100639374116438709633645139619490732289168355065709432186265210886588583888
114444205091321153504338454625509138542222741021233992715310038713603835327359
3557648490556088298933885993429411760820212944268548690137582821287942671756
9065529392005230974603239326104994642513381242794155998743697961903401019416
80025665957295733376788981271562635012005293016574918296833548252572888208437
111726072154956053229074349121142254766456298686095608910967032212053817517156
26711692792282595569572762601093403309177189846802920642308729928230408307240
35646338515806797160895310097711421024313696090901588636619832845971994915979
98807770484869592727692617495508555551637767670558686364215088579382417575528
107317958611389341997177915176587699418390123501906863203637630891797663833557
51154757129975264093889485753150113549747371183468915635836003370745888090710
40325043727310294687229555770718387059803237541790794184508109702258522324053
11457541427498192025486505492484611753227940927867808529595973416741843393004
71780490690032755650808748529616192195312229197438590086622236496639333346674
12811994411327815845601097281802066157022494619277747210199037068602036762747
44288136153282499094336629018204913882137947988297189784481385107903477504143
108438083327068300001320498350249997751547383557339513513159133185108332301466
76764761409867003568986099852456939936124538249206323224465280759546498198413
61845644249581343226342564774561818861213200350221426441358584231217300201727
25506295970224372236435323499533025243646820460839603353109510415071602063143
24113763986784395714674190073478860720865107769188520914818633205246710713893
32204400564236662841730516360647717972924070190097321935198834887312908495728
6974728977323034302330225117672850715203441629378658857838206229489810453880
113946103413568790326834108230801913328523989430876763082413956771571815024109
113871415319051170103095449968026233379641350541348166653536788348405145661418
92772209773758849718285227225054294072976823255621513123659151745969247196000
58369974009065863135963444448301283170755246109099879838451085159274788143358
28573624540662999765546438747722268702023494433680131279341252400966970992144
24432390918627621428256583532089966314406953315735591695940274392665404053300
20995818942219199795577621132080853568241172990666922518004829826988771466740
90529326274643626667635856214810967301617946231750708894158382789631142501572
86265298126926888479666829800073871290670584847327706890717800486043296661655
16698954728764832185974735496993948177231046453137563980261607730848914022235
36648928742992663214599916140182240982992996015667677538619609003965620619663
51901435983154101387424762234508982997096096020028402444703170849799607940396
73470739027401434743082312363909394361315677016932830158646419484363136784839
31667712273483205678802190564644024979802093118620465678182065095118857752049
41958435243282907362500789564972859438432313470163062193694073640652470298796
57069054368724323162763158362307430262810515205858528277409665387029850820915
34574914310862174928525528824869211411250076658750116689220068533523701282348
27551258274101447447283525935416861778673330772985547697455151151744470576770
87017112864820290475017226491168642530075555106059622509621179941416002900049
29687244152645661028410145467709164552809679882459378144119050358599763616588
64300352697366530857692536414435457362916130099330716174064709299474678471829
44336231816942544720112365437723023907911797305295592630212629926904060902720
113803471467551944904272151625115074137861628103745080580838946644062801686138
45204610049778279803861557752731363165537432667974004563546925227798701684466
54375185431648057455613939447340506566158327189440267521534922665372479813486
86538205408708408519255551364990580040935180199902425162177595625021425536898
21665878787134717275462536206945089687305429864396045001022269753158118956267
8360628737526302351494183399707429755595090317686880287134326420050448007815
87334386749131521160529811306599446461875288863270911032249617626062640142052
13427077261109713917787567193268016978572147853251939566659018110509422719823
70475713524686667637411306803379106089198622402803099038757716737761960718035
66023308442645561870029298616173071897403328217668095285518769936758215797323
45534260811104070870689893868344673506957369758994940678159176393187579477346
31620035359275162754838897496723429663406139030917062375107150559180250588614
74257171891946731962406073040217948045736117655261343572196415349674719804098
70699934444073346737422898127504611628436048560361569749526210620702698684378
19254013701718113402990608089350347469387026194064727142696110375335801480896
53984591993928516823289447939070787196689575477256726755259172981489658438691
28859087386302544960873582073478515570318162081852141265864486185469621102190
35327941178344333484554657657046039978840874676630575689859522912480860284898
35787162794698373151147961930377889660213848667397195464902191990179825820792
98788850620614845591886347820975327978229405736219000022272294386945621444329
92125472896458145755813578667169046961857556157799378521766287811377230174372
8534449451470313766205044635976341499841289843483446637060872199604430952471
60796988690217821630968843872938921104980720748966527107711372824298115485937
91314689881140544513555584829601706935556853959092151643628472302152584909091
55345029961119809742809208189033559624446970411601639925390242382789207163164
59518318225001896408504337998643858423054230386496904338838963348077698646832
70296273134722898508592250124467703028640069996897667229113160815260255376643
67072256811051599154813448920739690661927453354622027221909409937711330818444
106782244828972176443817729185677999116452743731953346284095255830603956559144
17154146004171781007153040207061925410688384735844423538352139641554890656442
99950460741513161024951410364858830394624575338670714504381363039375309878346
70241762962856585332938916678985538569847283247235841253392207486313629823722
18462499701890676555771933443774501220581396731552603184518098161297509592271
79991489118778608627412467634906952788002650519405938320297237519162264949571
40855118698251678258767428811444420144638882590433628637578654481669649588266
64671355883523625380374670321848341494614892596546802737159367204468618036468
17244911244427778753671176375531412483594302694116310757964502175302415891026
62257855451116082801243732647892656043125921676564657511137541110942479951894
13054867983689478981105093321065435991158431284673081878875323034171308439769
10932916495607312196581325144369033074605858374336444945844394542572366033432
12048071427099852624798228571575999654201425945001577397961022918245955447133
70263353887542558954334087999090055257485460844353821911131287237001447158797
39445381497152824493333110405049771612617697039240757940725253728867332229678
65217612046638220334583446428250711750899088131856222997516725462622918831261
35645293875936233186468975244874246431912952786480398290914803696084483770567
110505122597598872677203198370965555847198066230904327996942242969256410553484
37526472681961593041265467791108390486077255692419861486042032745087214375782
30071868900310194900449157476715048875335497387521947229259301692419465478646
19768676121652464899224938046318270932030814099003449036706298040713515945219
66231453962308425534567045845446033395201333506777925963501227534366492505748
8377685788305724471369117321823222734545873724530546748891359786427110394177
32161584294888661909532182051709808190212520322405179794090132401260560374518
108093580123927189408358708122544205201947613948646219331430245576915299659175
40522869455367849617056741027484834001522816696327587203769599353952241446950
97636018065168267892293771455026075426380684009040897032239429673406132443899
80183331057255961402352113841819276693636514928018773640374566617614047993287
74367722040819864427837064166140143122739262003832799970738100511378838320356
76234256233942385948633074576483189589185367871952997941246785031539410222082
110673745584584451794531327625977769073036725498420336168773706078666049083998
101333274985812212491327947704861078420067849463005065586888112562521547744822
16563131036595873315023555061777208315496898526370697486418708835500727576877
69924373805327550329960899911149348996859389987235968148876568674567664119211
24639195869441992906763412544073394082412539470644457410387209536882661751059
11752520518920933765275660646483283717407861655693803704942136263493890663479
77830572000943701177805612235078572874684515039710586075873018793650759395268
115701866561405166744691942582502761306298613616742902940669236581480020582917
54326277954016574623076153484486374188352746189479394704187752017597986811887
93382365815964823734596263285811487224661242265315420650085876793020712464426
48954431224060445337446043587483952959158384262175346427092189208147770356523
68427988785110246957963185668954281345754045856819881499855291911965179649498
106103724269898055528331749223187745446321576310973047842473667007124976283186
8875314145712592421327728769431058360224344388763462231366519773646971025787
67096701669754718410290763680936334452676063667250794401674081034994820031344
113584461325249276294930647058208882613282924480983354074791793236264678446658
72335953289963205549451921178822714156781352415086285696805459984599952286284
111949195051213373402474854039120207247206195214540621001697326700413020188953
65216783389929528164494958276059022042630335365113881139877252025750580475439
6635204984530039072485624416392858355952772307263545506988699207875399449906
111407046838120029770674444789328323742535586778968723040610726724260725413435
6312146632777136538726440730025065379546905282765181694171538814589162884823
31529264055567153146708329459688627160422279157108849085902219792260923371323
3564236516406445426485976196337653466448188611122507962897938289732880423213
15895730316678706274459332656957157702767088435963798152333425585496996889459
29102858173990930198275787251813589101724217239709319350379503184270028787243
23933649403628101045365164347128114044585055386394985762773403769618026381591
89348335056252946586497980081223887725231168477896168968626488163212440192281
99876106584247727420132212085019988170407335668880166271785036979491748090716
64603862127717596242456920255900635364305102311693600128766227114610068599955
30368106749351335042393336917780985007139975897660279357977732784189622946581
40813418706117828332020294154438132481708537225709369475824380978676596858379
80967103694456580080357998554566849013464837488160610968513776399098960555667
40016100370853125704003012761225687706535426885656801106832822476013641559700
47035923324175160996558535729295479048019588829214095338866574840893675246923
57544001846822937508115379683789498490438490816988506912361353542108131944608
109943299119807884977642282701144191191577195382950595945969584986925852206405
34560697336295669345735757194129660707379932160727201421419516363716293032232
15347472857041978642673037348392296328794969964131704987106853195911175358981
24913688452985141899851340779106420425964686088140515266225313133857890945494
5903461293094760114696632394183045146747769545062298663190434415522222482593
42996411040781586516301256002723216597508942746594810454394170696150506303476
95799277076303390387648067624898986426631966871749681544529596211329323028814
38118082407261353479475900542256447456565848337123275991800695091259770589139
98678789369125546180567800055844392558178121432722151335948312771364779923861
59977622843146872898235458117035305754874244729475936387220609491918084433693
75121828023184769829558757262907878721714081392516458442982942209795829019094
41203248130236514554903703649597764700319968171008962347279401266348547673505
64979428543418816768845071920427761549117169135205456006180400813260871427549
101770818137234789003506885457970536089166915733663323717357697738276465852571
5982276966848161028139356548301606170907387824776978672997790951055936663383
53877101686232759489347414106308322838682260316679499837416084171764374369220
74137871033769435343428871388938539048183591061734770064923426511354949701937
78453077091601853612351716334235105893282063275646976361613955355881760852038
68011390449293490243683889972580323372614223711102293609713368635045535898492
11927524264049027855901809225732110412725400942086674722803596852663857982303
1093734269961299774658591055230282596362811486454502655268612434684054195966
53279445041231630752396307267353708328225589570376571047587131396518744482756
5957337902481671750567590753327602083358719705734616831485540206073634777437
44793206292430971912719460997242246872843827889900185678766293141817528847560
101678051410922996204211540058316001877993377853334322081386950608086022148838
100081839140079215948208738382207611174860299093529255909400954954119901295701
45323465548181037553914355038157521688333913419058964131927021563362432841017
114995478089385403735247332535393342313892371707159586164833283693973976597096
73764145905505704141439216588813921228005815183631241384518081696988431030662
12133788305156834254569740423997310002830701390901441942473594806950772552864
2896338478022174304060399628263187016536546077090899639713833272699894508863
80366093959937495597328100743200900389218245638188779130502257661220310142648
66275251516370582537027199691100239055891963703607307818890501477541062495511
83522612958399564826772130297634814690763049201046383279890353782978374678081
63629869163807329724148122498104341881304002434743956911833683605253621940348
72635011123537951915147399996090281843994971438441670780733795761018255312596
51965945008549815315533249415087083645777121045226434025636988513511594726801
18649961949858854784835779932432856968683848264476960183354114347301656937118
92058916625100050828943558164142402885544848999263688591229164646048048101730
23857049165159994423724360985155043402215375786748912066243558181183579864441
75347678819232040849053209367836346169396194312501268343280336630502598484445
23055394720593083467827483187760234402893880529202243992520784252406350719823
2507912548686382091400444409842584035501167414163191774296170626728465676465
54033154906416604798497919682419018047339980674861623853092162032137908602124
64847103059249050726395758203811278000642221608476938420323856483438943717773
20044470894791047657759629804197166339969112684646896906903221244205473121806
114563634030816094006888233159359136139109231517799769695365970259706048289738
43330901079158214788126125047754459312807168119967899673661471873018776984581
70093597015632011143445896729484497994549977204129665873585184133168454887924
96047892026023142657820623974643870596058026426134929261896754363012574487562
80035700153277612305154257433279574749805600294164078973538543608255766821219
106488322873808404851964872389066677477905574648821816918800544587889391235171
49239357511752137788316959065998852019883980036661726314612347416319321050587
31036034818249086835772636647507944904035691765529062487011529993244042050034
13151152588365592903858341747937312567658286256240028022927067965555086435611
106253309995764075263115885326353631199834094379721487129382129916644980452392
54609729209475357689800772633260261984911150518368450538621004576730215077520
5135152484640089425963877954986225066018769080714855962262349898170489889595
22170595937120183031435579264010046001537775384364067847164534568399695577688
57599873279245732812658124141336590429545292528437037207757645256992994038143
112656705540435273252824475672016887868542445395007800240377864414965582863543
44660337961740972980579646280589564331397711502020260532156068342404004773174
110779060606914517964833131432649335932954828032539145018543731773135602150082
97449671445886626305199160014476062284659233048016956461683366908755134727623
37597749623660227645431152722052797207243514617823320629139752585045929361666
1386435130952446039910313930142415748806790081085400774168388944372304574264
89794744491364715778001786906820984972176082716145761199523950738877673674146
106993686235386508325411455078881789456454757165142347208551134911321856209741
82647186028381712927942041133992259094847785099216247401961306956021316034996
49184114600011469015056065712383508347730018011352033835407244435392142968328
39417599084501146297255876090325491333448429006773011864846508181007692867855
14042692066589551296607954036034479109848196217499255945309374255005162199900
50393299817062333989684850388520682253412459877909702933317052067847544921610
55565309822742117590058117560766939148252797341911904092985320267369912505450
61847802640439475861823495667877992037100868851556161929472565363100625003041
85583005081667844390845147891992840503660149494690636257927951890810180704743
81666050548907458618019396635172356583225754537178132297448357899215312836084
47939608603036642607723524929652070259336075405019846478106389454330786055736
14833402054104086411836441915338574413588757737634114482138533051782964056518
66214488557063431101618179111897524682836660694064420257925812363120973985843
42797520454576749008310920622028682486953532483539311602183525476695898385754
112953385654777847569938215070282670022366464567190704213835732141988483909791
104453072409579037960082999201368642245303170914968588620001931866219992222158
71703764329590407616975229375159371028728546401286893879476732749000570764637
33262084706154190938550918155798291690909378485774907400722373558703111080598
107541884375092539411605247181689520008197100233159224582779917787799217357890
93760623127303935585699661070991048097412236206806776008057690308012630044791
18840101748990363109776568301794008005118587424798806999934308444602409918703
81624613409418072539802841234135016524526731426962685241276001740143011615480
114712674930782560273351101088185180250732015116431029159231198649776024078128
26275321043222445501400175421359327433623023386636550923912006885722389521740
100924836467659334558193299919174892071944916218257918201949855301204055659706
17416865715953066709108785591832096971951044289776656172362586763416255550491
59425212997333028150959961110525508923346811338838143308971843394127053922448
77553323885503826891908377731312218455016609145686574239401997269372358321413
114265611362478541922816563610174563349195582063738117031638716851857195348789
57667192158936053293658169078150372847993523532788827695774466857575680090930
99037370749687223698795855079588994274395379037827995359732029190812368380138
110531731613514741292214128762351136479546345178473416309722587406055262305199
69322370612664907539364191032716383886754303536344022791276723654308450597940
112852585932232171491367696560193959524933840337148760418933016934363572981303
54510232458372961329541755385295106522712233528404021238984671527693306350475
40149986544294317742743446579812323099778221856739244200072802458998079362559
53925926263730709522779674391706890116640359372723332496753920622696440997010
45898329697049376194095583829759043844280766529067079779085064127026078343152
41214037728931875929187963023362549319567537905992253338547327645873569246127
46975132436020408777294186372085197503068216778326148536987141883464797070658
47677763451914955636171688363721631134037329925232677255394648762499895526019
51702042684823175888664526353759527607288614620797441997695115241534171130183
24460376377946357685433591157164292211924047069122315765886557646927550761690
10127454809886318860540243190904833611795087053380312440364239987595061308441
98975273281316974154880985154469223035866048386279780136850166065856288198880
9353824730466039811833540507981289180379525297247533974985107926937601428548
71330197409298469171257033080577930009288053027864788197404707245921137742587
70496392189492462835480097704433841529927619598744044304383969939370049983131
68209776477233080378192342289485829193568583813420142563042229004281361538962
106062699447526669794570949964885063798275328009819219024628194244242844682802
40214265887785553167086315544125041591196108547566594695847713070742966513609
85532964723026296975451978008827223235465520811186060140240377727436869623746
15161193698539176223107734275833433587211767030296206190547432793381769942034
85281768433136058023572019937911343573263356767625536710232292692528246424947
101235337754841539262614230296542296830607980137668003366959857960870736942232
72148895456824963559594429312324757452963887422761204948892558982457369295476
80996747093895745152425986836266835163149558704509528029532051493032395801269
20215459473503541197117163961994322631291162437367600912736854455787642333792
51027761529910278722907072953855477163400385204961453671721069340220555705391
57720864643502905914550079700266031527761105432500143960231594331621581630078
74237114250380972069203362635942808718103523579457812786253181426027931595022
22391831356676104640425852305774938572769227228752369580570608508575069057810
37826533863270228860444597353852470192697485461655286878758022949159632042326
37779658362858041304439541558029411594592385689941645504859672082105570592662
10763812414980642815645677762573414777489707350645720788422878129163395717853
35920088267395942962390340556603077817443548411070131881281432313965547138483
73134692097032176388481183533800425564502919371387338818625198421917641276357
91045775023552818807328828931287649015111704406955221878937380572787820521245
112696372455022223519196287550965463435315495880841084524677920047499860684032
101934939936435916902236713744419961472616851656326185157550201085317094223600
78835840062552957295479313577356174567483620024665339811695227421999807179622
33522672453875292998197416010452540276117763046348277490344174958246638667308
22977811482042251605591938171730508861707835286401762560653924581274863966636
65733522178619996480150095201367486568557619779623705631301680801000429953573
44873789097917570342821545019830649812723216726841934803533210944928340751424
15096524709598811267053397045494920281978627399713240723312313916059332440263
69075803075325780118188881976809885353728871686375064073454362288661057555856
89806693984968729400485080608498634252715124876983847963043773909568772794803
69673326936276918188807964838272523428591911371057548071853728783591805089081
84554428796607278084727536956823465162711765635317438601570391673107021721202
32962766697280790118255341132913109079418792848576744363687985656861552638266
63143942943904835368543290705244416642953084256788265751142648152537872699462
84482237949821478788017975687109296037859297350605948370337886980401496053104
78540629875752281330687686685793195794796093625126174254102517616411439633093
107288614624196112260954269365249631571659423035902218551062832373926643077953
80286048651091091159331399680510662701439958159610824723537343261696072903458
104195254534620866732959039728638466526238844478441131035265729471799911354981
110690700422500672989872593535528537607942827247935467186848224647880294798636
106629152060724651717714662327465392982676169928876592367887541015972015912435
110617033973341251743939121740535302376706928169772537247861884318713592337108
86144328816022823945126261734510417512900321437027645072762437328939028697616
98883340542531273336619493584007905920729481637988224041780286553917254480316
6666098009417528676741319386221763946375732457597657966333952615445866237595
110120573989017073540673115800647089371244754760298314617899527591154913644135
107854584897058965861841110096972429294525816880483304275715959189414918165354
96332696967779503825687171367411716850605209507193118608968576941595879016218
32862837901417909660791928136964795108787861261108106316227277704774554616648
48559154222319022561547695278616067652493055395057225258572125879074189937686
65612927402257182994373750093766136484637069331896952622935608517638132392278
40134662570045038804573252443473422270972282481193382850370670234186484119871
97364880649804866514908814159256449789828410424806872955537475108817367727710
112641538913585033274852197465817715470836276281762396286058172723693393686211
56369692112158926585274311162575455063750053611395989290608305675619704446740
38459251739217687392372344337975906216400487904588324620642744969201130585579
6802273073160400712463626132332760275994090891019075623785698017914605544906
111168974096559393415204377101008575812150979471316736800769161866758280232757
46260344630207935997381493266665639434983232477240786422171222717225501529769
92468527461599326682530521037806924662066438095401878369003004946809866215383
43158671632732871466847651626834580580963259563029041162357392014267113479144
108612740560156214167679924362186708365266263001016630665484529854499530829534
26210669866294721578678143616062249032939643266717880322734444130711941500644
77237865830059166728198534346693631546230348950939770013258232926171106383415
56798753130062711184960674697343590915974410504992205760175459529925815311597
61445911388239276195779425312995983896085330235870043799265761005627872589263
15086465595606446871997407504139855599968065648181846630109650619822000322068
24644306882073492473653599516483576334520363752501268833785029744686745271791
87962407851337638774535718641480754860439076743705917204243043954683802126799
14056524486853497292592114639557887684447765096777855321495079874670226661143
97477578362752037903646026084527952137243241954334766369615996202142884783728
68639382458434957266481232727148150312090425548273157204943868211478005543069
34387313261285196553454123232059393657746373925754772323690848948992541278848
27373971436863594321879838756566481058655813456562453592403150508064170020186
52384532667566871744921399664084452421689184394760281330323915961104592942289
3945040269670687244682627625285844038764727597572732301119942180665544266894
106177981220777064339832255802651990454659936163443920845272310237740142931499
104614643713129863660080886815773989697985399629055823143082898127065461842111
60333929116068702661155484637844072572571517148730301056391151406722278285493
19586946625537040061595268998914062609199546455928344908081947569361937462239
54942832283817447900571047612102360079091640744207367971077993886710161195879
85820971991282399089063710201855316645916734977279638916593089311682632586171
49282994434040218856334286885183557161760356103300500213641450055650897810308
59575664607114802935570264434817050645175879951679622799788038792599356040251
1346455255822792982504121238530281644665114084062649412036495194513980329058
58039017114267305243472193482373982177296240154304352708583945757711115956554
48359635189557455332824115109544658635262665929580286947682645797619000435826
88968999630842034673103869850193068269490106012594319513063600172358897631779
68774506213021968723083747502230467181028518181800521323443575960595114996088
33337675185638438602352480679190035562903661924462533914877736187415095901273
