99320133079337238585463756491609240538210483280522027091660791227020761636761
110442421459210067443747048879257932751563802983209822713634866731978275109058
31719777113770206695699453671903954546144009261834400942363688603837644367898
13671130283250415591346342739888463132994112137579462171408056428798215638421
2620801480622807792444780400274851807436778786811313199136680125981109504122
7161826074389304096473502538904510531377535119921382911221512396602095898861
110900473169004569637059122634753831970111855057612544465980976768011453810476
25101084324541646952353275481529896905270385392363757481002242893921817914860
74458499350648732285013852905504714061723539365002380451398751876095697783015
108077758849578578549848051378894808280099774507601469771235544065331241030647
44659869462526678533257082968092594897080847840198659444940893509246208163353
25577007254575786182480848906987282199307984431683261732688766953094508589177
100088955646454525441643113459899392764362764626445714330039137799326572473035
61808156216931532334450142479314347882661057007777013495467291198539562109792
83156807968683901713574240384807239876146998593643977353974455732455175744850
36702047446059251868642044419287458405168542282589973069378345587073839010485
49583947280309915224371841745391172430549564070498281088476925979229337383224
81031632003947000265741158333395499104975876119112550136947501623035945853741
75068547907734278432120857335582639797889994960147764837675795705982972406852
114542451025854921903757609272216938897280494955332445174133561424055746856230
43232744024579927486674427529209705876931144293507416760096974764512015514187
100178736429927414430362047431611928424140593767203348635615728153158410363375
5128577713340351068596276795006374534140483963816551760621326482659382410145
102775620333610513867168889213723804397538288483791129161560257331250928508577
17628605104764111043438681138602415179979753804551054585897184300654631048415
19876308950384243209974039354458576307088863769877815830081483389077690549189
27732939232010263294383707026603498020706939255078375587712626477949736096128
80686614101939022364105032538946994003134709941587471718973653812070260657741
61727761414288277889151393200088527844020850039974239199511202611274566844962
40258546868735411051807843064630935401148263571764297272105615569694710923653
13092981888531404327995666966389408770516021183687820513504207068058750953797
99819807209428264030518221568290674748774278612573087679453543094753545347634
111372086194649699238443332356841326770808351035095314714963577770608483845829
40124712210065600799384538315388792956663070475688840256919850461159485547484
20188345416541672801013298555186317220904138077267495915633276729694558896071
86601551782238998253795028619013553965115811620866490199325183757977544429324
45511093843835213512363362147529877988942432367886563600475697959531056611
62363680948750164940261478636884222006461156255754780454480187183309575874900
35734413042439709259891717141160299733892462555821804951143618603941893189672
108381456487179861945809018494465888819608434576949398883434930821785547163352
9042818065053034613843704454466711948197315027623982479678981073250335257630
68888713445494353314713700294652548891612319772093612248241267432638083492800
64194920694113839737595203717663834871234264627478623344887511602308134013359
1538984713655457603070016690503372988705179587787182799554570810942768546269
86973866250937821050166081902737710565334583362081812858164941207850435157226
59998051811064194505946168173696616196442874014339071638209899836533776130347
94895746464487524773791824696915346732962753123639457749999777532943097308912
37823406042429786311333750841431893408074485369248427073776095762514655479197
65094416092794972632688751814619317547891264309743020958080024802168621362091
59639632640883284946036610847323319526514793124146712620778820588022318284116
8145012404287016529943045480621711865073162490673618529959394510911150878114
99885106574828697234516920131254997205344233282739797901171973448177447381024
51182669725820484795432767400139092825310371160122132207720664752806456616102
18340521144934833491610420558872602079440669661354549468252056034011486812044
8769430511682952969854973478138736196005247491678202115386044906245586864185
21324465899406017863178550180645814036682534759718334629521938677932321510688
50471056996743498614329683931717593228772963156286472757575025576792103030781
21777940253129651510822792468136149941724229953256739521837610135654299924849
19394315945566982475222862552287676483378837778453700909119790236516400501122
60929950757870450731062061559793430530909427756320915600292315143247842874580
92995798293040249832812334146986152149709680231557720418039306488373713538978
15310160405546942627915299094941209650724686594010820321922160602335438753633
