68893931513269670555544477219066727861791025618740277702747816969388561903863
24939316222893551598694301605297841581259418184345236598223272891584351668403
1363560534143091381280534603105848277371635821890323886412160535072171788861
23953470659214978984777112586377105061296797951769379876714821893903817082872
91998979295575253256840604896822035883710333966176007942085321144708186721094
28330616490478112888007076999218037055812877781920990350427626214893816488264
100042789066669560883689802000521371206351749131104741735042260551504687995554
34631870812204664230809614003309635508933764705519612476439939972236202123734
92889506172664594578324398016718605340115017082061965855131213585337011956120
29758079806094163375935425892012339269205594978736750549803423005309691053330
60672282950431481245704325092571326902530853547006071481506729192752932660862
6306852130140288233759828799189845900301570794580361117202227623368471285916
4193103180127867677844764637494853353369626070470841428967171343570730446076
14011205760889208595407897184011938946326647171077829067866248139637400367710
85257825775024819935306186135048466342236680645315424486332579760806163652926
34163127220516606826661720976814986370068109555121143889981523324649949990933
109245250369391245518619491305519234961143815078489834931165401346373843078864
34662701576706012414919458119848917366355959030121056428147277885128383309751
62270269824721120817539732797934205212799718484713908392491975104986853220604
21006649693535316514964034323395695757270423082143507165357565907316135132264
22858024124533933071550460295061772067427492882346248501025421540117455727770
68212826839372656509034690078332314847230246207923838862279618562404046628472
40379556112322416330863319729781352971543085996878847254694051992872929278902
66312329490243077123347096073492990793907137343340432753437369249420647676225
98361289307115744692201755855202639213848973275474149136133711825959723924909
58302945565639869616896096322558956664218736016543234125848014958951573246363
38639529454776908947887910239227243409752218604943321604956213050871533178116
94601569196918851972352238042188637129455609352669190845090560803999911045134
84612514309658887346463251139317148714731106685139765204701350698860531296388
74794220112733853140672879366247676349877295322495191552158254633670546613696
48318550658794404551145241281579796144201669272207634778716962344944873643196
102697602406799746495132088901346249312467936097893489005885374229215220959714
40296916615109919743576181932537846605584360567006532024738734539591736586288
38339848366670689762007361527245633307581745419206455643212730991340546786916
105799791327695519126391632383260419748225064257640502771363500847335869123976
63461351474936752197289999912214909897706536157437143919266989748420788833871
109963838905313930971909310123375792101358205938774307780810344800320887841375
94372655014626152725949222020658617197736432896001211352819336056108412225126
46039034530560780478441726432629445390596175426654971507054453205417007837192
86608405109462738801561753049108977321989018180859338388025325276242247212351
66818315684461520294179713252449609511454540788249485464718381403514916044552
4331660165845540293768721453982209950361678537716590581149178564152849190991
47731494831929749029007690663432873134600060765252620411937358351349447670451
99933152195391473154366795318056726980157398398836915062410967367087619401401
63508863985506639807551814547695952885973063001412040478620422616032262030226
97979703716963842200844863087947464978379765216998721736451270319805060796298
101511935057088804543113937232834385331837045888664561853972945498622988272218
88471385269157466542688816560564696087012120010032095133836533250413378585317
55729042009974245692984397427318597266942203325139529622814086660727490314908
95083926658361400311172787129487130101330322272768888095265701846593736887129
76801523296047582795761175785205371325393758257152998980961786283796649234686
22439557349949072867962533933788559528394191484705405442581394195077007576113
108048911432528951592854838033336660274491693823368333384747096748797744264639
91341298627518902677932022384990111893037127304827282415451412114437790059746
82191301194596116454563369807834667291335514234540286357528319448642346279625
82903385443362538317760856594293204622777757006538995531260268788803245651782
107755161696368703041598596998457368056086491675008463756430478030901922970847
56658524841121226760430826017841853056465263615149916302502892899316160511333
98109777071809676188522183392407272295710049925183786834964417055284539193944
17467699869135744304959944510813537686519357002266395723074208814286020092933
13504596768017136400334849709793646404307957308253636633076237747071005186107
89977591559715820800242892962135742055558146770326724923606042159183072571591
32607944109033599373876096437847155272415254472990865472740069030487473575383
37307223428452059936205276412995421287321931142469086454046734892933576631950
31029371054353640792561599238282064971601494772736972046043003507614057766059
66421436507731600788195837091314627322659618475466094045824294837148267859978
54563049421522340019447300009143307001084770649248996632757895713125290645736
60743384340152763260808411566525967920484475162736321195125870734286056940249
39464604160481136431754414162918246962871015069818168558958395439180477479119
99263227665047208924971689241674153160044687296994432566797184858112715851788
11024547292032094716841372214308236645141384224050910366403933325088783838692
51700543859663342175320164787220914908240140780153030770528698271986154174993
15502563928703290614364326600764928849312406605922251169130567071765502925569
38145606559235600310377994529178145439807492390606007475609378041154796783247
28090349310004348868907950333310046547279763568923506087984563104101497418672
97888271327721574977838977499452997100822995984228232784120559390391713441146
107676013493714539895085641238469587290366102697561824199330707454798543626572
20695715182983175203533477848016167074357136450917384287852966084216523722628
21399653823179455539217345221677942692894901906994671435445828592250581098598
41942393097029393192551498236485038920788926414453623228806985965707522847474
91397857443229606597409174782474888816226325456310038617340440024842617916319
33050805579174516648584197337910554514517428896555806238429501956207531435604
73947722507001692723555254670896069326423698183381320641968310580306709702139
44524418879763365599831540910564694035005797206154488018801694968891889957340
83496897453393544542370732016122586623714102483143489632800548367587041577876
46660971743907560364976315697254122010592666386948868057898369664326616783912
81739224934910706879629380377902891587466917817033883170500214174638725622963
37886115926849679650775705049932520574027347997093941149090828635243867277425
22057859533351105670697204379764242037110277549306705712119844921438408459362
74022259521789173276092990880148154555613448137793853320491675851632152083572
32140758225269119533996360292428346115666963839935330100633887848571112923074
51985252863077432656363138886818517815789559622194128338311070067800795116664
108517241517140781152076354237354041235351832511649440367117050400379730332251
72247235487976818613871160906337696781034810043852455665682413170575571804329
192653983329692999007961182141417838349535327024378100182853638350188998122
89458089950244523542403819815486551443621637570823883072611284234509357511001
41215936803411210988004513556531527884821625521643425514040607125234662026635
30635927604337301708506515694649187857587149328797248381596861202623778559273
82775487582643040812480732367505248858324140786308999263120532437862078653181
4105640201936729880797553677549200341197978479142769217032273448077760702654
44640252226547576828958142936463630710626191147936095663440096882989532559377
66203128257666774477261512788833502316387577569097989302711214112586295124381
105737140018430992352326497010601521476324994727337839801218801229514822971948
13813852171885502055776990115639724585229663960014945484506006345490285774122
54191493479767935436932564043241774927045925795643846102370610871379895964869
7779189645630101959698128438599264630940331418899956446301677637393727198771
110652967414610883821989730658725766341124249066514196440320988381577519270175
55388904583449912887166080206411313380632933007094997007714395420867116348907
11002019981617112287040912517138216431354830053434740855486472398133281985843
35633005069278871513657299071712049234944795021126731835868059232070728854920
19347982144206131296392910639356122121086475074270101928948895872349437514448
64993999774141123421510824739656674015080346825649079227795167551065685954975
71777812299350400827252404975139578383430418445226825329325518588719651751417
29993078260400105456823874782852006941044020389318056463079499474290154254456
66705008900227598136735260139528938619379195455622508074732235075872753281162
108594070044031251633952281968015281062240788006778843948242326039572400629825
10520221151076340513647775211098722578480716050801065496115944266341935725116
55937510513317210468423066641599254479497479847647611570341570208245596191358
9923322156826760735965162140546224639843479767067433786115815773857639753053
93808548532379778889916824622993368503293616013752731133705606357168481858447
114731023637509222177496675051106698375757281521043386291387285761477200935177
92041928688106456126280213352712156430474294704830652207451209908662601962725
77676933948298967971328393571719734545934623899682932634241467638856233073288
107185071196754288153262290523004013437898345123356334600416030555969815768933
42818305827357507908856486933224848434092978850815824827320165439121397981877
17085476893399395312187704146525877516993993664859783765121209540908781343243
47047285039292033311602647340872800075210687242265565638309555404467433998000
56789881989424315470852987666716983122852329510138743672013638897508312242211
69057086757128505182755600677844644284908505345358137422491097685532720596502
101012892797253308305732943394041983098542778921380576608722512479024752746053
47199595698635337442153039172071354967972876187571773704654390376547618628937
97450039618008331672033880602288293079630306368587873249034180754744262640174
111372864957562268845867976501986779573873050542205201018101388038987975261162
49701103428013310636621555242046243615895535151323044186485784544405010630247
67381458650361531412630858094805413624857745332789524469974732555666143607944
52715194026734011728397692223392432521234774617810200150205055730089217047955
62549126200343480636063576155279839197133610480764518001116351836196412479638
38102584486182717246930023914068020460022027988467474032864858645552825262556
114060937059915861946273697629367976160059665822466330790727767245319041716723
51501354302959427622373076719378233360371611573741209691496310807477737784542
100790753559467311265792654704000786809430347402689320320693890112685671583803
39488238547973347221234663485352694188406838721680231648158526953413241322379
101276819559422837930372298028551765036079957253162454978344395848025446402999
37625554665884272807773911815572569455207109458072668788589615345560708602286
48067085052395149398756970383421686964561894462434603663320977632963783273162
102902765514654616152485610365489172054762052082588407019730419410321371121573
140311655970992390152274788237721745266348044879830433596330102256387373191
12386739972690235356412268309533197116854807916214630081228239500647436574303
9839731646662677304658290302029410826078443036239040368686154903265547276094
104180036228194065089561477732671947894557778500519834509921126890676553610511
21242815491691937969464061453162698974797742980798480955663727128550708810741
28956601591746401013556149345242668462068884307722012359118321864042690873954
93798779685835869862003823304641112380750802219931357917083179502999557443109
103861680116667489227475123461052282899762518898559520412777549243721774870785
102192257291075399356382511396382531475016488460600955138760667464590600850923
70299701371101183359015993316838350969192291297524436159643884850268051135203
28627661428564612353690301754881157195476510498241853867118430552104744774203
31459477513878069319046069406107391797997119944702330400711302884166378810754
96634555326843149099537645532118777859933586269801767134665297827375790031698
34927870190890058581324350026136902349266654328649848917444070297072613815195
23086025512797115197211207200260950115689596508049396153178302158851415186718
62498623939983717426126855520187333644591799911194561162014225709896846085922
97452927428943673918195778475989198693557364129429541212403413889516562027544
62404592365096015051113581141335156196259755978566654366491572965593546902585
45477465390002818146172452974004841909752442906119333631085358229964066872768
36136771471429768913127863912267589373198467175791056356790581972115715993931
30486630159086311276158287047040381963861588776889171002884524135510138808467
61626864632032633788061317023111605060355024617492020781697680206642034825862
60411285088840528656733644323418358794699624792899098827973623168907490659383
89633089388850974385674105109657998827581161774482669970177576942436217533542
27327940248523912520171472708528895556261014458059225044187605952798917944752
63148042201122611697329051795226349786011971468605973358752949497111236441466
88230330741975482991012066528151022257737855918987956782943332159504387149448
7924934308093123222795415100732288664545374594386240831975995833716109158714
2364158532885546884626406468910408826773264120816540267622037601973070438167
33430233377807193888718893033698459897633009610207453824515060416146776473601
20187638672878916390465567603397049969752005221074662040054324156658382297378
27456090622031643744108742654627703121044797126718372991832119565413409692996
225926911093410997714611919749951037629884119772926144588207708394240599308
48317192118414546580886677213986125550892596417840727495317477551202553220321
61745120129208117871045888937574843447236920563252170327620695079036031623966
50073993539245212156985010721037579526868952366547169519233017748214848215908
13983917843446327143258695742923021696977710756601130984647362359626218415809
4153028509819087884578616350577238438277814456892773054870067894196580044476
28245800582601910604073983194274483385323927405921441175294182904958783476288
76637034423608326926851546767708784628992766758405591648469098733891643139030
30933916543285755602367682736321597810129548922211155656271964852176961992085
86441749348528919073769023605172827597042710021739849413666138777704795687960
62420751229942406433690632918413954936944866302111875113267113881885219722283
37951535817235616660517616809260736663680319350969867621344528866264285847092
56348410397070636360340796883935226534238105706654120053827413647224559588445
88481016568614978647590216614510906235617341228229399154418987314061046238242
112249223299719226016138032133977195756194272223394926049258697358315968969883
26914141320648406729277497717840814071924298328162604073316376177939875435612
114923913241755504268086380095872568879197892131354530103498683744828097107228
1587568426465407534337917399024129191710147833037243213056568003693605533691
73585690596310786147636904798127223958154656355810511823423726022115665075812
8948446030264662921106624090834782692411200775319889791337780560095643878298
57079486585314364079173924349035614275375395327956967584645239777425824844273
46542060267843253555460241110949824256097522300876542024078436838518737676185
112172330346394077747326525522042460507839879362994439559881258981376548174650
66418321611117754947559401524086981310454846954697912323389644902369486223716
96905207217486164400883369572764374979323217643899805818028863543399585887056
8550172285449265915117277352624897409086426029170322977803501071985178930249
36015931904654568682683049563722233166960861428737369011658656099463575179456
90054535337306324017809678310913241077130977060653059609396915705661740519115
98042666486526125903234724831348840467519701553027435932371184438974223899978
83769260135070064523129807926717007561680249942584463173456653909670170143614
68208482228842684226874948419859837092361583205021974679428987789106996401253
83143202367678376812024806404910417117520953060118344738124016727883545937949
29467432695228389730729600195292758024477044992344045767410761061000388306186
50040513879764630582505049375409164490161123930566834376805158633276171515182
2649713267426424725828398743421579200760693146547285417227969317390649357611
34639432716401194247332797464477497446543389939144428337343290762150646811586
1511362975977289902034973627278870502230169754840227947256766186727955386663
87376893682723251483829325959851283685063702238914568954467444816061904225760
7436978568422660196199388283804187301718336610772619988562321230446011851477
14148678127865721811711866320116059594766451442218895330133468918093782339148
89858544331157508643327162911506233599605659657768883824014717943995868691740
80144962955357955188703078022700452690539347349971447227690675957269529906057
22166344225911318949991440693737527126460075412632967232431500866987760099644
90725696551607288639431462889205632558813292436094698915333746772523674277511
113722190903298993798535747299133544446676608415980044916645961608052118554127
113092402191042291372602586553883799386531109513715194328738216100091097402599
115699395431742310174940291030083959689311404463473535030196894765337455961501
115111717755596772604118000095765922787326662910821765249204967951239907687685
81817416076140477618272624131508141431154814125370371350151159507791521538391
24967014885907360922696237444100274502355296028051477078444541181953338061496
66250091267570472288419117043607081659345643934666858823412652110804836830513
74727133319770295463881783042329039837634055537891426209822154114284851808893
111153773048954851569998914832120181584083099396512990158707940434768965303276
53777325505257968896934264633479764494456119985335230641166154572970373114257
20631494653697448538429399061739609376947787567434968246958198807698804126381
113297097335869763479992113484551824410605319545172270474046143120574330869876
100293665542652892291790090958597074685912082632903207978743608842301133342452
27503525881394380423651294150363496275435198622712335818877321569057567368263
39922447595296485981550050831460300849905245066470934520430443890782367224807
97623198702868295720048518918743526359077562371064457205276028761564951832901
44361136790500782833333952469951638971135612618841554128044863479039398965253
30648048739013969814313348919954407878761141414332686682219283422014663410100
85447036121508192469262227409397629860507824289819333911179376312723391293918
10312608220882326429530469108024650123047467033497416820023434925993912141798
20357993578697500213217251467068554031568793820017790636737732686722859005880
57109781717738225767880315451509752123866248187424549089863579516584323339831
114175934370332428460785644109857565690761856327260296763635692589936921844388
40805398539224237206837415731755092807903798719577986952357324851691423862952
3883469458869347723636688385018983201921267152496381365437416397843226725782
57559345656298210135181278785178982346457887791626405275656613088937665622045
101823427148267033746014494651440788709827437872867212936480381692368878977779
65937986247147226211062916945709167243345567778771076785414548524966978454305
25578084418140103542166250128516323199119653264375921804398942346480783854982
10429301835270161137008514814030708526519407027342255893698562910945221245828
46543008588090384493566588730857529709281513815626671979780825968673363505905
86961300080751219385235760952681698401282913297496859187039993908118753212660
67452663379459813225303718891578417361771328905310632540958045602074715718824
39973620170144897578288197646202178746690761481890589523855950389124193579600
28150653963377703739754856093776850213272171250761783844835203499961461819907
80363995842326869611683064948801932779330688869602959712205416609196047745879
76595184796687624542222564480779188813203018612754410395849836753005088887699
49223774439013615727148532346618070442379260160187322178609286208192743255971
12103951947492614728484583979261640415304525989145574556536235043849963906866
89922041678324950200631423733522572262081256359812197294990596196106755728992
17293438751666793575479754174630381705519095450497663037270579186335212644326
111672419226133200254087428596805623350300056903767441129344201229848212551195
100598679894254120258178650110492530522972267793036175095914439190201550269839
63165808073854875822392474076682821319652849220257224341207840776119251209560
49428233768711247669535153098032044050545797633235213831131733296259054166281
75567100433353871466274120129962472007962470399576936014739869523185670906988
65820203084119471114733624570052849590307116709254181855859100370754820512377
3292459248825116270066176030070938180684285822188042065817836193359343101792
8683370657798892029170861088964004310525444805513829310412398161616653972717
99918302422171958714388262482528450656915971631405202320778345901176589136851
54310688183320297896105687862369472053232535553944767559741819353291494934183
17110705076002523011301584054231922768348785618085561834168743406889406756180
49836182106361219710861288474457434857168579772456275347586680086669710845172
34007798168777142551553552229277395168160231096525058971742672817554404484311
7309226574145826393011296541807231673990279018514373646677289887116702126366
105868594183049369736530177133588129977892633547290101404497831402236221859422
32670484609042162212804920284046185764363505478442139106742103344469176523495
80525076500294992735335397741600660504984447163652692506462358876143262731206
52235613086960348132085069692276630218920509574701172061970360613681255927473
49244633822054667718323932236147260890740798305418932959147347474733632039229
42751872748575909489331250986770995160943397361540246889240033499290372470404
74993657878077918011061230096515245097334607238065163382747173558086892004420
85879881154295102457324502615739415456145990443250460461102915488185852150473
112091348452458374750964136221981413938310740591603973025589571158413749916162
73515853265984447436003374408595528348954863039639217314142914310448471194126
14279447603678076854631447780094875134635042347559906270364818064682938743483
103548842712795440222246027038511251670786657151306907409594545801791824306689
89455557921597493860949280477130065260133691150783435294621021771722912133513
17243708672917189492477588222493711660068346883126880955484814277447597201016
114196045567638472776327242607798083276319901059469625254621774002028895505547
95533295502626730877966304190299923957587887619485966529629203391087447873576
4899739957218689800341853857692040092335298689348712715289252541377313498823
32163349969885415568124494168964748877331897417041157358771720430722407906639
16902287634317996072151592570464618913029115140728825766290216478348150516526
93217841351308876361404025935848413294387689774304248910485137696469566765555
92267153852320074648992703719286796007051407843680999523429117830230492743288
21190866299378520981952958576257400902500986794956302802704700514342313351090
106118507730395202781266895793170512749908538661903928088070919999949968060710
15440425192499804820720313678747963332390410866983150479535762344302187882121
108289568546545903376423106374565200931918857192783532596750001865552913638365
37371268569095259053285460896568218070391588236294506972958450537273415388766
95965573238088298774836662296457169027052124757811962447019340124748090936573
105802207248607246237396021246334601848807468401040442396896591260139689612189
111555507699024822507001032113876546133702029498749419362137212158201771522611
42432038206406910288286010223577623897403963283156353046079749515918942379079
46791280209133253043397864563713090293337141207999090685483358513617250405383
75806532360776151766574859648982772081025507295193692923395584323196661933367
26972507331222816811940034215416771501222142050420831992994321901179347469708
57636986040194590222755247902850649234681250123232165502948130370094963006746
54043313502911750510752233768633392637702247229401950867319064890077889075632
20697035519840848992707575119907492620659040806743050752490879092224457854246
9468666399229196019674637017698552697621498360370285396982520273864436258194
25414057316153039620625671462374912306312734199471275327158905613488388857990
581669656536493525086717840034674657437226715253854934867351519038315980579
94650186967303875143713879675004482363282619907253052396906913280158527781212
88171249493346846343790667467228166668387291761247598387887009769126114862761
18208574841295181960070106092184236077443051971797363047784787221055690202644
102588618486766284823254486456102947201042565563932930427756645234705266173180
80615763869792172169200564743457919690574594949471788610926180193780330818774
41443481306917982273625662790267076645933295454946536666584752030350544056274
42563455520551042238382423920764505194027793063972618596602214321923377024052
62187606679319830081846225862785070885060653119406284274728616821195024429869
277280126260370445800250496734865432665640131734259928117875640051277890805
87967533094704450062179296461704262607344687036250259178565647754826976414650
4747315430950864331716857729000408528433172475889541123171107113093551447505
95254205422459261656031542092913671518823224571489105645406652683281740539962
104020576853629514151552503670733396519373714991528859731695022869242225409470
30603160257880872211282583556614624223353219849175168862119758885849947167523
79337139575196357920334121782261084677435834617131878520099850622076882849359
54301711837814191928077918297774859190982961362103406723102134589084836762632
15382340025238454401446708133485983574135750653436295199122066063073436173445
62048509325394584996982073966373701352866733523156308395393632129485648304870
15697070965625200042123951435035410532256618132668618661391106084585221187432
99844761820605707756940604509891806993944248425070213482202273349625042704388
39330890258285315205403699672574719326427818996159843076818708252708841041733
20703596035002796228793455871717413908343510186061939209507859250058331201308
18064739275438885882307097378646383192671696614316850636268266237147107618741
23912358563585660319126157228964815220746685532296551911788634325980296953764
46301768345362181668426474599353257537965744169156689671458656041365853367983
115189781486580211027825146973725273171665298298971507417765473824682579015511
16863371475226158614354149832651019589586789251558532513600839202721537655356
92300080673930564428237954034157721806419032340946054340692710678070036843480
86175732660036079136509915503978292576476971402401355975931224821749673854650
98342438219414538530396236695170850604608823496880026551458059011121836032164
90504571890377118331762083508196751100417619179887718886162736856371179884177
44108241794530458845227100739140835876938994192767886198846857449479170663946
73125707301994387238540904931014332094962527904773626378247420337036673531657
744436388679434510173701168212332785682398369014662705159735040400659709849
69739075770360940686053428633560836365272759433581284626406443241779067408410
102145584060211664853990470712617148819319079422729908520670073859878243098869
67008522409994428070079756982026053997204617232843697871582509072198843519657
40687771032987334122839896661861794259867851525941571236654301917732753859072
21098038936779255536343419277602052926573714282160725133497133199141282620913
100954913762718602784200833100420247999212894041779602640426962144839773874847
115260092883563389312764604083153755249233005365866956518826165612348054292116
82310397651497697685140602838534104937863943406008830572346224739506211470299
13172081625634860249611589031126634847407103393826738084668634056907091260280
17447054916951944020756967254417518133271337575160200261192830863699845822378
65884725307216041803184203230514463812867116818003262678475610674729839993847
18650489157336125045249447570689345516794726095540803280912010377561117065456
46199403964224948725119957177236040193212063088210947103373663681937592280017
63504082574449419732078032591636582742393357548927340503527376716887424343765
106307522384181773152632054135520042823213299641884527035381141288993966766208
21115315011099711110793468213753005752078647366272760316329966894064765972593
110253920814249978656675588556023963615932735661968540823864477310818769126628
75932933211861755430804635893295336830377951284245593501094094473013800996250
6756245867870565782752730780232123767000938751481424181935552575539726798197
32359973054791526193384497418731222286872457711848924607522147742492706860410
69597958885937563391758768244016405624010302739792350728337709411430723352336
63530495445447627942417026784477962941867520343263311751657314907546244011573
20723438478733685666246912464271226609670022648398965754473619314706297251390
114409789371706428374324876485441825213999915884593768235265937639955061383809
80273112199832320428022423780866888712314537592165941699792488569300548159482
59686779624667525110179209748438151648808108186775155429183883101769798494423
115231995406526718353312174618892150368249168153883447616566248439066773508410
38404665465873447057858478910202267815765755847788251464221222585220789000957
62427977726795117116753058539175006685120769896542435994106307465007522788341
72486597388645789782947399091051464923775614913400840356062128608074738594936
1291746833359517165518770090243473864619279599300059296626512224890356712736
85010375429648166349836698419762603624802887092861169677800410623892928000030
651230140779682348769524834966920402351148156286959901117189991209810311887
81976536958545068085917419259427206128825327821525333078056036878012372481600
92633607547116318446721412995797888971341824092910412626777254293373473287123
41008892777443079890550594855109718380702955618613473639047168885071987577822
4953897919780120025618584232049139303662940529433170198049834693133857412
15612614572112951869598066582906513802160937152245050324832017905253230533200
46639410959640010309836519547613999455321676688761508815537680481596067467142
91437378535010730381939223016976954988955879067791403686967295657829482858098
60024303546154569403562148358227253055812455719400196109239993534168933749864
68321907051248484420655855772547545893491667012420527457229465432567424092414
81368925766126898093978195124311462589656577558468377123472165692527355704294
52644364902593305511353691982824022642732047972911624565192454692176180451753
106788991339354613767846689011589124880938755400624644902465778459980016620459
45992149127769277259195620692852150389249394188599196302206757913585256483459
73300572346446197164833312318577221997314205413433405062000345134743078926297
107644897718054384144900695798122199788823295478175475126044926433107846755174
9287367881264855522040927210736196793307038797988834691225486658763469122739
27520780683130469716165458527626102423498235699765352709112307522513542895215
21024016739479305197441386590848127688627328108708745831331217470422834692589
14338663200973153153047558608336711819989928158127083994942680392934319495948
