106257546047624790164551607028274141511926219868568701008104028239668992616008
16139001819744281675954830989452352660426258825678462337379949367072257992378
51998757073190734519810102563045947477378337554826225234664409162762772539722
68915926756771990559098620661996046698951943620210963847398813941788556322710
99933207714615339215266869930236263814187333068700416374147547420377927287999
89260919783029611865018110227401835783233469987613412129191066230059817261712
82863751319500660234932618481014922151497162234077053788437887720346840461096
8488790588117294955063012124170490428363116980739403924325061854550152152326
90574455769468254750844023069489801108968588392073194161660332115307278148336
15976971867153412858229715472774564327054556240353844362992036569562616738656
30905381073930218393555626274103633704603342260794352753790266565788759593965
30396949523393442480836151585356213357129818461737820499067653872741728470921
34040497384145109398195957968488401496466129249600850976315341277281241869166
71999703689276987822004114974290732936339400395897705288358504097405588002858
38372472392369456526291758832333820462097818824700525639054936971481909575928
51232065699778936728572744833874397233384523808610582455430118942322402270067
1259731816640711400755564445477558969622006440358106874519058239513195608253
40262182212670468595351917243416427900577989393503937874462444516005838658612
21504076144412571198011072729357261995080702233278439195246302935225607119036
66100608086451149337681577794400953370379829375691021946818076136754997529598
4511798012426215729989306962648968964404659871079572702086004922310467129962
14387043788686574668752725206679177936579643088429967255143522220101104950685
16301693134745949253106835148609830403960936759813959331544969841231773991975
50079390381078093585255064376697633708406128736898902346290550020446858942122
15767349880002504749063808917638099295710673442071722954204943403656721303637
106584297662839041003639890792913388791357315813407794621697384614565263914203
10633438217503162828554304099552454073617952236197209892678550310442601429789
95028580720663859899934166741525855087479357483084199503113717886692003762938
37513748997343651724244554811786565335032181122253424419610582930748942481847
109591760138845604531516285211231858492542127961824255409012964160618354402211
19587176014229185814140782226317863562797838361500294059256977663531975817641
75054145701321497635071698707889526798472804091779157326808916861525172948299
29952566239350098185035387598710971854438322011932597162068259842980295202852
37694168557439682469230987013569977026083399187463776847249433444909720591444
55305627201095999535434195635679082628944691367110469658846171346570072112429
110713858943317165097166593972577108748393265189517175667399989487848657205207
11817776115462524511312151906271593473525239371954964317694089806341764663435
77544437617316450833287633766103744417940087502385103738319396336708642945137
50910875372431527867274511480102898570915019016296234524327538172815303946833
34821451751901044602760708525247267811472288017256815207526704666109430984320
28307499121448991823219905380651253860831790300096744496188230068316365514342
85691057633346333563495247947013502959164749309314122503962610162784633605573
114890878532144653179242994388295172135956393047636862131403125488807034151212
111776063375081842357961851185091420651729364943213924831646237833408498731409
100346179666120099496640840117835098391710441397093426034173253908874873576011
115196954362168257270976066580767150089190872269786912952462096921630949079191
93471853421036877633458906572209163254625267931945685358887842581819755230386
24762691627562581693455202448414977781206070329631502244936477290496426479722
50757336771376297334995738839509072694593916335219335012896354081720061672803
47997101114808660818592221011383557449731784523200681054316699571020066978214
28181821870481879853874589874425072361371845441335281340780038528933845439526
110227167161037490257283417096122682506610640542072597353914570808983502296474
112574096636817087383106044039345631677572889505519373248234573664339009102559
24384521466512199800240305014702023783880965557330133755732064409955329713448
81724600348776177206987753644971245139062922164825445149553942787956889082168
60370454346422664298942097292753179880568690139247523650330016666298725205598
114126637433547567163584860305249414822936648377670837131559247053044423906601
32459888654875603477344968969499494312820627564662756433542906951742924314785
30813738365216054604065473328999336076018918218915005377777652928362970165526
64882635403279529833661800436994213503083513385941722246761143802855141012759
45102828956688199654905153902072391789896270857832095982615093624839721703698
73800811577053566433295949267069963873966672686473311194247525919179467475090
