47720734342245289636111297012249022537361775880895141040415359951070099321166
904392817501332250833897895404094083404774285137802193519999458237108780633
10165470907170401465664621024099759880590621478431166382191764364222115334840
92405122189428038265898356188049894775698344581580778465567921827839935356326
5919271863402398690933328684536255468768634287892297485118994854256429304697
96068524796134869042813558598424869272033371822454826030752793313419917973581
7245703312377676971332286562126460401113602604412393962254702379634044047094
45009326279784169821751599471382897969357734583856884836133343078417278423273
115772922626175560165226396660961247984939492108626483981769994230254464428529
91503152920099294346642540939893629722304549304980977552864031992731005074113
38791777065018772044907807166487493900207773104530995580452188233507482831093
88598047758697529104162556884681964522935704813754920665345703816850865414735
22973314370665007182900216680472119333748897924052034686839105447177948884156
20863932937491759203090335963849834189115716219532289121911533427457671916121
83463159336054389461022852695453979952823858007141851861462025473817261923481
28724485265151208002705245458666478311335269800100363545177919743612416058817
7995325730582275648961762963639749431777540549783704454406609640846694868071
115510992054141029625407214908005404112739931756820101182633548100816210405840
20483824453567292789048414857549199396523759929056895570952207375017600033451
53926923616843853739776770944274895045259416975056051468629237485183598197698
28353844352352853880215108677338034147092707445599041417866472162772241155546
55157348135190917859624039828968913495603955150333390025554971928045727948667
