110741347337471995560578627463225879988792351725621792097355322742509827017470
93995059593721148975288988497185228446981405878733344578669830824334438422895
8256227968112474853115175333210534680090431212967765894454924986693095184505
5318756214404048531136374570517258537198438513773134914465331240736066774316
56154748723883818116420274055838678703521676239157369411384333351164572104577
79230314254681840735830423434932631236046172603414832905847102173421729837724
78887801496818519941812585986226705271324740708344304707732462970936285484245
8248100175562832794133858655006023178282564904863699427063286224399703212954
80573209525793259455628937296425701130812701932848379487892467704741566940032
34926161120190025410104276997854304028061305551817531951182279523373372583845
84297676797853857118062045001843849975916167107809107228097040413317512518485
89081563867349297344421204219199568189257715677719657788441591502589425599623
57701978945590880149722198028947543852171616305328973014051168315425507856992
51934671413899272002571348101474405613045143937912567897468804007310180782806
74696419090825373904376781590430765761690589676962527278806396617382386255777
47866746117368162749281267947739749110100228412287794951377352005612649621198
20921855632454907661718690290746159286934017199971322060501756118899326692028
9213969310988798359306438197775206702209470076312941841980021314314609019959
11096849703765682765481890144509543372256218641638815096867727047636714450152
60729004626839811172764975134165734548915877286350182782637679808857981292726
34471699023684219155070669921428913166419307937011613948691744938642075364075
51115407753085241865584856346906790796164828148855660889018891697505717421141
