108078819916314693886812441156115354609989836912393631551676976233067740321397
6194102680149696688336251506098760228486058654028623953238582319870239497520
103562145719929040973541678179843790109708167420994184995549753709729364594601
107431772901456208803347176956223502190823750511972581615449109450057549584844
64360718297465553772853727286133451502638928232216641750486632448371037457078
9736428793864710223451037536875992096137556389178852913326561241207418014879
33587182569037635454549367048463965322219633130090621723218593343306198893543
112863657446585564549297398797974987799816235772762059270293846239901465714926
55539895860595314608925936141537547806356809341692004615951582147737409799377
62019655044300902932270615761251844229345620893275809548761833142776452228471
112078639313160617006269128060889135360980692360811297040027795422542810138013
11701786891633031020015643013833411301803526206495076950594641837967245173365
3514930635281672571722736418037727278852366272085716263091075704987436789579
68942067805085090680646394931180762213759449010739903684423630107740868718473
9325587509303432377999236596993538850922097653342755935125577420389863945997
36645363238318955873325446343868295030819462929525655722485056706261351375769
90110370559915160460373607508205131578058809340482835086941547629270645526478
18002633747369191686132633445277783802817510611067715460955521733272974386483
10732877114708719608700952585560963723903232574059331882040560627170985492127
95393783801963013577984236379649703879355571771947258258187569444689216254338
95637893353858986832339871210107004779045497412555356190163665151729242402500
83035124678000772869358633886076614451473661541938116677349033944369490827628
58494669617996913332760232507223269222146961083696052337344617973768535279640
97521184209921081775450666577698741579853188621292512129477992725899782489103
85792017005597183140773630170268580140777407852586631294738841957284768408405
66722050896186393201106871544475077790339770897946069459878926885204308003898
44579241370812496844714800864246119582445585700626522453121996701009052256347
34202885612510803166486674069610342471062253695615863396940622057887077595114
10696491285816845363590522905998287018808900226522360574686152409319249307971
55200245026866898365605707800853833311618749683614693527545326800339075084017
94344862288048373601568258502242669922127184418951704086041197785856933783502
43725707117677628318469375726803686124759158376918486618324120201022519891411
90368736109214279487160434481451106108612777482990637927677125791690326837171
82558099484239435857512944099869582994389358094705183809026276597220486584729
3647743781953617608251175973670743809224148637057236299448154349358901718876
13957377761879893811410756283866732150060242013462992245421495639876874412505
85988760153924131557731523571705229613860432051752722470427677487532315969010
76378172295563981880377175250398715348346762380029927355472859374580883630646
85609610197979072358510473262688452755154542703667319911762804693001876451129
31047425050403950140350285229056819317150100392002581566007183562125854103495
115168186920707463822315802225810046424529948550910837700328792153859869035146
98402099295404092143479321785350022690249032809334724283675431835549375354023
110844436785871924203683072040849154256247091506394746359705981291526656772197
29265851788408136937414934849597308648900685714356786479630000775751905846238
80830671874709168441572371420061492370908197227399865300739678332650815304399
112914907436814942925139576407450217242663348814891095885592023441180194603677
72406035163850710106338200609479362972317485143049929322810493852803092114745
82770401218467541621480366709720067287442494077309848913615997462053711366284
62145194293208995943512767590007122347688516415464691169401140619444511836478
15120126050919512197355452989001588227092804331357508590410324684310154391283
59936767650111749473727427803639654305897214474540752802991173226885348461491
105129781280157717548962446530964472601787438580378112511919800383241387484847
9140551037914420111632630788133212042909978760836715130871640299643658356908
16426532244706817709242967268198073000545656262750230552743395783033237440936
667392493773504185402064998252319849147248786937000266522185688447421226012
88766752778846703944685117120132296413812776620710687959764839228829070738605
57271987452256783982955245226423822851176727129854691168662907669162789885947
113835551190141515891828889440420860587727915856011014399965632741692835517775
44273096540001204514542049724586227448727668235096734154480774784570631271711
94277297241706884872555075437265991050255181050012669693193877392420946702864
1945844453754527653479389074383132791884630386417171890748565910384379578552
79134082599940325821564301727898221465127391010492372124656564148100556024706
