36889425512574232797629101064017485340371280202780699715435839066497827598708
94436465025744366514826379980049763812681191314362664508854463564222713294037
68957265059276962892071516991409917413663430496287968294536961905956766280282
72555495757438317646977086656336996200143351637246664569308241005175203457356
114630259173091416734151717900061993675583636613474766515499426083431242578443
78975806044851967169958653863643476562802025726491227670265193562354393573310
36702389075228294308559133130827545373730648458203476884838387023234073552998
21227892406001428213431598072522551924499912382859527441716468430815688309271
102735132738371697243413841153736075135883623759633015026250170845107414597639
65735491969313974624362849810680970683014528587535826862677203675682619516421
5447902778916592702936079113118556027374975325209547755265299075881707906059
297773920593746910967859146789928845784840605495677627383264558849770594943
105022041956047087617828319710420588913675632124224785649982054069211132952400
86274713058477933237735657907944839391431123136655705728511605047870140578300
12923570011384628311220656182113392409795857315112865833720556547079891533059
78908244806511129201954384196598806326871774947294446193895226083239066124706
24301752793620744561001184387703952293327802879192393240770556737626103046968
72132395161287485281620915293113454816819927988919980296527801334250218014929
49715127476804909369348742855433335585708592516139772499793388262426222720498
92007300521637712090583767642346177590456305340839879904719156146754701693962
10545324696253663792398393484602353814196005300233359251448670912617250123722
114037312669385970822980480232914567512482223136374475011453850574704255557843
57548486714048810687528472264168970614133618970491951902023611493681418104195
51362871173261633411435963250880936305662960035147500732506842218756552504289
40140105703002052210039521637591928189490760443955400352112743933934085892467
111502700150385660394677485613206569350957496734608364475789798368004853010112
65529827129791788274565267414887266948821704113920516455598575760851365058551
39623894850600841316281105672547359719627617838876866265257641219367855155929
41612493853787106140479689852578074112451825167874092217835603451740049550011
69568536351245023325784985979449834605403387260228142340018182821211726983933
60984275706519798965167825433488980758382409437792330181127404368812843013768
96566586520096087445374188089557110902493454840246056434812320044603464044011
377630656924616781935474214208510905260660895805756702427635491902911464725
70976965509620026624524210829174115505213018929639439002068595003589754592597
78547477895911754503040138376320141837090022887573687973448983595342282860705
35230523302766801296425993779603683917514938344421545876086713904647393921962
40187399967471698930781221694881463103994688251186611312008303697504753110127
43136582353612978466157751590338561639905969718918951264602045856551045227086
71339830515198626801286921534914396155310732301750365665168101042754314858890
59565106530864566077814041481574728838972075363966737816940147689736317897055
86921689356291604498834464905039035193502120428605592741033878151475569463786
20675877579038443847384791164956366514266484530464641488229285738528989641846
85355473638720922869166209896232435296864393410221305165437451482650969853619
14788264307211758005279715626609948684370330280623404435937868422443317837927
30799872524846527016233059667467489816567942148290709422636159486380054280805
16150465968058998180991906028562584786655808961037171742875147789249023499750
54579908944294957757220761665792325848436116124218814788963617781761602471388
47115195007705599933928645856096643406741777436025678589914142492425266686881
43867177828557759283238844537103536084911817542266841461496437533047522703470
95200725112613756736718416468804216601196185010630401133340601384908837194295
10000642105030739304223146183634697505238807917835910244240910224041841855856
26460908397514942569966986251728072792257451259087864548607983983594367593208
1543342618622237494681788895249567842911073709212475930542349910568988341329
9411175219085147151363195594079364596378014927085276188701256837263440553071
67901543777020651889667594673039743485817898583540127105622971574615332600292
88795168381464197365441194953802483436793275852326020682222859272141113977400
30098473357526872837837844298242362231643388301027399650985135867937025024521
68756900419756913438025515085090729388880484231348438569516365336607139069987
5135986620866482991080823995684343269591636633036682854650739812126383675860
49611437476600460128096908675773949209065494940416227983030606956407472731158
100940524341059311310743523719050286507666813382176190175097902191073546588328
55478235455657087876407987915419353484122533570594554788440689900787559443615
