33028564468290875212974525972831346095441350049560702498204448526465806497321
66023723766875909897393767562708379504317575835901569305871563524314445095126
50598396579821996953865689602207318447603021024746801624804898164632906709405
40566040337573693458882314544874130643652927079168191708629401716595454540868
59659754863402812967562927432063881711609884742506092578297981439544973905230
109632384465629714165619344384388216153571552622516828152888225099974567794292
89119913956943424690339848073323307459199918577744437015894562603264189346596
20573647587550153392377062166364001588119349626066950859708335641808966915744
70185051157720213336353641542174060725350543989926175501416708071494436786974
24922541066189981489069664311360257620383130971819048049661642206983041539867
21415933512888780627138809616633266978384786051932532959403009632953736941187
40174326049581558922945496306123572098860044006330161496142509851347696671767
20702716274657828829989033074788508080009741662677054140807456518813324428419
92207016154562760797720403083493605332334025328669595355388412366273114830683
99373094815696048698123654529817699462589449386111255042542737018778227334258
99452106744690754435738436017343810834879741880169582061170429754426341997179
2542285739530361703528130514454018166199438417003744325763604942279236423772
626704810645271958557127791731430510997019134236915749106013966402306973819
71898840490614129368912976088918951764145550852945510625561602201934970189485
70229157167179573092680239757827860253339181381170013185616330618953657558150
44635124033328719495154184822886302794894426669101645802477737903347078444117
69440830927248449358626324820549011618071200484174575647113253044913731773698
7927880979552164492196497681166347041703263391519190203804691622134160585662
31957768051883102006838341240821852571962751637286217459684393754910529400959
16173467329017930570320285729533505080713795119891287739593253271642721024727
109947408026852837428546728130190629126653121213550241613840936106248729525374
65796879231732767331757634725111736528978990607575905348661985866473193846915
44745155661301403172527751779115423613260794241487192623523280985655969851624
4428270095364608901183671323681467096218168525761833366819438697262535328651
82704817906567885178230333414518719248428828713210424320551216651615819924579
69629091427347628518310827064675915349031472818231847092974300799119045976543
114715845925841966661312176588227591282113020502596238914963363673643915716611
67278766678831957623821471065634729417712611965813075625603779910143703369594
104886722024218516253583217395475867886963237400805006492864327054376765014795
79325316477939709940426149532812116079927770059396576401177186687401014768713
8593678249732032131225915774445890301096160357246344607910249105497964058761
22338331438156156814463053738295669376494863225195164193061708607218597068306
4416503179408375123965236139160736497484517088386419143706002664840578044922
80645204584915270021808617526847034410917173189635031756558195915682189777459
17588054770352676395476906477254375681716120559414618007433200376402892185982
22666030045366103334512279126305826163345802155331763646980950214209750260252
14654172106346298378851610103564508541985422752345324757078276343534934069853
16115085642665546591582538652389127432820220798220377170032226680832258535857
20519777758761012550305126288238938935995516279208387234238339233332413479429
111351410176420749672421620545571905015794599117410710581371806615824082770019
26731227457095894336833390462949536719448553500291951716973792212578844474754
12509461294763431066898619098888060277827953244905452377597407164816594040936
95512430097823878597159630611733549185766905012690810896244548231512200917321
55085417696040417442702983096574243521669344551374743781798982481608361126949
21046188076688097453262041067188166254568525409870298034055378777926801584868
57123404277185505294097689015032027955633691869076647310478634589953301352791
49798315515531533338275351878208875451763305556951738436744388728245999595636
79461883224024083312220023445944133339154910044216915297526243265664936124706
57982977040303449385508727100627570637675182911627734072715703569793431009368
103515318842543918845753154987601235658230419474051094570394225957956611682229
18339605647414352481130625311125299713762413130554460623096996197974066742186
84672726578903407686027767545674668230088246895309227876977168963514421052538
59690676561996386920944257211303986839234485580025337161552557522638979255043
42212972446146072152740723981183205461858551093726323827285516500563038085560
64726715993614218689469626572721466439240484406920181074640364467348449993872
40364195617637398734452654002350359445136620651528541155312398503109920838175
98895474004648256642263442242765678971515178892428006076450713963330468060536
