105983947536112850937214262933705956762240624048078255693815725579537650249928
115264362016533322743487936998921276571538813060960859175074329908120482814074
52430118792750128017407238846812533208375115583572318401002256866054460647474
82377286774740070371916790995232469323555970273377737556454300346312055744829
26379925448939874639998134401020579294029046190643342985978979387239541632463
67465982050515829447453724856449998753411600717655413169259215908535980833591
33907381788269146578717220588251970535062925142649072645118960147940277782742
10370692295036277691910503063392735105128358381241696621056267965789896372651
51786918849860252426457184086779649260757688827231379549229367086137921306019
81290489532512521444477934210746303860322194997629214315877079766128920909597
434483195682580208234636961463973412402254954451972330194901622996294297539
75783299047329339844973640486898937062508661524641563528556917380454887991718
91788886658590811490065347529041435881763796183940436966709066485097496541518
57275224471486593311663562669091709444686756833216924044672660752015258615385
38531718018593001586172917355594943135964183224226594409596358819193860185567
100888751392051920580741024263033413495899272812388240400488067788396025572036
96803493450577920872968775556681297287081792969928055129649281314736863256741
71813219232547568542961630037245086141687501007435466900382907058332280835228
4191435857596514054527592646679307003003873831379024743161056444782313657100
83349499195897294210754229377721024282869088477857937059777073390739207419352
103072792784052986471231657358974085420658323350481619021075420587582421534425
113158613110474269440032648498661122014306116948317658670771828878325644504945
31865414626453083783590541122688046789697130359964846100731777640073461796584
22315197789960755038719138017533760277680473693891396443011908993170892944558
55831400393783117233776308630510747067380314149166115936462902445900965253347
92948629795434722273822085998893817435399331903516433254373105979951086483979
99817648181573386902473365846844172654031134225540463072747444678688002467938
6494708228941580894033486931060182249436353362882960105133252173874396028678
3522190632642318018463955764546535227859963222612312002184995392400735829725
87724923323356497112217310150836052149506159345387132136467902568049004503298
75759253719781643560661726396147103796708473969034879605000378996620033623295
105679566514268087674457285377397240189182624138827760087574209054177541712319
68437960205395201440278154757120740012574764356031242918347184114397279271429
66236919549926211354201825203379520985980461690970009548899403166164214342757
78519916225861338810278964012515083807671595268919050650070071887484693403195
40521856087187999548589024074598259806987753822733907531209093497407401087470
98088140002355151723948236261118461628200590742781188314384398460210776290759
3509697297614335192905863982803145129385597490019935631567733767418957119290
39966951530232476639359185561525366405739430388139850505836423228643097851252
51276860551075866227140098905810279022569741117978892010853730890705044049919
54985018398086386089817479753384377627209976638679032635145622654589788463768
111285010651477361607553368182042511717131166338739929480522506038524546956504
102533873922900173096235450107989885786302719984318508481431998235679870589630
26872964791286033755272296962704105726277650837024495038538364741102599302862
48699549602775465696250909331459801829673050944992277543424058720936371203761
71570238999832941650575152159760255511245355052457451747842919193915492253116
114611797044457531290404930383295954385413895178142506602109848577658698862271
56052258686121618279270363911840071755583952358201503358030854796636722679816
72726306888684719588496792132220616757116905897264854276890587762715513035687
69329442424915455915224378407207810799096270479761311326926437201368653366378
58168015865047184985898613400124634893877308162587058129162195222174489845339
47068634622352072789557763324530932608571511907835772776244257144823053711556
64859560547333918059869805565852656261237303517852911663356340779388711348696
13751734761950423858133704560574119810929524949338315252195227618991673427561
9948178378510067478615206600321333791522024884648135736748187187424131268317
73934879726336259281921511109103927949858553289766583238801880707641017335163
57880037988675166834772117778811710141080295565552002128668746605637451643771
40233398539884239438916121109192193287496107227266544099609513548751225893206
27129123908761772212931946856248379018861510987751135430502439669355129327766
13040233913054433880192367412197757621047461639254060839968469615142748133103
75137983362685034180325956764246500387879293496244135987170968100383220139419
50889546340500748990781817178482173932191491151796794621948545809877258553914
