92932266871105374915157975072503105903164281288784214815329895340291126654704
80651223007991159947255387786574021305040081234170339817948703671310437802049
98401203666321668876491004535347807545874805682034912857468745208155725613528
41217621029127368844464749347605158051626271755586499476088674722194385857965
89921140742495671766818004428385662766011710926416863581480398736533958389221
30440872495121550720325740137865489108440608496042408821986661351779466760935
94410335681448744052744385739459542575893077051745998959262478395372116343051
47251250469018057456121712494068169994509532331889317531763386409142180033413
1974611487229207323656503248039090978111090089969360731983682934160477091462
8019059791532733079169433741616353182513810081258788227182829640141040496204
24955951439661073933375004528953022121518083898925313442040277114751583728516
23271985486938587583923725458182971907211389684306835779697127134830057981822
26786039929434323616907509680794395659055096257173640494273278996072891101
20920538799745559314035310139929194419515081697143669473368866452360169202982
16363276324277987503734705922898131353474203876769995234962140492575076149095
87606067740310957540904328977406187584570816968845584990696770741655955632350
40749819777066227047375231720647762638312666004952769517980318982744054706947
18858469474002263620742357171998899258164701694750853988973947822735078073845
74187556517711170447315535186658400191852947666198723085548297453702670802355
112105792114885868447044893711807890068711651483034665018184486834891899064935
80922957850070369754692968794529086023355093957808917602922115732038646851496
28905052472503750977126550989257330363875784761523277930465563769963571082370
55637882007803881428012480014825812553345224472936847687608251458335331221116
77183230321785377071359814229690668008810714339791810378488362478968623515091
64646621458884958806533906342067171979021638606152275127779128121436900571689
101194560809738879184869601365104184917375518889216750212577923363919974799558
28639126111476322046872362021026222612239289614480267039237050884886215435439
3660092390962618657805570153782134898323234296601451579546525965861928166541
96758629742331224240246202283972135589406610762176601993846204516994669455257
60293488075642168216007917825570789948607528441194376313790240104550379891417
63993960417028952670456640771013527922556944442302281659782970676252233260320
81621606498679837654861753241683269288445709191953647969144307078504711487783
78096060001284014558450186258693949197997524210381149740890978685882455356481
115580499891861151859939256595107555306598358012780576098442701827925018363439
68928039275508290296800104265882552358603269850163281712129706438424549051295
23427572118614852270884365508248220197829908312952399586349118011451442737091
114396343740759893260228266088636421454081682137983889911256888695359601044511
68275219876640495755551848900176469972791878932233715989652869754481839414163
58665541355901472916037863048057059586301948661134558883815971509049726073645
39321933605046275818333922702571401970643809474542573402335946138407896087190
37167362712757973037467014075559068342916967204698992997936023924338932696268
45515447846740462254905547605655362363262091099361290044064912336884411878122
35252173705842673026215491942551103949588793889992498821184427405187288798614
22853983081886413912754891868694496177540969449325059380153997972532421846019
49665536492412342354515104994259634195134376155849270854117298151956403097610
84237235096022029145847461113448964562131390502901278568086528266116779130171
93749136015870889703786613455749187889846052069183808043844263162942394861295
16310399460859381517017065899015901131262410153212650531807828066164012740457
88361738254241300692039520102328668661873964554868057365170890833246709544010
2139334375358056668700828344045884275717123119372758065767167929951176646414
50345122109931908452955347193458373284616541628134547240607984432363640404521
28616508243624768185729521732554603817088095696114064016688316101489108797818
77151080821302841562650632374473238714764257610901742009552795017326135691032
15231935837890977130652427387985771991751161024267161140804406279577130334172
53534164382029691769457341713160256504147830631282511285452914689020873649865
28055124788809350471807834989568631232473962048814671756981605620043221820282
13417287828787559261682277123388282981192451215136733067218654561918690283895
25134902455224570912474337234678838841054130413863119671000210575653028083477
7492459203631955582377676770382133633877831311344232405506727683447626977085
21128502846428149133649072062503304215222228767008133029940680826114204037962
56029683214215407745914279433228713729260137982875402186826521377898493504175
71091965801134816223386580804000587858182115846627950787269313529607954549863
104751259370531089272294416991877932100958420043914789969387094801966657802094
4318553243530626372667424353149825691188499674291612346825145136052564184434
64300318079008631401865122275154794048481483478157096016832014465384823779607
92609315651826885185097994143002348139557029176986998401737960152776491102443
58604720984478297524360417666287743228619560937283292148420973483691215927405
54924813443329406003032259932270245484940498974517162579836886842678988584210
54638800066056324528547728356918471960568550126008180817002528924014947883891
80067254102411516645625237410162058485759992197769371215374854188324921823245
93517234910115496178552413871490803807463212169944782815071163070901607579661
1637956772718947143242334015649047860238887503999607646852506769920396900004
57873512176632570074289664730985231690433013488558302863273443853415583402881
1529043192356710501532084043751520704158709997683757839436535727668700094676
40412155186172742480285843264516461457530021196664232852830785078726298282509
16948535966370480352983506941098393391042961259934256113551996360433078765959
108108746174118427008482025926987496145445683627754995332945620683374956294269
61894021820280774431985397845946789900062463461099018354534911486877977092337
54744199817009319225219965728575087702867832780402444909102210133831281578519
46266822818770713815017504727999567568656861916998848309632360836601251942323
28455044211074324621674100089930234508374897771374181475074917398273693407593
79420207537452829971951183382091911024748629342171905559766459318517757400394
13050070150177666605128792490906477063905078499605026989395156281318228383866
39893400277970646166620826222498481939318344181012039561270369759639539437549
49917184417909347197013730532312826822580903074559419802405837814677305454123
102731814005469310425443164154356376075658281727227062513363360194014977033578
85267866971382005727551436677522743766121132800500681302069656280353847172580
103595488533411076460466333814561604785742770616910508942357348369939933333886
60573555725254615900485909187349822605823699297550986770272140781591084487081
28196733711173997265486545841323842157699512524475220324074176065471359212597
27071096393307772476800819181981064668434049295742822206049336409296610622712
797600277877979069573728126800589433351060838211916108155201053295809247787
59153065496221564861668127219804251662108444914887026805439418182473645426321
8430021388926264478870118784245479738930831376204048302983882392433857027036
84475648425267368823720757373730052089826174455240811493201040425887092895627
87517985233191932161457117780478700618923354131954269503544597340865966448468
110794092113222450738647220673160098058972311259353230153048748805596409486065
9446174801135149746459205429879611453964540231544939668139274931545963371379
60172982647539992152388436972195506983689733459095033696779728325902887482300
114469791863658418771424201687915529644254362994286765816656017561498314561187
72759146293115565190226617395280615847826315820574980178952821932450345757015
86002383216908022749992089165867276624000501111486930111357198501148909133545
65468048380820887080864304257089408841408880778150042106954482460621595912237
35703023184820665936582019805493075809118794806514265831238078218193200676407
15117213834572682008599203842720251340913745144320979248294015746567334266951
45586902154906571468230461811499012592167519712574261186648808157681879441981
98962288360223087483617614716445685218669303033154126565083824848469714879236
87798840156536065272861659384751823420069261466742528609914347249810887255929
11525006851101312710888860920539479222729511991820017272110741117400417331970
36256152780638360165769372191219413418121673985580543136260421834337953606310
72054304300284130528641188652942657617935736406168469020711883788666477707311
25259777151050041050730422171354577705506646574590028378598039016334497692325
7732418763676334810400321530523460867787413579514929714659875115437665682200
105626725698099407263958216375071542130505908427667070368743893384712381342248
4976389259364587774449459066835842917179776957872474214624786619146265213297
6198218833210966788247529515283109408398451427550542591482379468317612824786
9555892966204855550888133382576593854226400546051591297284155074235353213167
84992547727818859029314562903600003140488520767641417727558048189049875104971
87963755029518156615132706094878468643349450970181063065326670054796342734541
29457776355198694892107368824689944795906723161054258425878661935258100551070
6358594261881509351087058340705628527170635351925743635578528691162701899567
32117306533816950515686532816741514289289726066848020445008797646437368587973
89273869885637130473278836572259482555933993501334557904781473179736898191460
83010683383753247520262835484922851924129117362523310581574350909412649375089
47012525243853076014002990416428846582260685057215717132662945196338789868691
19206976245206018509818997322854678735932022795211344988804352271111774415338
88658169778841970578223673672545301017959490404089676276742780317248408070255
14976066594785360056237960691510793702336825104512824350564278428451541759786
40484004145647656363122885650439056447773070168265380977590089776089745318626
33863159663377192929416828617197375871151687564261738682738171724416682805257
88060446827807695093770273444690737971335411794486823685982081659630883533623
98475002613718822505527719595694969880384786984123953186620384738304298577484
56002186996455871948266004761139849761840198407680855352593519788663230023514
6276585645859539515207534619121918651727474590616105749338255803270378728346
115393296546776571940994006855460350157661735867239255047176885221129424880852
83861253963644053885298118343105888885722186265628600168918034684489677323577
44691107351409509783395566872762544489954578549147533860769179275289289024212
105383724203139384580879542744970872419546528325765453322029415222560298431961
17374929351765732648568940889296745500378225051658078704319860563332028680305
93076696828511891621145210196182531024091707797159646949988145256910893697458
69449223130464936968335075416845266785326093299058158035937660377731247359965
57299183746256246600978943458748531246263142150380182910099336937310730323215
36359221273884540921279020627367552902027801066892774727594676861957203141413
11650985218037396968132301965730070112635700159075391288369975940529627778832
24447535099370004748986860004277814532971771707270627166299858238825241630511
90850831403593086210202781397094256805850334284159892308459322487648185033743
31861295912822810636072148290011634286923355869202754528090983956006044172835
24182508674473964183606695077909502623978608320888331832115680694761968274741
58083637392926851357768711121865579926580085651189787098925278919166965897309
70108796047410094483271021939308529513484931075761320788902995510220260220341
48719772183703302219309111933904457904847425229375803288869248941477497296710
29044383668290582572981467251356048080904802360843124633597870883288268990280
85800882635631248715745826230768386884462947245932503877610144863445930921454
110475244989139447488424284716128315350019519892873973692204176274415715339662
89058080928830131153171199785238109666956257268952588670839991764455791584399
93272752475843872323184514455683125813424273605333131446218184332360443310458
88390108256228477276356050775538403549841861259368264838745377255112589882186
77107118064668778241082790084268714110328013829289103041628917507097984610645
70321563211855434443393022342935473211065720274935297496176313128086595620535
1887625641008855314814973758591455174248585864707759570581672928368643595775
115613988293005721703649865486813274193602953446688946846299825197861747291713
15610586977260065567488454027500594287047325808507647249463207382186574103746
89705077042096404891349696899666232329244043885789176705461782171026340571370
44302978520756045842900914918855729282644104216525743122494315788501504941638
11745271165852517881167436472274105575104862908148496476523767840908287797247
65380028759041532634390088408659133516036448943057691299102819784063685705307
3802490177043730424685606257704913784272075827880447505370238533212877807944
37082470177723438399046709861506491824922083151074162903064195616634115162923
41070330187902391085720295852908642250242769865032867159343550996811553097255
45345122619201879162872075793026004227701010296129965663685627549525777743651
111952871116020980802339692965153419133886634163712530805153613726098180281135
99567133660569689168954161469271781525779575569862213959396952634256624036650
43606043104987694980868347685021674897615696495716596775749223648343575468872
109239492149412378950361532268662036389615351789776903921055170115462004991077
63283241871543554937644176900213478700696888989467746349607253994792264110047
21644244463597811624919228091077922487211449608572985405503848836427699045058
111146331835858849550958150560221057505214783749691976127475044819392308062304
73274079694522670727504639631092820771365707751883448259412053083386510265090
56003848863907365144233511028012658986777891872938696855150308454283519522692
84564985313286067537647227026016200607301099359395278187505323237754972673992
34620262894430700398276288095111693006712490129804575329778779182962385765445
63351637148691647071688462349127562070440936510737946888510623236359470894964
102782975231583542642983384008632632816817429120265174188285953707020317750558
5374226267206272662760601105270211809695366988359001618452337485362664298501
2128508185383911040418701612055779965472725719843747020218820002744537909756
17937705209637803370518629724250713494791229146537765165737947527691406258274
77469298136539576703307011731359692944872854498142909609079548234864747201294
40257055111321123740814674087689801876694684162842600824100121277069774147667
65094675699400054876734840428189171437872700868685184515696977629139235380881
71329516842095832815035959988964490457997422967025782844736078555645806345920
87660505712507747374902685829786900431315345037337323680625922665082937827702
85320100095290516015313306202882518522393087350474721471596830827955762701434
71912051140878768677732390212667688760416994796625087431664514433004108116607
13750099889364713230116752559005862633435110993135903056448064396112234896680
38242124532870254442797797854029265130875890547282697042298485475119238832827
54587961149907201364103828478015937140792723626538297562866340865496000926820
13576732517860654263081378304207599705460852570521053818631748404431675452653
58403945079818121275734904662627769240011859476154580605216159058317995810579
103445335942504290522619616516535251003788079517820052964661762411047146895747
10070478304149039109974739344015804605035638570539530427628041503279552594476
47296550285654021523193892841065737896398338700103974084076084931424430314935
49377336113310793246375515878075656890809417509860392731594157892578235979364
30907168954080662342884488571567864219397204830515612693531612488769819634982
26545933715667963978174658935172086883015324044107036467745685773637094234907
54456148730511031807618470334536867886543292609972572598472321244416075789127
24775178876777554942828311323490260466658006931845675982027485379141466203585
79115777722585730022624986428591538398052791894252569599061939918759641402644
25369454526702280743895890140707038460300482664675188235916007157115556144178
33095193314150234002992161290487647555261192589165843149852670842303319031295
18401684270946290260837203289670189411086586054913504511438989739578048323391
114970424839490519040062413319476277331313742503841187019853940103417868122649
35859688114381522368746233375992319655757687488782191956985724408959070096182
114173774630626141844754915604976120274892566389227421258106702288225227614983
105285746994254596595878919495729869496862806905788138896965187236912736343853
16544792564139080035337774153569682200453268468652483073303951088464520375599
18377966539392043123332424902936810950663935115683961214266112920811095316153
80742725855217597171369774197037436370074447505276384168035037442266748802602
27475238478591064948480563238704489639881062577025019186789167518222027167349
55152108281919657832763117246385138432199761593986558809514963884799139241961
103760113911883960739286288248774088437536358055654288118674711533417562048373
48013710120875860126287024672596908409459888171375911306382134707621546743761
74994761465114013720397010466429952820681271299796698029613236702612603452277
27661116095447844945130269645631185916269242967106568091215510753319023957061
26340806975746889393126241701577426791151597776304018982914468985860661466170
42580968236853693156434973896182414658189540276283639961930524486687899069275
55325126375300148501253710282784573834986545253601315929056383400367284772899
16581402879749467560233534463677817846972315770028876992590675828910662428330
102450351196719003135363227521410436257851294557008328416310366307432961444630
110525625330293518546380872226889078673629329870378746714922082763107407305571
1742972321907550311751339414165976741191664765660320289182875703791571309022
77113746487492229696811856334803302527971965219494469620341298334494459558113
103549866566371462041888900742332005103197655545733811983595252268781171118204
41043745834057329831496951004775952057903027571852611684734764569209594833717
48273104591843158934485789999423752166663004977027959463299190938097689747190
35781294233320830982634438435238388493595738107815649410232235340971640165711
45781395398767919466725684474100088058471958168530585594425561390502557080083
64652215256675807448085917509978395466292817314448277549810873094230773767450
79888396947944340738475775832294749870684524887740833964400154711048571685742
51073035582116125266404552322863176416273356142217419984284018690402636255708
88252130357018977477180204072464476126093064004716757827138321882751310769514
32296122216898851237531229219657411682982743328153133219634718622552927735425
84178754706703746932271352469102600224256660474166354721513551995170296668307
73742261189745073483039782378379784849129709388040478829392594225614915364241
36163740606180565907185833636150078776149823774322468808097238205220803132431
91856391164810279196662076176267280072125474759979637863897121627822605875083
101211951014689556962949642583196527736414898594520331026860746784985000365250
89396199527292937713365682140245576949449223239145797593985417149864868239236
36796401215596453742341406547790868980516705388477549920410663920541300356043
75312174150492634510475012879403027786095317045196680508557687257175137048709
26945958082426698248340901884968911670880895369913913387166002389333992783528
32592223904131817026539796826499192609770475437458492149548910929585992412096
8763727422257735353847597949577565234079362987904517549646018623765535527261
28607520952085843098849109170911876414828284597976050028556687213394678398943
79673307922812984464090121117679726775094544613285741902617953606390613834829
45484973536607753591200669267419527115361666279990988295932833853523233324851
89379709880086887017603962121380549940807389679844076486648069293626615680786
42405215761468592431950092940720172737658355378248586740636792289910032560895
50312393868313223428520860580912266220106300694490758020950961375949211976051
83462425647257454954494235300789555602005572823653871276246249526467172818823
16746918815996167234450855672487962761231108907279218302787529321634094342596
49797334926031214636179292565390458957622554342102648621175222571064760306364
81868294742121100702016668183177605717993095615260508979105336628009790294877
32407820319131268875876804518031003575223539811209718021814196959001267709332
2054767810381490758501333329816984499741956254706913948176748392579920333573
32052754114569354728164200628577797302857401616764557797119315574969096783618
61316129971350515545576704845502043505044663236280204550617765563171163183944
73184002791536933863281492345584035695234511749529895135313996636205695988097
15924434837900216649520777826859899232851194943400434759618779305945471141702
62485694980440373623749560843977658523102710902724229885996527991260029730875
80620973682677120994150618363704054462751211337744258155387483229826692047741
107102738775994240539917936494656536694222845546068521600297146924517832669803
16971783866106113720789366635823658622353747150818295610991446373303579735280
65739003645643697497378873326099641942049141064208383878610710393454382693119
101566498164531996863673095300650611412354690061486689364960806784461202779475
62642984376465426470124938982103786952009867479128124449191236182445680828472
29033997798802340041747114071567929013220427234131523253709426922428213362074
73890994844732096369992996444948136969879508005651556084100108374233986183141
44198150740200736532688445787259116910414033242548560043527330450323519911139
89278449766366488610398415155615906278531732364993841591872404955805857228636
85605890877710496588121812890302486814712582418429271262746076672445472197889
54372778761044369588514476735799599445694924987710050164948293810646284091244
72510813738006487741223873941274139602776632583486088468855428004397352244394
10734285841287670007120934286742229065438052221122068917018299266089662303319
1849368986298045640782030894330054689605114578381065654123986501278682990462
42895820671058645285285385377655742987451476966970183370313297033221285778360
62753054018833189888680026515071126315603420440523881010323973750660626073316
102214540766982977533050267150814718347722915539221873672263555874430629640344
90420930073263829275244689529545919828021688761153610273636044201712017956427
87436281554658036669593503831756562880544647493158918003426406487609172711839
14023346052353215723226911039151515399862172164567271709344921899080971001177
111308547170823840651842835557788670517109375056907264290389896207856516350481
66061315185190452764560106443419137233510833628707187936033774663175876849714
66640204237399021648594612511369799305674330009146059679160095670420347042014
26794430098642312766923167357595789188120156237121963311976369566141151177632
59747312451557901612702228645987867553520867536900643961024143809263077740896
55214558871509565857756782615162583117262214773732781732730772687055061584276
92921976817242590331761439606424352740843204478237046699558642683095510741990
57324713969275297623664393592702572057859890727286245620429548071691835149665
77977119181213519115074898287551703654533566130237136729756893223698230418871
43164221978760869726918591334637658002457293103247201188163843418612694667094
40861568474782509072171940299815695532915868424409110496522472965824262377861
77987217587950822384453767653378633929334865932375504798074084240651130902141
52003623051577630292270327336200230841876177104189529154664436819422222682401
70145144914792346473293463764679458559480583989833082974559916413932589114214
96048459655206400391717819962108913567595280774395658775666936719098867135007
6118859816412460308339782831949449160012146386858950932942666133516852730428
53307817240430764561438815733546914851097079385518824111510927129026721411410
69147345830369838327541450069644632733194260294279034209754191242221411049870
48447133464073611612811116769550877879527269232046209715403729523483460121602
76902871423902866459531588687004460715545817063365905399051690869652465881135
67649273575587316581608563907895672746260705802874805208338113691668623563869
69410889077388698672394735719399378215620879770197032010274087445156357670873
2478540410808803324148980980987470485606423780494940488867818253249254862913
85066175340268799871407306462544768801850165988031261587261080210060827671401
74303418570069437917769726133000945281426213194762071845414337808298094880718
22597518099990370635621429141254323869036473039888333872559346528471423632280
36096440406181314459518611656138039284358377620791368802153652766622764583963
63235799388175937101946617913432370283814388506035413835689841624971182305483
22201662961580843051144269732256158699995021475153457186419892738590269989829
33625126942401553035553362792088573487645789624632265570065437602772582871097
32187675414239265814009177012245377588842531857694316679695739926408473168896
34928730436902592047492752078593806250629431219492874438113736685937678252373
113198388572422904705114607108255857751745770690401918776877221667272129075626
85241780954954887219765904161526596148700124158473877724758222444953964875452
98197596462087595491999138953446434875380296082511442841305837057945275560478
44376072253405422296028266774050622423328289536755276830844835815507290113761
67863189712744905214846185978720709335585395123671583330182698831496929221412
13667740514641136999826970032115986576580261767182860011417828563611249721396
73196151585156598860108467834378507438156422967662140779605823559842883270657
35175915106396019698525659556933470311128717329618649529479049380888062876660
75403855365816369958113312789925737391731907036957686492758242242726408586249
62127139035796579031025299966369419088984952048581608628090540139119780727746
65606499629032390529934125078039318707158578436828693597312004763891729045972
113977093065626326421281164470513081465421572110779428192571007923389123653767
97727722913256553242060431216404966116659122855633815715098115387111884099109
94485189168493229309933484466422831009410514444681259509252370731114302577407
89568228836586745998322618272801434195819193558084718645818496787657464189284
44138852002260407657339043300254707544250037169144002320444536229923443207775
28177557635741858705653425582344310594667505249123877621407392210204355744587
92879544659231961229167594540120730755724646628479395086528852116360532550736
5193134247103412313688644585539802077106922721312804704494248974705947998483
101095582494972691680864054668611814268332410187309778781356242302297263373008
91943076302988029164206939778703988096239829670722812166889387222452401371833
35507581322529524869021354085911855965646513360801309448074454652485351647660
69290760786809294803929476774141340852963479203884450449640689085637900607479
44806673791655413459504389440685513743928567486964681279379277851015171605120
17019876539809944872191623774903396657930129107245396154661900133712970441014
108433177422935612220572028349195838285622504763160816159136382149065118920671
88749115062739523594420412343117497960842488472996855568698797474735079770993
3468044393127401987247542717629458550282113982109263561040579573869999850415
111556152174059793186671614826484772371912910439274661125686886813368510975980
95629060142845133220750993119153967299104318178007599648784464648715191339451
47823285141296975609633532404522321794155324662007939654560701419718812579803
83816064298449018131403676638329802181431460576479522125592897291023302760423
113802473888045951590587834462748137743637314683692465900145120326435272617811
26632977172484405572857418577666974916720137242776054739414111728795136525301
82906672393986208521472723580866358451746825202338362668618126432805168954100
28548848874567357975149123140492509807809414564840637070657192325717862488789
44769023847414138909434459047621707250671636946483997939329955977222308148564
93901676575279030270127372908857624707374199840494649923547404067302200164762
16937176591536126092398164653467388745483678799704422202530197458426573185538
83796130355163542908912646839743401060890822551857464364566608483002202427576
76785461924231224530090027094795152248022464907873783580441668529060329794498
18793046412927530657426328729682157734586922863225895207501153108752841529618
107627874393378741077502102772595893510893882937162480754777187172631701703786
110514083941657686026953096935466919556831103173006800689813711279331883526312
58436912539462746308918494705743769118563201832544331026237909571874428058625
25574123428828423046235415490848968154532814651582856544444793531242067827219
22722591612970798485369358563522955798128477714111162085485876940264101767161
55088888716463681590220383628126730010209357065635852677709247732441774583110
39979566832529584161294286505684500970943591863843224611363298123927161774745
39472594328709925066512883224797808428852894016692687042306574933313309956622
57278802163213509359977722582052263286406505205823291581477136440759476993605
45175919373397927374482615160602925996743378209930803362733736881605837708561
63104790907032440217099299317183720579520663298886327236308871722533725814162
6295411813785790611310356600028808942096379644136235918528661329086628178667
94104673304692397580404986718209332400014438593853705284551595342063601334035
39961524772814093402513440952162942107245930585396949539681303439692479394520
94840879105001657701825737511064024354169740487887041625071130393663819217069
11738265834865895154658104112603709771257694012102271006179565145085693128080
12137850889975256575452664164830845922808194123274710147619208030059945501258
48291847111480878396962307749003349973674556141703167175170099419651721794579
69311543771381173294016420177054201490975361063769128974511536351065338001316
113113805743964458495367147857735932745109101237740601683481349333843436102281
22722105035330405299954884900629522798467535893580105114663401841933108234074
67359621713609861913189177763645980314483786257698351756568893631011809957879
3690990559273401352941780160358463615542049425308817454658087442647913819236
98700852098231008820902271224875467327109582852361640159212085680042752561931
99728615760787020561295204840099345499345804893708863398895147335587172372744
95617315421747639812714157582426832968478856069734333933312704654747936357326
46884540956518743664919221600843572360156686032638998902884898944326737811288
77314932219257085996116199396767972343613226004944251649202395752981031018610
36647630625741841676819856175975300460567870483807486453834608518676473800982
14923877712891721015519700267816991847818617181646347219539456411871860402482
76054643195471715386749268583830530264221967282751951516848275487106603693615
65161480464716566779155806249814951258317703546005515442060435791684242927193
18363950434821034748051634304259434940091823118344671360035607774947061044578
23135361174264310605822048648962060155769449194963989207403432710076615989172
28439939934914281495180303931252082681793194954935118740495386216416388538777
114952607275942937576641737738239365106004088976064763583358948291287556134917
37272847497518707208028497754194612879100389880476400766389829206187049534403
103489427192771709405851004340905873475341410081069514906455077371916463092849
