5634563056895677974653162026248974667642169866019073013602172598688785220329
41335448945214440447879952296159165183080906126775497423267461130659006500296
80154141719131270075208973336023165107666398697892154716332167565319972416675
1812848878495256604838075723530842027311052619001245182358025510751807169989
33853562623526647111316777406780036724178822926865847395175254158758090323839
108568813876702830470891555126628045464158612599178967461937751708684935073103
83916007009627367455699893804373211664341015062940486528728332616057631743037
30527176347793797634279472176082972934051825487253780540895189716712863005419
70698692984105822610048349226628012804894374449826562104816111537285437418665
75655581270628723528807884268905361876843388917113331876024756023594230035377
72607560791657001937805426622223958926999830501172183598807498933918476073404
68970527830902076805802693203202471472469912176475243589829596267549369582637
66243095808764556973295943598092285880979284335512025053133628350754984673293
84491307323380428985899437084060884790169662626921536937014631582082697313635
93755374858855327438343020620910075752349349681703810924456054670507224848548
56292958259707567407974150089820993756885442029576013205040223991991330827437
63283930054015455071041895722056289245496320829116045602292112573207147766800
9038042022725041773998600716579750857490913756465616712310527092758032444110
60751915073674000714222067455096709250517719387460431791126106780155001203858
55585193865478608257269821895892589754661898291482329611230936897203657346729
8491223270514326641554191065692049568938622470692569854526947324634484104189
94103656180913325716814880329553648799368034359058332699853187955961392266103
79084466964210522212768407328453851658516227475329410721369350347628109846042
10374922916627012127589198470710625057249851258701809100200154254141916743740
104476925372160672612419517610308988464216557096432267137270519718291982499402
101380051095290565869150298030284274217777148093074641790596966842481696525676
52964688401012946090905836861602492867130487762316138202578379096461510227552
4363062812333812656779303739248243526055759186235003732612247291254524219598
109500894661299785870192449674578448075083090095820914869500415882105318323210
36086230728280633509397710293154382690956685863683974351655798592779432590315
12466642838083237037267946892645087528095004801316427888260757428023668923675
68341961191157238909996928906471496285438856562063789072330662129505161734618
109361945103182162109680047535820359461472608151339890812300981023280666782567
36811196629697805267855824423633992307755924916951778958101101560057923847445
94151765521478966803415991251778377213615091830511667544574608699274149228749
29139757008341886848849940073086000531760321923875657269176819611528150792692
111538723900977393338521801773804474751638314355317933124836915276411755913663
113378691523177612059123120827968385563891489445079178109719945033146777209858
83257933782592673239773604102311369166373795385320346272558487697532277746838
83853548234921088471840453140072233881073087953801094949197916721684343612429
89819835053679199537819736410138089241889062861390254453011617605585053768492
56439581454579632144178275358417274922468505600331596463429177478334800550493
62927644281498612279332622684163020532815769769032035130607038901555965497612
33587865118293188319332900480936839262389423746851180900215640015533894839226
27282813611950595623903429156771813119790317577816909321137019039794571034865
87796303664995555765630170129231127175488030092424217888826675280076436922362
53890616270260112566296516902129842315303988065722410358158120117460402240446
87813986483422450246260981938264366223763460651710684356558784232290746777035
49767418060383208746444315718737148717305134767116680430848988654735835598740
62856207607348369741684395305415028328632957897372805012600362337186668284015
59292722334896277567457319770811642079137174494109406862578582049835502814398
23613839629296507143526770792734379623830291485789505722917471839365974747842
94560538197772579149766222672642693409761129003198321036208759361800357249742
26222540534870127003293934851205628517590729215765077214618468148214689671566
93894646162181608695215444869352392221261887000820141654228896790020326730283
37622841897995050599631045147189426013525788124458818755160575319267372803587
63830188484241071688948861323649348836641121731689289109768414897575242236281
1915363736319257832392905995392091451312794098086163202403376708235593946589
7727078413135485939462011694416893530897233520420919012025692275645563311461
39344005155105289825935429734921411009804712790638091244938745168179284813046
769191563674437103251128062020070276264552862198278798989572378319918468156
66703947059892636324562974581059770031912758541756030719512900382225910857848
33128751704091362834393180579283620842072393870275417838183550682010187198763
29733705110967321876881265783005886959672994273016105978114427683290138147522
87948878060436942043798593730283287369016789213020180000839583112177366362054
24064370137283896958811500024269554652477238388363175974971443990744140595968
22367941761038364204074319594331466162647249801958584300092906655121313980758
41598243873858425850375034344363253222491005410938621512442246474811051573932
26374642729824221982918478473798803286971288474468037787748453890738086997466
103242881674339813183871049108664806167530740190558472763456969138984218902393
3401266611770045418769064580817216893875179826723125350756980205850522341852
105312710991774016489193625250564923604216356362818523238741653331812357123236
62035560408026078497773866960143081480498725531063908459711520286894531474334
46024849748739946335778860015394413740465639722375387070442003817158048922711
56230312412690021953364514999069404866971224004032125374547427716008302680337
74601417818165704386221475844907947152165202667484423006615414589590446925338
2697167312049344191370195497444954538358106403968387837956814310669617228540
47604812740988901456951928091499357827017986083225681325420862086600648943911
113221515362375985064362219430303013706760172622579740338965739345986540592888
61389644001695048859089073857727939719699858554096166607208644797247716013352
106030364637716699174590279919505211560862032842521637256543561089439100766469
33304174158577179818380412936824262843002764560604718250214031421164032081206
101259748775005070071009442769302294675468106981364516102849179281709126725155
109507798202599936079638163909577304368276014509311782807426499029196382061450
112728444204396779787391361457082788267917022693606958546563689216097024373375
73642488686197991343776079004614689516276702783049696153118618440661982263402
10124272544501083994024333432591622115785666241978097895201651259583931497469
32855559875245091916435720343023907461023735941172219841120969868527974460461
108031927345547420192291324188909500353479849761650002543649678611814187070158
61378705980107577687238583539814338191220787687662047376068136562790063422976
67785146082447834743271729709481650547158062088614444281501543049999125230029
85051611450227829291068220212453783460950603636841862524085268661839129423683
16583568963346090474906067724622769537889480893739886451151652959257825648898
57886016701467315401647513062340749695607909476154868660454114021530733163785
75305414987977968611467107163159125705246850245930647032463150242278784831941
1158170921181210393049773729450862188661369928965432985279733038063901469853
97235885099587708462953319279101899557917561281473958835027892178882492560839
86345162524608635591776757500552838848826737986144228760845504900749701164453
67096909696152393720840572604538867789060912784576580169840903125906675481549
2185181904138152827511508237404246075704201022708913035489130314802038145838
82326604147243428814505899987918588320485668478590855615483371402783805478756
51289243217721070053553683229865916975023966695371525054169296116864363582416
24893754629533873275822682391201680872232442506913851719170789036755888633250
45765040305702705411389957163856012706188932403708981382984806030469943385794
101992990086855284399157728711066212656897657006465055001412844294951840463899
78534238543237009739935382015789241329979133425083063314107509356569844571999
65346889478741662816676512107681452606910210249164051979094299589938438253155
54757281352121229780406932468034814314012950687982545381840669182331985526467
113139110462287704745407455750170091992076224605865919899112455713661095015818
115249202063727501310798360252845003853325620092760472381017284055400058686457
73730900317613894874119962320029842981995943231777096572539738837715105845187
26796376667393995069429081602095425059390310464800041079279526986052734870807
76284291777878842396549122606476134223938361147388338142800973516776655741945
45244990646687337632141323797558258944981196515355653303425463120918526310894
95561453641418295718357504146078016159725306876175043124805479065262246240640
52014075972606666042883187571567221035127238477148510636002929873927592044069
98745444303341137750211873911884858738501145132052016683703149495409149814556
114611113373082590954454532494542235149521513129482278705000615143489748735857
41620784938980945840472598792543828603255917638651170273380161964371703854911
2277544444597783650629883376233273225170239263887061450868483658477072575294
26168566442221107341230844534621577155267795110536448289884110732300711092364
9056993266651889517868661050763041591830192290365174859563409174806790979074
63297693353159657009484662859620653024048817308378989600996328765654808480308
4176904569963040932764805428468250976128677021530873605057360896423153078357
110699968965594029463056168634073482637443083773313700380121495000440261778502
31954148541575969523891052291787516336606889353682093481000142121014421405752
102654027268728666408162175413490009201112234524497091205868295520534642042472
49781409907817296550954144964630220461460737449236514608576200255235840030877
74660640327733669538605356610894147509121841516452102508767502905645902868104
89649341164848896416732967406582409145970768748107838658042753075559094575349
64674105676220212118103190950843116662073266085004213198596481904330400627374
104273408494805156235539005744775469439049454703412266531940504684081286269709
8684860479998679908308613263117110480252294666132326999876470994961277983096
85046867827632810138456961765631400777474034712180217085571579829466418297655
12129736570172763840970514292982183698958349312186477866466880652644916360660
47957116554872818288967769216321043801736122145893162896174293060165399884360
61771617547295922029080036834996363569853764559031404226184498788819117468105
68261918816111112530935943167490451815411039067637302777706073321582560905334
5906645660250573902089677996853792134137452450032092045670847973571153147096
8301558855603349486924056123730747085325230340569942119570940187022903391328
12749277509656386564749645844568325917571647215459867471545665287421623576544
73701080848144807760401542600055901310675400275443693863655422290436090804360
17318152062847031352905644399667692561215908017255890595791480320906768246888
66624769249362137898546536690138984219651034646561829244781540814542109905685
38352176756379340091842725969603442222804247535692620836682155732659552469441
35981710888990050169353514569553613613533468187985816891152747232943830010674
60295190634929160634710231482108765595237913213603287021165876690343570954567
15356584797930197577559405052334537065087812322684405797437505824437594066251
61503165464195217983817604304640832497711303678207666318309018504380457718001
109090182995391289077235724115332241529376341891445480395984394919770327496224
59271107385576595346033080791463716953903617771139205656895235707659467928166
5483249161225396628422774165353498475580470036388578979406757641150036697548
114098691954005101864425473838264257920758703250670224924296337746631460272942
35993931435154213172817959275388575902545483825917464090748456354156582594277
53270831272111097248664802598782501987721739737325075679477758393627401345981
85226302375405661561688080622026983986184827509421414370234626460307825826037
108741025231056534991750612337517393677944622742285070773090124403877987340510
1744926251276174631182038629527759693058481186462959295112349453575070525078
57184693609448930131445137709304228848904308471909443420627817495434692738848
27110128257638009033302190333123067200333123117509339913736765256109287204286
101288417188527810234106542579543064469490650307331492912727498399265894618324
64170005911028044099095684855616317104412426239540338031879500102807761135903
17370317509141257867320422733081864751089772424698951195961312399693481439258
86168657541560950142445994256447222551608334910468268979666598296098222403474
1082478830209017202987289950842855389558567024501027180629701018740698914952
13681401900870914320805118160157388125825006466754669294151286169148659619312
102637728819887101212312610649359747165767063192828669402441607006442397321930
63102680470273295998465115812850885531862640295771509597347133945665559369211
18448521747596918954012651321735419336175262283231738451165881630436819929467
50041491903923593068427870168795077274121428701756680399978556798306797778215
39882138795531650277215848366371050872326016440754845922550174234701460050152
35947742033693313533504166511998513485091953324278689904283964874148757541524
2589659016254666279687855079004617082269985858941690256470729142485694917239
10981112908241981175136633089587268412553542567215798025788603427698732377405
52402412973771856276781627346522308559934591996905220896764898981312831983112
92042227234207237665732348028676410677282367335519261671160219119589025112686
96717502875073080636555562902265294699767279512065632707078642208140983063632
63747629336034767311468857653902492483915919719080578285083925640192634739078
62394464056950605167146770359249161955131922734644471422665020087262563534964
99849107221622410826762603723806976216945579756182543892026702003893534113194
101388248673718125633010345004646275622560266458778382475004019683938018169736
28397723472304469636343926682158495670535569941753731168816920939750204596163
115196471523960540920957245132143858205833977367884260912937706864471518957255
51767095549971829581504578955523340933175523029689152474085774157823209721067
60622857568480888629733978994107611715632869586529732539750280145241900715560
15775012119899906186628196747074639709687115030498546185849730154696493016374
61516867676702361959710455771222616851312640582956198529325571916508656840991
27180830890118560618225570679864892972562792963674411788779089067115307328906
75320614063441255318258322799616407144818469353591914559679433727612444952076
102874092257938113939032830700001124676734809775629936881320243677638892987662
98562923427490948505299893973105523829610786833634911801331017985330508348559
75172589543794359462234579966066991913350276819705628994382779549913040656192
101466316967773781724155298797724926084502806619911947102561157193499817157556
109651209101460839998744893882196113863989484945533281139194899110486922843575
104679114474198971357808795688474402496572950686350287235231514884373523681224
106233884073424169281759182268281490930132593588381529352768869662202935364267
56144322347415700182353581260646663399549270656521180481724260634142384855955
44854250858125979509665947749600707981803050345659599309391210027605540978936
88698103896204262319613100227562886061485462203541608433966349465395619503448
45498676109790858055368977874494124859512029072714953842340371305522492071186
4921008842515575659374340974867575353685684223721866551069371397743840013304
100318346206038220245330138649858742109557096594116441983523418483276316703743
48845593602367133120317723516687594049456149857758245951542244515660426424265
60124165899963513067356191856369478442358223681110452750550187697384655224142
18102473475732134821409164162924951848838429111712842658647683444818688344695
4391918181846246137829202460017565605052094564019614677559203036840245715544
16406089041155581492064566301864183483742570536822714064133029645652568964569
1499216513334451705532532783346415218054834868714417991848970947727735369573
15709718029839435145530467259381208401308425120209892937820330793869438261295
86561696335578668427718901140265787690217169183918759592367148046737882748210
112359132616523752983296971388468599324657157605198421392823817493639408120821
76054765412085203486916278708915476529262422194556223804151784901578332330696
68326899807165724823618509664181652541532597412996377441238121306089991769432
61709339961420676964955777011790549348198834643976231302677242079851488497135
73915861746553967583537840280560067279550367578487283382976177402118690663354
31684300844313657178669063248361912179256231734208211038889255491085594090505
68448325907148380073625657607388912477242692621089039887767573813127657935539
36151537687345754914314236075585436825669888419455902521973387729980136851073
18098638782294683439200167126920836311968092487956999410996760570168884991793
85164726804793137442532228978935462409400027173194103344707105718668836144942
34494091709227974980617249640235938045210211096926267826232937973552480220175
36526421512689043254692666642056438682106964131559451053530291479282968804083
63872138277872574557349722127480119323871272355084743585278265587920764549624
22588548571054416136360436814713211771379141728613154274235939737307722181809
8514569895920631450718814030271720484864397938092963725299847766293070546942
53505087557797176973177373814452016480901739521281840656593642685991191911122
3161210499507710916388090681987905043558870113875348342657258336445918029035
41011416991485839829648659255430193708732399357701410892538592575091375334051
106325587767378440450307082382965108906118379813825478769011800002012222615338
51359090461675304046114457175797386935479279110102708282977937297068840503649
47921448569365166163326292718027799289442525718872254390649159384059831313026
108792560595595623616020773428746909622378293183762688247674074739167135194323
95994032285085295734953070701633630210584131503024511006043603666442816006144
67198207933881965941904002469504176748377702017101073410798733419478582843451
87988509170807787731239326741098489675174086171765564844270483469734189327460
53094784612899976261333523339352959750026629081010590914623662665042285050874
6453534105745580069319024812034167322631982423405270536366263491718149705830
107208282592046611891991858361536041858988137149129513970627267921928172857164
15724696690905943017209599008980025087701267138935434528855061817821442705635
44813883746893575195013521391176575324326267500666601104593700441190957058988
76354244686617421478077930840786725632358971351527568382228902321068369928339
12506856770895563607733252241124724443412455461776347657938687523611785893370
3773792773010316605007505665445191220379085592386464326870286434257553925616
89868660672617110708267864930695457622080689202911561987674910800502512887388
11590025858229436149966482297686195468138349100602527412302111673129301319931
34002319643320974880986684991273283211823000655455579790699049469387580469941
67140022519073302773333035693906061649738975486922534327441948757168002103320
69637273318642838077881676693886746496708147965125863028643292409324895804068
51091162005237633066451627588059457419100768855699570940420115146344850805562
55747968064920504521754360980983234852703114073694931846444397043723458088427
68455797307179925957219783042843131014153441753525106064757418373355741434654
49662841888566077358014498813387539473384679706892846648780369339069758692307
3885105838374241428514160249690958393762764754212988947458578650235250422295
62107019213566237443048265151164110315935751828744694051674522621195693949198
18937145884114873932004764402860925733683742544900513849910845129378891978768
3829433070072696308180351235922061818113770004261087659786617181194741330045
103491452568795877949296059219477580671138653873614260809614351026293359972857
32200069803760086246241739498991815044332741397988557962131673807451192805004
80556063055252815418415116458776387193998856276895051053009278690339860449074
69534840364924543175161556228000012330565038480119396894815797449348773689581
50761213427513244406293797951810095785634355369508354913437293247729890918185
59332601695044538114917623779422416218625555119639261818910079071449361004035
23408112388894699320180721998330975466974300226717734854429938918199474196741
15971618768137964332390336968754053995248196310989008309910226796567887233504
110735108417111061174302261687805734250602550468595629422529338540162691518030
63365083903138210650674537066859829229034004084593407703665678758903151050725
7247146764363854194733809147841126275153926622491000182493700916264994268953
76349162730594161261108287481753816330104524655178482314778079821890185156972
51850413647126351303700026885794127450303603883656805954389941254460586124470
114207655537356917880229855282752487529469799905135290695422523237027222647255
96524714332310803051145295541476891266390206926700576824349156182605427712302
97361224524324105233755374810389301360130563848732599840374399471765549534132
69410948960633321824606866040296218161930367506652356675785796503677968395121
77858633354822786046541064823119722197375277338017426151323859769951475213641
36477904827410208104410005019475797210188266857441909920855967318979476436070
34584627908404185489487750207652102798851878265329138565288203205254521412859
106082697782610254589261711466372018562747501878295917078228830384071277864881
99695480533885150987614153814598955777470676593039779477492351345709501566168
100061923148638480120182849440513808317507421952805621291648317347272653714007
21429215995013809201683262301412457305717445897493296022097141824204550537634
93719411008015770888222489691028776408995158044333706866219475625156423086320
66786496257373709032372735155024936863404584807809707914207610192561562339985
73168109289531490214086663001897077055896673886815081442881489541365783992082
25703330497351450851706090232030858207050228239299766882405342198328824332676
77159656178906976104930816857354616629330985613946766637517135039082372561146
74178464761182041624747716493195158234807865957108054349879186685028209473676
92637493430850514753643804354425476446066271326696356980166328628405663056302
28231480806200911701726155749962472121548274139728097521064481789892306540285
26679301759242655108785209167218032060085667525721727942381173065586693269359
100805424221872971545795631389106970140475897814801992296970252279469270831759
12493787195345816891340008303093167485726082524223786173489686400872406444114
28782303596691950737085111331175225762606768216619044377564573717320588932553
20845236705178244891626944060895044523707187440073330925982418954932174479478
67860146271059139866239961157682533777332246279296604671850418566307378829504
112777198108155537998679973292437906912478679704146156958723038446846978085267
29326173065880030642062487431470152900485295358511849993116476476882145508507
66537085417510777539714264059104792388192688155685811697675453149013969185476
20367000275483055201966854494288197157763724052007269241340086877570121064469
91861588404274383727841060458011929544379797755210017932048101038706593840416
50979315316278216974658614901747704000509373303646815907452195514875916024205
106335792672897077751775392722136709188973115696927140899567918515395799980770
46555052850510287252891730725453497966791120614125065574871457554241138630348
67819088813588488527142965655620348159667009759944198095309782696885818672757
99237725200843397316672310593778711166219214297036602996635865849731908823186
78946786077282568187879938680189297883658849575804377888055132309353584503122
16784135628251485804416509828800330843809675893706307932080703815923747432024
83045753125018152295288889179061004725621734780339294980827329622707878146042
28118705407292106076762840796503527837310095320933716272384019434409840718068
16764464833816971279140888938137414768108700197331498327589720189762024391400
114694851030960398265526422666409463334041804731696141939371154689874828485975
88530751718611589177012731331041666747726984371908065176429420447367926484568
66450957341390787753791689833220438945336738193593809606137904182662343740486
60987639493154234598435227815337265590769087567953097891818758782268443208861
95297030598523274514933225440945333541239219946117002849659163242749061168085
92456891144685263205730250198798333113242592482478628364541947989021917390147
22322839453762140156242363332181953577125454689764301460582106890185621431517
96029201522471985933594699401342745993319356088513274534806461315968593289630
2364282141500452348110638585524516895474766465177072437893624066082446189867
9364858199494797408671437812044876419333025703020580894357646987943251538113
49970532071103387584949852710033878767071978094542114522357607355934481289122
5163576079240075530953285196175997050460681573776623175950233116760933813428
27193756532955816108278870100024686061747730056135573399944778749917277195661
94625114915569742399439509963205724472849079668729505714155478910190267637395
52552462410941684809508803991160481269658580595934002978555905731298108897411
92315167340933169567560419632601521802404274857684466527300097316746593556379
106521238707599298589905323773002580451203196291083394511292411334966200488821
47947143636138983857128664446623484924412772121745075885244578284991063939314
75980114518564935406530607772871083841305237155650318224629317329156785784712
106598730802422323725336053467288863662837716447115841648284578796435929130333
17944356645010107851426660231509407072697659994896739304538459893895262167614
35933981270155251799692530415996391422637518020873688284581012765411453970302
82385958488931140372713061700349388778240125534796809504963915801500234745816
84650556141180871976262802576681015320999375470668088549410447206601125887241
105873704939380724917535888844440741828364966791006246582498162191254980250565
66642443933753861921482282264422086126203881272664919325528189475218353722967
71744045712604371393692926535352689569388320481133778141375252887193447272960
32996363818383786927435861510242202912047354769530876116398076507935171650187
90552501576133956521642469982113939320276575470865967701128889015978268421565
9815518826238777788457612291438100210397304928577421203946150698594636010768
88825468823026721366651897280262251647665549198160222212919721055189852244017
30168560541663197588696191828569688971723044827185341086248166739614444529520
5305252758787617092955893365496879904091682257928628465954486366597584046552
74702883062806719161594817865886155396487018163496529010169185186032514252056
8228398350928679828412621847716905683846700600872738303522021921976986363048
7619498807191794684766046681803911818771933163186193173946746371412597585247
56975352835396464432829365326543904146340891246885450623556076282312976937601
64601245412231193799941633326730619811941097619163109182115425105323201907525
50762051613503159213257221247183094796213898191079063927380949995298811610812
32362492533136565198038083404448730792657190394230250784175710449101870117622
59110275341444549417777968543113129928752110461191861510055234515000516086209
84065658862169964470434438735437777435849714594579316579260416698338230825623
15934455023732718406130422718448445858243225961109977865138265224233822946091
110258645005020090023498219103468261481726778374740170501198539860029943892704
74971644637821880730929808272232241903318363655532473345278267831554393541291
34178903251468425222303574132249618533593097272062462643304936524953734942377
106218537210569794821308761317750863755987714461753987208268383775209405806315
40195043794975774520773797698960263475815221214689458038558410988528915267412
20760495773127575177884023232099833537603319957185178441965636471352393102619
51191824238336689533602943108923435177781783886297139582886669527080043413274
84847877383720815524586074860603705438280525530402555565866843453231805344354
102075230798519266441364195652832221373165148997670451510637068259772794694013
23597089296859693594830280922773282144878587622981567925955230974137816900056
33132847880082243824625040586243828854933724104013602611655949494075048908444
5608578647921859376034077083446972618146970400619128020586711012965198282458
44210788127457465098086548251494553379539344340619329310225619719103382388153
4700841096187713701045413463253477339655824183110214952023696108800578052950
110923628520689244992835074631662265976747584392047165144607120197371055025375
109507243085277988440754093438184943560892096454050175592073841264852718745018
13272991215690187174263701532913521268356496280572193130250242920397907100058
26466440849622503896215326337768094466216456966244554138125898367064185584583
98725547911519974739554250192757137657524298822098801690383307783343001110340
4533522324477812360271256057949427126390801884417657079505265581663573957175
60828265552811292657960064576846668341276847977622807967083005835299100786930
17153338560876434831997802559062804259116706983437802163860681195656585874333
113090944688951510704684808099206375825771055005551654518790019815457667203816
23544429508873638577452808385795971315825230907448823928363023218100796878844
36732843082867821101493923121303130646073844454716508543927696255418854428105
30544081326180083188075957743292070218369419566835065962173264205005062054691
38066503474886531093185957692696076854102438250746322055755978393250724913220
31124517856915972971589667918947626722489023622262586146402874554272003187686
84222687493323180693740830015297917115888339872118665597941317429955781683120
55057918025782789066853741836875947682072554436116330022155638177199281160496
109437991477164538558271552560866777110785504739080970035802355344695900116764
69230919898631648427730655270965211345139908193859548617909780008502158924277
41953048294236885049338965886778754887056604494309542468218389464215888657405
4379732824412183598680106272368085718442902154386645576828475962474685522085
30282995968543140805210553677097941383980770768045405137240975431191767044985
109112050152441461549327536815007329879014020316333906058360645729021308958351
112182140356528878095715024906369439712069867412429203231209240698930558384264
104300965965599827919174315207015621738130113350452325089937766233284832571337
94030164160532255492677041135018882987270589882360560129731490875749309168661
10083681640618359712436448794933380674326230336776913442757189648591684696847
37243237812111936814368855285563113673374905110143778866985042193808044666489
50707078834685605523664730117210078019606390474195948453590645057244265736074
46344822229898399733281400073557141434065292947930566034056125267388476528817
45062941211152329783157749841201700412545349822314439160331579600387358115415
114493885135474326793901594833842685688438689942015611460138828134229912537311
114588665062812873431308701553081900148485508509977278254987930248742814127003
30612949843288674801055477306643173560859065358833172163396095021098473670340
33943693813618060796360580897543670692025685974128651487915770005897110094467
43073059154431105121450544065773211119767156858103955430992143351162250848093
66601171528718630863741913463800325679202343109653919958568560407516087624949
