18772072486144678818611903374023305417065177792543033102884527914013465701472
55654439433325132794938253021944777383916685609383976554506021203072751470703
58848162079219251644553956552507077700605217544587410662877012545236203799920
76146084102877198766092432167028675780684281988657689605214357711638605640056
73113355458560343945187190184888120709367816585640906997024794250239831660284
71201246394538739929168242698710528004013859505102930287750627238007429711742
26315391392455438160897606650087565791818471398831942139426226724531051507303
99348939247919781006270400501819238388239378903478597293620958552193397806042
50863696443733263078966300627799268692274638064893238845989944075835354599355
61001177931749996982489200301496880033508281487092935515278895474879040580017
9664181077684322257454742761163269945279257459660349207930166447071705329075
36594079950642678842827128519353915226959609556400480322108373282892541341888
78437629351805530554223402645226932868665019189776585978511341320435488989610
101326800728511739364154291959777334591365603516376615689744824719173401245639
45607003078891427694744168102303022984064839368841452237437568471240406236891
4364528869082383666685855037660256054173378421982985713567111944941801478995
6805468531065734660580779636780415649228380550816299841722431072467593186946
74315000388335858121002019787194793862406723087983295847127038673491744476988
44221419436429097303426451580852287760436587146133165411791424246347770716354
95444737667402762588659932641378755041631818618513661871739096370554877054534
35074294936131858501956888031447421831956534411274993030311677199284085312780
15885278669241639875092758662340974988340786500780848128150484451963860186803
12167815662079678313979070578109205850620103216554527205798903408418370114513
64173741747706945200089376713557690192447922807913182163169719751335700731892
113226014957094985482270454873925258632799392738620973026657693924550504372269
9696859112982916696778201855451351678041966148459042014456622437533252228421
59825252462887630899504342313405222190713554391004032828761753708089643517318
74026036258730840536190366805796350586462255522134304044919643923701827348105
87394555974464972860403051062199192979885265965089343432972781101331097055976
88665985949217402765583102347160408170968047971811251937807290812709552490774
28164159313351985216095456772944355822886916023120208742368988023783370654469
85192559621101472983099190004491579428202927581966144696117397733357467260658
16557720998523121072741608086225640286627112644122793090476426335668748568435
7347099414463961732840007772184171378256445984215847654331038944464971533860
24041928773491432780574349974009226522240267171901415988309919782434370190212
84392831442577458103082149507000808385534401108837393436503060032292000286583
97681435881136854501790096282631665887372508748449925166607645419847503856963
7614256620672573207388952748288732497683672609722084152816640350616315915461
98809411120470965369337973593119088843427673630289613533399434610392768415520
69388997980775476511632616666851219555313479724917112222183136212826896044514
57110059498765721782052591482956088128216143049734662227187562617596463703042
76678579979425683467818157121663063159827062637233046146535213402938099047779
20431827501190686396274577597862420351567458944123741122635037036358913369143
68958699868980330543501838798678675953427485487957748291288282809154918966435
75050592396365537832248728863240311510724770676706543441783368489857973046317
86655831478661745241860955631324531139132761521828995220522273959244131006050
112953832360903775788825319653352569422735483887718642741710459676843731808296
41713725954736227090485578521714206070146719555253577052135336999898810138601
54212894299627386747767671666625965072132321122274859849283277522422907282170
113880561514281755893929007364415208530588673709397004335497602443039786419407
5846335629971801421530417401481929584714874803073033459523061149763698583575
94397730572667026052907555153861043443800027700058064861920490408407459635715
10586752913079239759924417391952657374577283215939458747181172068914761527548
17494965158879248007629338920463248812180036590180164077805849795416006078965
105825008746052474092093965816907786860478701615374700163539346531122333835041
9016040094240490883506818634247944805769725832861329738629332835676217116684
92051562475997429697113433461282241315730422744394945498980122937265586341890
87126731790336713277014777669769920505373756386756373837711164711476486407927
56006650695196031526508060274641830019538383501387014259637478016631343262457
6638066004070364645622982776243880610896262273834040692231082073697676607367
19357740218564979295942673722761315852854714941316315888332371824241594297452
2117659652215440164868515162576910643905582437048005987130761677705132109141
30571513111853356513325084854103003423055563532989491777842908642810955676446
77023471878803273767094957443044035667752231128469230658078483873658985579420
21569944531518700565791579897270215378286196557622866936551957471717952631117
85143765536122502650221188537264351906825059176224500603078871610682592317523
55059464380411997236373229122320463358972193797544178996122319068362766628014
46333347606499052062296986443066352202858402974367415504150417401107509249586
43831259202004003211817886251042259077062741235413532197687027910298872463495
933464574404058164067860503214196632321007210558856529198284802088513363574
12307885798759999132821691219603810381082893641897529959257136966201427277484
63264395017219464520845455398239137139801665753374402874746667040475459000819
98868759562807412289178685546331820019064701525490440105583356918781805923732
1808000301783595450748761780709282581137955997490568549084498490223791009073
99245093684106834247673228674225933706793258648053960745404691670857070046218
62575187754519390222402656296140986295257128231956664988534646658948039413874
43718918440870639646271667737855708554667083888472550840088034513272079130772
49817811766015845039971909612952806117522850566083644430678145091569087299846
95963962183436697219137277752249324593212243795890684715928963443926120914274
81135115986453442571766520215706963996320005811686155432916912508452778710146
79844683831198811671866394861568212747327623039299401679694082817734104838797
82755196524538871854041997927753845852490865979887546109767957957251683697508
101818956791949583253586515903442906178057433788884246988919348033457037537769
115231116204783270694961323137554649011372906847742367717370320936017664871589
16201627303151035397416018163455803788309618045386188558570378198372106005684
13413393059929013027177118748589558898941932569747421017728309292994921543104
40956477854305038200648860761051302260491835634136178929245958786878084114683
46081414037596379208308395682360788795848227530468459559262605976738113192362
40238152253141009479950129605107909450104378233710217315107031834823530743877
12511385755020724213070415986419186910336009932668945341084902629258656418158
93503080297235953368997931809237990909354549644772165174264141441662689838814
80513296133233735334533081413531579882888730079788195480556636218539117006319
27642026567515307425902398060752481752750172836946866819790288552604957881838
33928557994350213843946400571516508166431864277046104036356043121190275531488
34421317013754867664159903803908214906553677131558282768401660222010433265143
2228912651446293379230087529704842383956552490974191425215554427720045010602
9827203864864845130618259480404757604965975567919833999905832239555692333077
46433482291153900519367957799881708047341922981974357565209318079833763716186
55672255618630548216417101306115208057387161572911959859053863240999873554692
44715078331831495030486098779833129663524584818130496970373283534548921655466
6669011541255345779781725131761684411110396219128646272064622822498965104768
73512704261039937013474262498828225631648340553079990205259409351732902887658
62105957743211639277288578886570489920718707490940506116834321113583605489220
22553623134468417961705459322762492181598101585222811617348974826725517915497
85902696644087249276665259158976379082783304191775677567451766628301701359474
72668715080895179037178418065734611490527510190634281751361029086586106750270
32134834714149391560508561402878515435323819526276492667255089349835047297288
45513638022406695388019086371364535369031769257533829528776905416925313252916
98073884322206832274408284301480918781686520221118914741552165270263557466969
59394541260946358311061370473619906823862362279732209929778690098722990554022
2509118804431052263457446456174493186220610377560860047086209212106204695447
4573999310289262990561153123841911949325614707643282659667327783828853177447
35690500715928774803307164456532966430145094298433133646543214922370018769237
102618456564098897404077321895679512761631905024825980063627585807681249741693
19453302692651066709985450812233399988779747573899594066553530742330959875372
102455399511057063297737948438856594711150078459407166930229194460153528532813
57458600358911848651695896559640999782826714961500349682554593786256889527676
51450768274226831692484538910838510354048239901170424975422808887918370136319
10962706099027554643816637324885657012045995166080212432899500551969254809374
88401431965686629810204701236568735187843928122395384473590641257638751055883
1492874799766177100415822828470796055900279420575821621943033601091575469025
13173806514879377294087644888127015122877511983336618692205581058300841778277
48911283009450482121314905433102142972472159291224848157986580059120630372313
95330871440784207709171655818994061411775482315459949058747372589789738344926
81223853098024326100893042144366126752281241702945061910796392232171533109499
56773200873404127058888177681147208676393263343001994171451343692899393111161
99592855895161096377589559815434924666640523763605087058681343615371000522626
10809854453457363138450638148884319065895046724553284849306286500254524964900
12216701793670337401911631664321105541990281111954942125209809045277596982659
87121622453989213087352281921226395914813551456945046764093671163594305712389
90913672792096154597790422655026956128666690469521634739077688079077971083065
73231063555984210317810644713833400250995051972723148606382649762591606587404
24330786794883684912149678695218192946984105937056685692470406500885684249898
36343244272758358269243056155685254258380742617804968026364216127393205649414
38233864829465187023566832489825905676684191718157551369365063020610539705120
14831605740954193185680623681710981970935451498856372002985095813787944771899
30056717582955453546625250138969330315006089404207986175840348220534338656943
22376743042248764637852119210721465446281974380505300104791703822279832847976
74252750043722271040914188787495505926801286601454453407226452322083816584725
112085816315838245487776085155447551581270582712514809325581682488968249390839
61673562890232959872916600936921617596059120873637720150810363703310380371912
98400985672699618652224277838222637939913700189653745756106671682322762092301
52761059241261423281378368705192639037970894121475299506510454857765231188889
110397940035084069577626375622852074407881138430116198325681839441621595473129
37830451083274442651085488534321177927147811490583896138689422398081411841338
40836654229083287023019555940108320911238079261223883414865062802946034615131
79480783541648194298174481210892170332933400923229884615159038511518180542194
80735696058781351988056320853033978881495231211322125971825725099414373321439
58288632987739308552848958708122236368834734653355138707522538032749547826261
4825713828555042449795989445927141773052971026343761493851718634623977981523
14540665652341226245866581253908772349537669502805364773637650159359002144611
25700144157229350612565319781751319780449732311401212728773216534656548558742
11653434690398590904075632655420349726597495051359792124097558396233613868672
25723950204712308537900403401513885784814699409782563104481623527467804757942
44703636159235459840374351577150689155979922460482173750983671578864634664545
41522357927490339975868819736210584307064649449603552090101284191734705966743
110692531179877707836516900148401111840056469685679145015283594908768699806444
66789140140343738145007411784198149269847556100398816469015865682528751141334
107443818365447576967269361848336598117722372242129745454143857030750491534727
45457364874765304912031710307049969479633019840437754825638147291348636363442
60798988736702122388387322351977264065825701962650861602643002769341521912398
93139124927345099042509837223754350497353382905452215381279568207214953951886
38072578056714862700888224628505274657092160086410381996185764788304529657264
99866766882725729596622183613900601564117577753356146931911260935349315109800
24415898127115392945325786265967777778965187605769152978174335793858827849391
14459158140411204039323270493791673330683891665326693294298518125690279093020
102745461187406387301577812410146377528626002740431988708036347390770224199119
87825263406036359915618526977003479060004571087416303610455899618812011780198
92844492494766887426189950876280709690188984867952682305374075950101386041325
53547886623047600378296449066579600604707181892781903358405961288288780655874
27064330970548599298291441514467304960420175395498497805181355007652979419372
96661834538436237574217025246619373633683337960621203317551435359101768358749
1625566053134823250386225058779610167080118186102358901307880132969683069860
10705667074883462212615291156292372901830373518116372130973328778438062029827
100994208340872686635842220422401483019192627285347039712003172107730259896579
88887495656839345562486528040476310841947954320153995669576457152287616128560
109579925925284811054390224564664395678719354568950733367060542724526187368158
107455842538566932707270449508615511442863349040623042760410416832001539633699
85441399301974419800150692629127696695329173363429475112731084703903089474688
68134769667660017542525205584395623874655071901238576027855453999486898624164
28720059786271415394451817151055853771517958244754846467986061915241095380466
66973632982418935323424752146844820030929045668982234275706810966761899739494
49965258936408686264728646903318468939314144948681093187454408020574106366944
5221786727492556221372624774685757263425249841577801267672322423079111128648
79566803654019847986271406285885696023289222783623549080419549126034875044956
46452575158711590594358928820700646705577301718807162072723213942037616004460
83631946137359736573765031771022167076900630108367883213106146240975220003107
76875745446343875586889142733898984269003045697369526222135086504168243110509
60178301606362669349238254405312935625685094680392459214328283165583051106738
61712035473782442462196102087295798576031180033731923659186696057363453467186
20622372962376765641922434443412115894311775633447508388842076920287086144525
3002752386467320928439026887014984559864647803805462849564986973220903855286
101540537709496779166862756492872625818577420157615402083575211060236530390968
82481854806121389354904368300586128365190894417489094262808107661032713997369
61691570727194445755372863016047744871669022019974517097053344301656857014786
54369682113957808032478328778453676137050395596154944053485264860876713935180
48918828400389963483698501357881951666782315122279207281980464449154857225409
86894364784282526262382871013170792271040720196766970830919874121666624000445
35423212243880172397324916275547277700811902755399887787535608591022391980731
77226182450638981248383276640796182249019195982087054456542517418758194929274
92616628664524566201249036558436177584860886507437495223526082752751414777144
36389758104269741506379249458368451617287689984939320643305752061481422870288
10041066914495250968747802662437277159092773186192647453020561514601909181111
27852931894521098916323961958540250867313502132178970217497799879678922018213
94768995960626859732370034271615483340007908730456141864739382379389556787891
102503822899637991144650928449955226500318056500488178459778267066359810533491
69610426383774061734597393205742666690626013763262144391497841833377889922827
90563877075526376189920778105767364307257464429148137239581452389728390682638
65832098873768392194739657438226649327478349325771999709632904623426599085881
82439331138086913982159237597717394891295536044793530909984950717029679029746
3343947247154150104526579948302135034660224025400569321167540298608508062124
33349343076256936543482282908328479849027013172278391902379662400191278709001
66244116282774936260896523847330767749179105876879078310546789169925745208511
26149482886343311826105860415790774129263326510833282423935654520174643568574
87635288117116737793709670442212135908358647680180923781757585086087582311757
103826950253254191527499716328135854750647032781744794928410324206104919907258
31460756840229720425678032702996071592636510743650279084607131119296549831203
91615928259690340561864623233661864986481064194928834304499746738544246420625
16673488081442294979429621612801100438016482407638949408070968807668670030806
54931660860227637984388943118642472154720335202832427589258883238995816148828
31067209075418288780791345019472726724087405307814615194282238751384400594410
89399110735809862892561897467989464867660350916633017430139717204747030954689
46205336572719509337992154687052905148122725476151697533367132835730399088070
19705910138367433382735468905920592508138632712803208673863977065185553282811
52428021891491084223072494551576188885582617182168904666478941377281816455021
97959279224916408154808866761494734007027784495382727778854012355363665024194
107992268157600020303024596943201870533669316674679274454562992535798038277709
28547278867831599237462958625696416480943923576332168543557875998986679884635
86309059554309382671017026669252478915278269907155836483381970783517780727014
99182405131142283111068641515888923841190222849165691373538042478141542633329
30823385882532209201585150862884309935562453481243940154944763562748364366434
52618201432064312047922319382901785778847431319708613646232648437324359070353
14801141530568094066711925195925064606465693866144510403137651639858092493780
4006179246049231529586982005361546954843816870464503680497747669884557841962
61527563431530826787015437418519344725177869501805262809795080001365189445905
38566099723757184229207166215216097051749104450894144866949757952869728401582
88652398738491483492980423028154788736635935328488208403486703521637208734496
41602894765123172734071308696127583716056453537852380381601634240242510196283
115552873751181414902104492600830881917104343207184570205129404558168594927987
54440554204208481990027019900803244349274063376202737511396119163627857928798
2573731698466744989199533888247435641692316541560505123535678169772208718030
115647623731315196553792230525207940141930518634770472037578331382122241520412
93229041294655159775461476052627634355498197415562454887225780904441982769860
45355647068001821170613129012130555505169539005985293681442424895954397285060
65079739721699965827791060647633719037458006564396130292974256590528834342970
75624747595188625094679171694283731674402860861465453611580697406634136786592
40231835863829915125177237646310576381499333294457600197276235064205867728068
2450048557527778398744758273245070147649200056539268317099243282575902524139
56042511673458185326555207810589517414608456214800821692294520886232434405098
68181928805611677079948444204318942469642310100909152532172288346876704275016
1246447498768727524914583238702909324380422246942813896745300710219052907161
58741971048395244692515246489802876878919731466476957740962533687723360021566
91644591586309952281405356944550326691416921985033645325318090329044491032421
13533941231774922731493819286740127276730503403282833020231839321233500759507
42557827587813541224043990705065984047281831418646825991888411170342065553443
9068009294211319528880088655355524192019825392693751943837742649607263136134
10972933677064741483507603394392175347167978387561542353631868252469218018211
62610573614570030043841746718247056565560642767552162594370170741492323931427
1215825861977238316425232490365092447067701996750794403447883360068901361914
33931600936923872604249883952293546040386639398854586142079870688584877558761
55250435909178523586763753926917482144476178470646846675161734544857324570613
16935927651791569753640464607521172038998246251718230961166284761342394918926
114432581130641186074426337900846332453800296324790204582678153353607638818055
11599455271392170938174432536507093761418613749415509853988381500910101005913
56363106495811363552365482420532745883789653832689443695871295358766952470831
69531986099894091677666289344616826398110076333462281454748199969237315974361
102898722647702901728911285674463338481239767612633044403296795852692105133436
54451363294263720757462583629933407922647660038433345316200368238827404626707
23760270789101968249266447078768152764172417023541337896791292343131982109992
98357726124482755752163332323323915279540593427267597491717922006820818996493
97826230252065835985497730184084235124307787295556235999199420721597295666153
28161433290303920709921745592273128528511033560003699622764288062874317887383
93379686145571034099940501583848002812936977796933246817601525964736855115079
48299772127403153201805436609026732943187881515095727737396738258617360844914
109267325167683450659718486509268171636203704854315075633834725606885958317723
48699322057854244045474093245220885020897544715622747299367691723909487985314
6807400591059857648879658100017951922131052185650271939169804285680696474196
17373015848824678571664943491277211043377592473222480180719386879877436838798
62957955907115026960536039313654935409468389007092070458220572829334384165617
99196287224409630074707487356344643071793895857756448800109844433508429405925
45187772741784369091690678461304348275084018317313434433310175271073159541524
110947341528454370310551391495321627554910073592476474260819549425754180435681
75673667263991498035327057832855980002786492423480633599832976448171384222600
109975397935421350963303668091400500684833737708975372539367180191068967362766
2639393520475965168005188531557790998687114685463311993548506804071350606090
46307431550071913472596716239719665833128766940387354839749066375627171413929
38680041738276590678327765915757063146252626133823573746529757036347791821525
75529046944566335721839601583578601366340782210674554801002453869349794482591
86460998343870707262662496992860224986825890001689958810271746231887943272951
20266017489884729183071903548029383330635097647766908554058157019287906674616
102098477709448841817046044182233907129262200101862845712871610486055259892218
21626376257700193550002503464931844515757358465709986477642766521962532912882
99611688398425430972834906617260460239468788172575623760162949394114572118224
44109120876934870839446960787595570396134051188012288369493094864284820253132
76399103526621207017442600358672108068920569930707584869703207649249790526649
73145594310862845464843306140723877937894741900720612196867284505765608305798
76611990981676483603951852838401593562099875599585040527736730049138413934252
102186982761993708490696958158728007432062965409062430193417423225968342060646
1242249163149510072424651932565822654025022214260459755118404806296984934250
28506595008927202134148578742359983260017125149854737738800260107820447675279
50600139010476474650065608664040667475172027598652293484360279286440842118527
5095201461736028370588887921039403094654261141659111400789037033409942231939
58280427719243769953844602297349096931528408481921468967783835059903479460903
31529703773189954895552078498964451674865967347128345278932892914041988744281
97867780294328686023555103868677693204738682214990616843859431750605939647617
90664683143392579074184661446475733494557044553927121217496634578467622374189
30358616693091726741286127880391780671689750907945246756112552739494899319931
84612467931702335074725526806770542169584140483229436254567014761626232976218
86039108061450569689325407550247409185423026666489012114690053801778551040788
2833726460859224914493157347302707784438121772139310666645243519777656771924
110690523311451403387012962469005410949819015294864740926251865959975762837817
75486526400772951640225090670085605546983606338532748862806688614611864196400
18730355467727255698868935506304131695224838207071907651426625180015477409832
35357439918872865579094287303606845908915198658745118776302183808617149128058
105024732645287097024127110752118800383087429043795887078033108635231660915104
57645012912466306405347447141872688124378160808184965367017767895713673666753
40146644511946676625448353476372843762857886268190158540056442946213787889036
11240144844894470117905127378785694778724000347197161017206867961139773934742
61860925518943877898205423208740114642047719872219492458457674895167177657930
12076269276993097324880779404903220361731648955730182528658720835296889735029
104267752363536899897883007735728134929818050003594381306991703563503774976403
17629727563068360526942193945452644289807480711352093438410217990870462356509
86843704904971913163030800092673169396854310751282686127256999520519263421156
97435356784210498661747822732482529155338764293785909275152108466396682097939
45217161730244934841619401653981384840996571718048632411060759411212429804248
101463590357572731899571672423715855292934953121073707852472212522748320624399
42436134429168171145969675085287316514735365034939813009933536879539296737499
89365310231534425576706979647827896593230116347935642224147636356180805840988
15224965435221246995165654374438095852872844493274771848031610831311824664920
22446881169294783385665005634566107075456253259062891251673350113204671085454
29259875529635192018763702568068260755768423977093191388891716993980996997323
20972979136025344787129065179028153722321432843888870645595146689705962492457
4051297847675551357141298770603446189354543647803833679140890666347264842715
97413528886007799040734261025578202309236258414542510906696724209419955153714
66914727415908998045359386639434640169226877607153530164846230335255740360185
70645981563580592047460121222231860239902791219727418987484563842042920480159
24201827323411682863363998561092981633516445102715779825539920101542386293709
109581584328661725366988451992592825430728051600249696690062172520736303303482
39010297727277823761030796181896919501494549307575921375667375168622463390483
67243034982708594552987754795477623163980825379051658954413669909478504455766
90805835789362674005056554750149339084409289921546831393717240496305577080304
72739786568493383503184615349373603702748916263634800705455199886724200002920
7373151117561570163483310050260476000288324448017565514607893364991911684697
28157180146472574635648677209311826505893777610499090753711616619139058817398
58697926876469399677739138483157175710623503992990171453081376507051661508397
91473351986709108895232660784198055048238203958654090615683273239354242068506
99623803783056150639173971513084141295688868700871508408579317301293932500834
64437747660989694817963216769213414233744805424599159818322474553126933272430
57937615021021364503015227813312863245264748819004120359516750887720339118759
57999491394248235621890292462058697376911973984956507427501640212803530620901
359649998678421464684870528263804572415549054423793770961215830602857027197
39627331433963677561418479194512077703940949066165439344325493999604890412491
103390238229903983585648708593279733575965593872375582354954323993286436869950
51129833586264216333306631362141870242915479857857706694623720672324875467122
115512672214570566985438745196144903091594820055645897437204136685038103292974
17358054328465340874489927510122280264868544232154405037066158835949804149519
73853994687171162077718503487078817599731994068611276217184581868355169940554
20779276975877788368924473580934621878795742028101319853599065794498209503471
90744616517187982546719493402401278494698953368427305785659545407435542659272
6527357880400389993600908807929374500738373142633438684006362613570516069950
26031639463150247179589175999057564376108061467376481514238728292091003086780
12537618051523450836327622416086094578662458884662934207654857423978927462663
39263560842452072445844616808361691387615299757375781554139039596459172516063
4334580888606134817598376455843360069683665178550214542471513210565706920596
31599690174031480084430145872433636309453642733395230207916956570140621483874
112882070013717905666326864929435643346689765375899046482207842117319541421531
14680330628478496696894697010669601726071260802746863029854931483997020105485
38206807713340738018487738159380616906246757596119001109240331251211211402465
30850547984997541756914813801854341166184388160139108387440135411499809732792
852081170340750205344631356244022957942792825000190580657997648308111088842
4751674249465579590774458115781498494605316069592426247590928906513362369035
35091940531949892933317107891459438913298394153187406446956139245910794866760
68683168776935814378533403337405823189507314670604316752264265223994997959479
68197313890262135005066362689302964931970220006896649543690873403823960169355
48577877232680497733234020079365660443701517206759465955991716000461647522098
86219283949009724715086053170539258745995198035102967251268257712713205552041
76316831078761119347024408266728236877605732266381505632300310804356426660097
270270795084174271830763296624857725805428266085429693037006001714706157049
61731489716650169746679163569229504411385498643893226639474827177247620865612
114793686124769116340977215340229884295442461968049007606604406082880107256287
53474855709733904803592771934485655410590380001525167939562637991026473233374
12854914715665373194613145141181655535719728910707745600352948315196472814653
48119195391161228388976172268418563488538253001117168700554843350180275427989
106415027777099320815187737900644023816671834732923543868837476484673554458517
72526771810317314589270556698994971504198680235285788483361390689515022598343
61036852210323530943461211759069465308045215126510193580795050124729020487168
35143312362329129872986763587775990671528062072914142655371958953910049489522
32426651960628391384408374525048890475050586734229901683398199918378436094466
28184852091486189301269836103267726286616630384686155961008706560909156293184
37644936725344667653058739100233093595900174291873871539043196325999540467983
35832116357446373415777632470706070797963374338932861837902006522830001300870
92871893952571045446566336326582551706407322570802846589235294386508035666920
59496660622678216931874883075131700087398690268739753667702404602083817254492
56387321918713245559984517723561779012204438076769782880095931851813089090547
5801510604363282434114547043982394666046796188590527813024276528056078341021
32384026153226406236911881932118287605488610822287155231967705115799128231370
5939298510536616234676413227698221646809126006284133739082974171083391791914
15923276942193316964378280432737849608997766782926119152006866632619038986506
19934836612356456159435280909948716224386103504089122148412440678286056523365
78496421737736168228228019631861725023194310787829477371057966543800587778465
38013330806863783731829552402013338429955331959538980991922609819791292232746
9207536901351055717378026050401469752163112155031148204968050844642564279928
