87947757016505992025907959192108355833696865388907229177356159254220209059064
34164873873710466583693045731336549073099941153925898481518533712360804109163
106968428494265613822257294211756550678633727404301756173567824086858480481258
51021579684632457504502462411470907052601465182372457351580708922642735687082
103695141892228809362765927102160583440993154872910937460446265910237279085820
989633431757488439967866367602256874784560839843561247002085333203782028065
112261566912818782483834073179951117334539163414970403444799084327950789753708
31542395738043646332872576391231563008710344000924132738474948705528067121291
87445839851557831581860922799128557200379749033021557491313079510155121804641
27826340672629980728587377267829066559647262193621699846283582902138051650181
72222816303132077316000778885394345655993082351155465993689687558025691548207
52829091851785684339278011927348779801037074822286297282982621768079301876252
24020844776451687230706335777993900941663727172201702902242302439884874882095
24645803494612000438994761702583571379129901883957521607958617677538681706277
40820411247729579482186955111192718129863436942953108526137939206792598620948
82610150260088033647216820488000201102381070261798285698442850610815878241791
12101884588987640754597869765215321188902724609656381030972546438411011032883
42773630745617849343568277940738886641300661106973047698025853214997035586003
84003318400844649467153046187971232747600383981024059506256950882084616401189
96292777744691533576078726480328393100166849849604188283434672941922013998623
99177726008878746246532665826288488025200407614847348555328667950807920592079
12248865257105574415388570374299877176738965665989106551982491512480336177496
83138568621855264023822041331592159805467944232332434994662382866887731942240
52798999243660050835624073273506855083099004274817912823193791605333435878493
8071961982286860170116989670304875913228554837522442958912266975429901224009
91287468511270419214199303014444200536833900931441060710195960364886443215103
64303546981705079709603856375953746483842532799827655613721752009837400218012
1857275682931114250968646857853505610167390697961616332217782918676464964338
95170568276149483896275986318423345339016313827953939484749813239934790845011
113866179894680184032089567219238031065325458249626214161530815696303637892537
68562597410168451842158393735416629100237699841791261866247690157751033256130
57744425357888115619451682304938421260035846334978133495643306884098178826373
43805265264460052092261510529287087651087536815248116891774319844317384645683
39570849860453722673326716097964172304868996479440617656997179713253133415637
41594348716685784468692028612207245886846101474636438916254724443712476878628
47068402237935909117413547558606154251298056609867289654583944121316015916310
39987777733512114297816859076542646241490494625129516748263215800648166177163
23967655868045338405871696238277023794603350695808580059185095094331005463842
102823638726568010962414723411961069053769483954783797740070847882988736685608
81475977126899013649231971578214619332866630420435678624454612340536573595870
114013865046055580451497177666463057495040108208524102239364567968900729203323
99328991415863828440261026489370873876995742387869103375413090905705544099671
77428380243463737275096573734403315759960907124433181049461128317367455906736
91288616866344138360865660736810874835402734830110644321385193716548983573697
89206556788707197219438331590608039684678769669348020405213325509303736011664
22444681361052053568534522845704290862622266445002645566461919601391312000677
41741960363947443539485134014669168360465795562056460450110526580127800659656
4860301846431822908537560160247553385097204707391665535832235055237998837702
99497632372064564094634355491174776099612290463658914958292298788969282909337
17117179811376604725726789556655984159986434851912337732870159824446367532110
5945250687616467386177384812140618795650321664425221081560475014262991916368
72849437720050929647503779796841360425333631565198142865866998366745176843361
88690356741194413045484190198938014969639978223724513019619156300082363466299
22011175187428201095384994045295837587655190069299579631552537586645141514750
58474391603379092389050440856553759751823210520493557798828046604897850642383
83850265438035814541757088095251466585287359291176352548273825183350499924107
21398905957763370112257451800410640279121112683695606411533107852457637158549
32480179531612372684976195724483016192462752692540571386490784457392667887756
37530431488930806446958898926518100138064612211925972433157816410486339821960
31625907836706811991230948068731978839096015449549679226933566436686288359770
26716271961658702898712229552640620859368458991145628484320777909648825256541
70063676050444479296764939839324459455341090049541774292231477418724601419234
107974236127773872795966635692676988871212755951143123419943389368433485353867
29806961753388926585169339030130877038701704530112775030599451585935041512161
26161831040578059210578848245615361772141586402647499669082597593258226126652
82617355318993938483429162167336077287180641262920842351365421313471464738697
45800425617236975534943820550587037042029058080110232259943924487859937045654
4043057905495001874976130778785517726513458438398016626441975715664299920906
71447444218653784655258924606016424885735712905683307912973186040101645978772
38449769794345000544333224187865672107551502621880538804525469628157094498153
74647784585373684842944833144924882947510034857560898974566280111729043249883
107457026085735016225669979145335247948635792839460351688009738625098210225689
29796535309455922567412505675866392709245836056473550427008574763745633784438
44968335480157921986272694158602860622422586044475816420575342269043883515135
75005802811396867747987615128841874279273379835590970782572583427924689266839
49753622526554352098895580984183367488838938761184617969571857417228876874466
6703398909573694251620141523334251759556548148154770851687316885253878653324
72461363865595837229651052570322958305537615486100376044069738229786683062184
2428228363783464867650655096731900536904432844973776376923901589147394318885
11571577570509629610841008486823352393911756748183108301841368377042175536252
22090479686501764317518526851326882008461121985382496661449526028795333043758
82439745672978569513485815770600282276893596606059255370036574204413401995074
51239387237195932713134859585950777113306890069655140855906684229100730412226
75651575867585165449543221171677203027772032650239780093072031441052658130818
87443991589143106609630534072501379171127506710182149241616020410943275969485
104234661647266338367089283599320153165518028238838698790736643740172968268748
68298633150354622556355863795451136473448617077485043687459278382693321206690
42321417553353148344072123059566183080709458145040753897103994172445315565644
29531988221407949822082301247419955235466797385543787561764469511881439736469
110246587733241728197389738879171948348850294332571137701293747559137291874005
16955312456232894601121605888149216182719572876859613165455287630816563462829
38833192518263673495654480306376047357145352585809573119931441310865414860285
15960484692161619389443743178562229552326765245579156096966471350450431538854
60084630052498244970084763207344224981724632416456289817341143067158997427602
18756457311854784300970278479538077690742778506493038274245789359457386983083
83488093652725894472493828386639306167841483649179882872553270435076719785536
103820110188407643656772326796255334982925100682544207574475445438321139722150
90415368548353191352137013085209250340605354116878721259496186018091859829476
21025695833938808398153119953320562662163594997204967927345484627859353647047
94502907809682313125209364860553515517321563667559499270630329498613308900738
81094566282310756277743948079208953556594718410619395360596080759835889038398
43172616698029435989872474046747538616954974195145306114343937358362961256745
89245444453649324339926550314676675808077985300962513177265113389667655657937
79541004166453875199901841138780096753369137498302183694762908990966112904525
44713372035865693927148923420110470949517625456849319843910064844860478257143
56788112789563124648704322433318710543832584296931551813227476145449773829008
99932563316970364651402996860287166068926493079919503611324008595791144575976
25719824539553765071145793083093254998306883555116704325136930965023792278228
48159226982479673221055770994121490247835411728115440898023984103238680420643
6377353499592278745945382465104682990153783005932059105835053053929682236489
80119045808633674840151041458506932671364278395385013860139015945340449924708
9308913059260384496272383674893501985982218016084298040818608624634381571734
26316389984534409790124048401466142720575204307671863667217454706710106376044
99922991459297755408801985710531352850031132061834188861827571793246059877014
89393358794697402372795692341460914874969779762980560130458132996153995721321
6761811364195754605123658546381694048001073480129609832614706105680177835572
82715943546711638090963161836573355724157017986426546245799641999662183398344
10811843151967874097299471819193245476463714939988592689214822430325026071263
85884520588804840743559580225334217210063153052378127731138280901505155759448
14711197891057328911822225398506159232305201225569113335089486541621746835264
59177638329859216254313001149325001786778931901010849382254650412127097345064
7772557785080794175212743317088526171785149537892486494951815886011174101835
38327661462627786598945286508254728495294153046098472143929412655810570621607
80300797312531725861785060039547770318289661592812923514868728649095187939464
58470928709797664302591918520579734418170309145831018757927749075098965334398
21177128920865803929980523265025071481638977379601710733375552122112916720468
26571247324630302161914280797548170577167486152519909711349949337707146358268
43148766314250989799535017573718337394800171475699894714630132226012805357679
10731535590569303914775263730898482798294203350554628071198468272654285388900
42279736015646518045707692370724009447561381544374209323353857848372794004218
35755322955429818407419569075509291820081321277765882126596445181860430575442
109544829974175694813111555183992581935340547490641526515974588559795188759586
60034801946855363608485877876316541610418740512810095756545413331954818945249
59104043050659333868737043446400668449686356433507161785466841750302350967747
64077635143641822866293103858575700643430342153947755139061411026912363339654
34215874065547276908190874037186889801099675209190787880452653697594075248297
23670647346667652875595108801803704071629984888392966977748476028217884015855
38079372100892239629388833195649105752646941661052536809165001264062395406301
15345918974755718148272451654870150194414567255956364408810882416522577410895
30689961459890717896288156905214090893572147741873328767225506594570021116986
93477822798548880415211877840834354791212085312741648662961293601643522998928
13887358627014313372619356366346796794745771381932291526981244366927634848521
78602791675180838541213026627469722525092074417830506443718045956041157406272
69823896406134092428400199993696596897895956897116961028095845748929802331596
110758140759579866903125861434792992879448038385973315211273952985292225086771
82095509316445383450362483044375615743165516889629098910136596076029659370163
61612731627202622630361264161515577813743428749095311831549954364841911650496
110006672316296929187444500284912711130072790286288651802218389899196463419028
34949375032399959975185857336948489667125405107066006499652416261895365686385
71747613459513515834384213068320840023287650208627835178589350050986246602006
36235779061682608836693988707383953824843487018730839681456930398449203915729
2794260171822213134398890492700440635420811343779347274871163904873513579300
30782303487334462220108612159881026076193202605150603206232160415099899518874
24333290444121500272718546389269328439292899872244235169873194491624977326342
76757037444110921020860008328199147269647808165389017844597102445273151718627
2687041022972197657121528873207117249297533535858271842017453266803180746410
40616679044485115845712201531906475941188698091167946224047012493534828331140
73778552043128213947088189333967735639124790409655175398986005801993300718969
68085027908894965818670725276207981191870761338016226629443019508649655487803
24908820253206543427984250874133911118705216449285620371991166093523937042835
68430616963163043398124091827384498789170522622841582258116598693679763234340
78471907318332149895070877480663458774834453043283114338203887989636840638297
99972680646548767718669069630412807847691325913785419164116768176909314563926
69047491076394546130823254545925750530948743459629792030382614753266728513686
1322301310162642332882133171931921667823859790097117855246582621899079950226
93333054145047966537142678073844898949780646165637059393120846099539134241820
112207101191367439115322576610161570895001484728536594825073588085002007545283
18520322907608576225366067175281614154845290310511105891899725199935941500230
109476089390183441751095524359619409073159356981125108574210029047866886385389
48195383685707795721809239627413726824575479075301274155132535740069550881667
57306879316865739912941791951094316389752991062514697850214164666256108831170
43144739663376796237156433985444063749900308174948484772421255409063248009016
34097433257992025331934826710093742190654240703433940547929641405490964942691
50863483059433886137851714471537783059218099969427567748790558632531661875888
108368425145284883024023578645366964404543306315661508980540375782256136234455
799861926217360142646489266838214370070507211689485093576510707429045306026
25169367774971182998562554045378440022873973413946060230920637096800528631607
71598327345971035314667649529891882179518637237181919695443288526424310729804
69535766525957759234450945737170805166324308668872507080866948995247412037651
96251633269370186025250186415561646990215358824074628173196766230784621498279
43393411823380484860798499132426930311972231509887404658986339723712296759385
94572309059094957923588763171708170205503771626741959601821469201351835187857
115368671846149339940061013600315364157609404188638876625484583550507594209681
73655423103234022001070765827881498323479055791013584359780948244470210268218
69873731563737989592641110990310247067992392425486822862540448800479195337780
56320773125643870687093177122205989135141768532690100369935865713931950835902
40318808801332068966830451882153003504876575122998397784459994699787035487036
74479100605636565657760745866672566517028830089381345042342262333824985973369
57580283678752092735766115906986664450486445874822934808121061880058666123207
77793108509321156651452793593389544182008550146628487796583572610095996720264
41233181149643869418699356895059283273283689699941174344876799055698472317195
85487308248256563516874465659032548287081511508832566730596487917832202324650
44350637509927055932101777401334036014510830171391676890221009167849098471747
52211054945387726681587707437324459523237574390387774597218834344778901144139
71264672818968740703741830336269846670614567256538918797603857987226853056209
8444771865170036703990831249236426054365971565669466789529746950757431859015
45288180332840570032384199334195782790515702875628930541037672107365794775832
58937834037572081936420329020023266574907999271061862764501002173256425357341
113751209879935351539524844244394399233384932733804889114343479166179609349976
94282745500537097262244357105677694629512135615346361249063711664056070502625
43659276741068252143948810318005207616876416686765606659323828898554177024205
108457977428254783803093329435201172654455795793895856902067249317251089269015
39402166264030635172218068124995292486891460531307236057774012517766904448108
76661501185511229871047633876681942893158728082348668897333399131127284066149
42452075750407897145063401161228737262929907005157115061383960277545348077173
34703836539979790768360961440348033590894326639096814927593738065530715457009
39032131186251695909149607846678945527712071223837501726038316622775869294934
59322628827002237127197540676941008504065925558890062439499210700627851336280
42560395734666654374743370970590343941680535047197487025846403418457946698049
111995632444401459703741717867033293607046140071051463330674752964336446014969
40786922806339169545550557878995198252630080136531475942534180074432363911944
8703569990104508833930257515854039641248241725320516138550577966369073254085
25935991934099985525117779151154649220192933217079516041666229527936555756170
79321689119424236911481625832728530770232984522132551858223898269242160532288
6715812610057141251029816616531867825960456140424397219768822114967895584082
84171044646693513073193284546182913324043807937588776624136183780877107446657
13590612712181859549609441121318262256758433757836153857769429120772645257336
50647043145870692216173482715805689145698325169391034991182228584894634554994
92579703972541581807221018227073128082197378395523411794734165362729521324574
95816535939930286965638406498280289689778669962340089021340280221056982345393
41068283428752857103843266841275237782105162094412229678349636507407868387081
68543625159568772264572042393874236768134147575833774892896848178066559451372
79197864929577779675123234567974918973315884803600459304755442169519046966336
43691682788006466679287509037645578060384923252469120627941510277653993164205
45497231454194505045947956220610657647825004844997566879998380182153873644456
55964471019458550467348634050953423334670095519944273745906530123412299325523
42470915271663997086831136557687804380788497485553719313167656531539319613423
77992110748191903449895829049652880087989277026599983697108125199454529580331
65813808540218113116151561775995538843822719759634008477269177081898448496217
31029305378210972853195309515141320721105608773425925336731697965983472508745
95249544684773342598282317284255373875621088803988223180005012037975077199699
97647959910620380788972659853115730264483090225408272854843279886369020536087
61234288964032947031695762886969116640214481923429841208571455275319584118950
3500071066712202109646815220851581253479304889273395617968651926719760383565
71421273427983841789148051420096560351659950752398620264576777131025984735999
107736027142290174330390337232958809024708331532593006649305599392241458723838
37770637565282658314538651988816447646598570540234998000536845023738204524814
65062254529318047013860721707040747687619400160313148422563343987307420151379
71104853047672418389168945910677640865756584039983135544245594577952538528929
58134316789589149368295456963364349978720523978738229677510652453600765393642
105882931127635724764232491377713448377016065768780925545231132414317648116838
74648229971124808412271488488862698153510650641661229400265379862003927167469
97939802874159019443680018211387397843990391739815830429870282554107809495892
96108622829203006832298425106165895971289837955688030767735650323806200560284
1845948754291684655447719190691150801839055974810071084165965528668028422002
10940864121966731718788581395696832197195288656818566111824756650077291363298
69256928545998726161073652128289129374643653449603907834635645308837374380727
76884260729713139660446405683421256183094213045228226066435310426050950233359
29440338723532929872901840756195721336994541041401833019436491518768653418955
12903961071375779119077108106510648950624020028408401980070163428493127881924
49882727091826973554257068269557795652786810199544063528695771306299916127724
100914858446041441826307551226387283046555903172844659673669682194595187908922
27792293452700637368781976259510017608042142917640823764205919143051037148376
82638284441013797310284894643931573265075564189758064383701074616225344108420
83825687425146334329574207276122748068612286798699412492611877068833137742714
33364536046070261619781388463673553318084108793242324036170580607995108646606
29982870305687199185274134493513943184585967795774398037112301384893063803046
4600218945184938804534782545357489080557614389853028669303975428949453773702
97041541979345035336757263322902105853174145483367861808435838783789964622291
12589386902978654865244038173124164894701919442867139936353485550976406611613
56910565378912359998388547699383355244518943365552472789925532719820748971386
111593081064708815911831175606716129529452692845559649409093294732078299777232
44424677467983544329117331570184763792066185509251528552034754044674223914748
9031610353041005784533298301806832578570305054692235943525456523941928711663
96873516567761726368040854160382092528042672492744976044212503561511715056083
60880803188477657553971460827690383148528273305896487128986636684550208592916
89725973450658415154900846327501004798171647034940288409780301008575171412646
67703255633609096516167103176183918804359207428021308203525432410605021193275
112858690963451439372364456524401419516652657189206588766308995748761603971936
60046402761206663538273195625520840562127491239278756077106478050850046061942
53777489683782083928808682200161652331389723025600819294856652852907798155959
58532935885163189785202889460957336205341531115158610525685358746937952621835
28651593760331617699719586915164942705007952894075574413833482361660328514787
10615228434558783119171810299671693858785871881380063274028030531318155998856
60423918095609905747863987948700982939366364235474170563719493609424839847383
26965789923779706497051701656097834236834913052222160951980651247951206498761
68156171289607535354507563814904513239705874303231014501190836171504001978923
10222336855367984342905141362642426858458273693691109442100165058308841842009
1129165674485778462598124776948636717416060267427177913275964697238483865616
106534800224396979990084590985852161631073505053253790596652250180124957080988
100568961288293955273388263517116269779851311711535715093902730052472089145684
8559513482483159718983608205193896747142737080014149883815483298839253793188
48389521093832523620356894397890114774367878145568534998165046544330223542498
38029013768305938699760177250083924363819428250556381837480232606163833520359
25109203995914963803321679211542888650215469291292105696554511212202601079573
49705912989483608227260659720085429598229662315336584183400661307246036750997
37705371139665226459657366872349477759296813351006019262895550137195772770965
20170475978416299717316151134009062145423327167689278108085228952645186530642
58568345931269794542408920638110459657641960798099570462316526968574784378902
35171844402762314588394191482759485748364678047406201452757294465905546177003
100725089381775842531216707774660644206830881662511284944027777915254933337913
71747082022524123429901423466947855527476228137427349592075677147546268915277
69272702705119296647489336120511279651961508177215168938824448865923263288085
11940655190910821711477016001252795428933110955715033812016061427065283508265
31661631466013672575088407381319210232686538545845601578087034004799775925281
100852299646432402743359418272326013586484026013022936246035694287631182069041
67101145955462725261982809659362980712639513225634925914686743747651879091821
5567337505987048388299196742447638379057775444488087434054404529793262226809
91971146787779518163966126725722766777829214104293017555495284017930684602352
49362246394045593298935661587367310044063352024899489794092183389637885384750
63883612272079209461284664164378089396601451137898971730129834319997457969659
22455481992824956880173029999504479778446953299639817138148487001035371708851
71140761143669923948806544324646913090122256573216420676715367930742767992325
39384225462238787800143731693107378530239769300198583069927473015383635190806
5036740621741549965702043966775851795634417831285678248337534712552437872085
75422653534657271961003939298607337880331679851702474400353397325199812165070
33168177402224926427736062856046170906130507195082465415608040516566374542752
85876489915267494345659317453517956809683474725723537030510038040627845508581
97825024069239939220677338827601775802545944374917625649085846808907344447007
92508049432256049627769123775923179364267144535383511930305694536530650935472
95965675537104978104759972279349105928328222140387596301730885842664505972081
71085121650139464359753173493687242513184408117213794011475505612470773982467
76266251040300792155432345554321951947910055401435957928347252058282421484223
12344593148068949699322443974854314769324096265900867521533967268756222997060
47082615268059178732037330321092996407810929679924986967515046119643425448038
77945969151527589182005900926808386907487970839463952938711634927729199437367
49208348939681736943340043021635226299651326929929429232055028567199734476589
72502607695613059313549533056687928577895379589458138221995431628622573864865
105666156116330458785551521363345036105747264484417059949505625393987496825944
71347573421768244061899572387955259570534545755671069878048798781170740721255
38593453648684209205000386903545605777093281175735516654615777713362420162805
21302763626010100669849789244167783078418660649118670449010019862121835423916
59327923040178158794910182572009211327492861042406614790702999505781680734572
20117661029416610821690179945338006848815747505028248860976361701233237247807
97795162946474795726458653065623784753876711055938847956284098797373590615323
37686953265150438633851444748553717961483661043121882023030027839711040007330
78548151006791856345662286921420467019532110154461431212399818944967357319076
22930042036500959454282044641563559226335268705549029144686034765900428622249
110102357952938081446633067312314911646456221423558103226063648391045058090593
84845390631575421250046144988021825554935472718184311582740867158138330257215
15054096198389149129220450662506589409139250260155870817553884758312739580658
77661970064280270213318700435582549878530017499861846906430197694179475568992
50195960743367868370002699808849854079344795210356646712464658325452021382872
72865403660300001487412045807767270563218511037507968844853101546237842489256
56119391743735652384681753586171513167404876916892425103875007171083108789418
102618159073463674771289829932336829602203383216933186474812062337377946778425
101411911618009473674943684535325782799829604027723242968808357768387516107680
8766931701800253823574808168523543656851934038342401979964818320385026428624
99849927314161184275683420560359897795748157171461228055804422920786194726857
38934107761510369570638975113972358147880827654368450454068957832246983493757
28094937516715598945277708207154749833397347951041617604933406573124655358408
110638144392442936317213071019891872425750294164339190151571615858148983430334
76527942467686629168748919026444460083968190302099090836166767181709151905369
91425248759740039663668874517560864589760907808917962296599507498476082692793
48399212873830802347407568225775345999573999632896745874510994762254468451538
3025674877670882671378202099135740244798503287008438636582850492609318675618
77771649490165166859457055299575806181266738659871429216694150774565041864692
100953844177212288749549059611743963259164335828522944441586161953523052256403
115116965305262558779750170087934695313017157423300841775302484947680149266704
65860094777056439206252666280592683250556044308568423162374539257273862465958
80715628084968789052524551252100923571575365746575322140338967405337926362519
80202129483762895071591327035329559619623363411274130062511350356770280083773
59748509008200818365537831709464770130268889342570506238192813902093142085836
8389636783337843701074741773645247057311361904579957357228699501538705192969
68003021583237960856113821787877710996655235560452633726736252644256160285392
1820935041474343901498710019955316010624677790081589346363926066012620780757
39224945006006919123402192541249482788379056173577139202896637404599670898685
58961879405550702205253217500600861704729909435187876150237236114235167841079
47200320951220593706857668628824423545385013564818970758720409226254382363011
91431679183727861371941786185752093603852116355637324008841711861167331369515
27454970317819165571568213307554164097031723931693063527006676692889651723366
102242058860863234330017292342854707862780338667469430317921729969183687736774
14028777447642346155345264480397045596904633904396840649028676015379398474650
76451126065279988882636365804695746732388804237176801280943797896703015585751
67996817646604842771357146995773791484610429782339204323984835049541044963398
55409477426087315946232663331385659318687813156460772197207663546771603745841
68329509864559558763288857979982588208940431762155336754495906257217312626612
109967451994404601920441539135360083344880281766035497201387046781948529387450
78695411669315377892535732862008703905381896556679158951728969289330677497860
41186112012271756474277329714406894547289008281945137012381044060827404227279
71196692108159347660813084330744332722714626646589259298868069323972764350287
70973513763503037655186282546679789639078655849333661397058938713931647827622
34671389346564724765208089939946752085566059326728764727438176279354423320101
50392836088331215874909767886059165978977459231664403353094937458268848085607
108296101822520580184705386089709755949076503388620138695785127705433690752864
83776380589743156630495383978413413303636740377058801002384217954703351459705
7842495807380457531913221211244354010805159160674270462507414779801999495263
49370433395219160686828113874310200893049285734165419424219231764760990408777
114613720429205051338907912345762193758180044372577164598678269188467795195501
47041386442289894942661398802766825628418058727564889873291373111820071598400
60829054517069925284720316397833025745335707773763676912030900381020221386764
16371040280420874653071343755354038144052116211622960366732417639920559113080
34203036474900390241664279960458886080046417314140513897258001916509070867298
55860421833816489426939697343074402741591325253148417516091565453305862421865
16715997947147585871337435541576384229333375226491143767637349989105711604345
6691635798841547630800316949974113989916183770975388824469182843471583275364
98552439579060092722007131147877358983009283270333009955884767168161670425634
37398408911046161464705152295901827694563719091047271582247453810549197048697
18957293265226153462225109532479562032615030992372536750962526640039845844252
53449663149911336825970789278820820123892943987643083598095571943539331482332
31784330023853477753009696864545066912850040762518567165614844915860216463863
41709862810721965682469845369787476622111609665620150893329251211554672637910
87015034382215353915298313912270924795532484452734034349921037580163221113526
108311566464480247629923729463759326081330814018843616092440548450126118469492
113304710158556337565668145759955897109169850227742557496399217192983745134392
5450898321378181243161232013519802188891667498959416533086488588694045284423
110683687933689534654919452416194401108604271701796026257804326046434845147475
99045319978376955473184164427095450691647426642895853984221937378857242425794
90831060735670379684765303595229065801436148437412819835241451972210903385882
26369685585533349190997259225424197570388613802122472322238727868788428762769
87883023201550349538336632657552970313250251665044391170712292232850088474681
112739973864829357614002681304161350069334815036217974102664464611330022224791
