104862522309175542189532332967311279307399466620244600674657837676846562914405
13844089748372067243170071021607376042543417572337545961763108585131483673321
85492637746627367903884145564653729705430102584013892209146738951825036341348
108117442279838902070744464093684896475490536349106091954240018599351472292636
37041396651890042393456910938013218673100662069580702180985746655514219285054
5267569258188029955968710615618819811042263211311812238223208200755418494228
68293792330094614721265733922914767354105861829008816533975250457028000296251
24981013924581709502247466257528739300162391588013551929661388670670223269261
91048884021463728884678190106082275352288747393431906390152571549707216289657
47333733621395366958148138198326907426634235733239859979664719144859761088822
95265313888885352799339773349942990850700732629701428218384056192813302946366
24723600057528350600020912222956873338385261621078559731121210499738063291278
63569508044211120898250325757777051984553121131879621855175485469352441092628
59413518920876624465226489561815454266216825488612057286944990819263417089181
36103347253188972933838479540045458505952915980319841223128445047616664480608
1087859728084755887191561520474430316826391496298791307330004436758359987764
109241909573319837985314445519492531609141632728248393322885655978935089685343
84622714161242687035247396636089569855859066544208795912726727960131348175206
29593342267025893431899901607063237862683935607055664676245920664100956761683
11889773930152682114147203900734072877968935823216195289220751596102529493210
15655796876208979570254702557644364176235516029260850770076747930502467527469
84900542488222315992049742961042110064854651620580258281457654161922690487182
