380376004880779614496048693812896415482862901510391218131725407461701200436
22035978079177994682486356719114952789569345782998883861167240446445030954980
99513751332846475938268249955617944776951180337731682168852194520295639882685
63839729635692309674189120465442048268861755724463912406807640587135388832084
56048964045455831684897106742351996484335373904581914374033117215569665683877
30433017693916516841860020891988417453511323375273034393800672738147912504468
19468295344936632846552785338066917320332538520279891700497015440127771147438
36113567494663471060999372017150137133013235925664149212194608817592569275532
69078613669514153748038563007854550875888442571097182860631072694713636520562
91464852753001298075025975002668540299673168940138983006328269226654848390574
66024228298653762452062001602753154147880366334807385573242432544376837094401
36487481341888871523281927686589110658631641416514576230657527118520797100779
56868193333896271425540142078060646424883209225544579737506824679959436079496
5623114716214885819091116538747622777673216153505840587084100978390361022851
105253400794079951622898070726836184946690682852560412811067276576267007733381
91479381044610951020304847961477345926421331489810654854313760660457980736733
12925185153920423139752058395289148734282531112940820603108680560578915284272
1941468054221651556786206811111552048163395509022553113965234260410946854247
24360826078404523776288907314527761447564025170796515152753052203807390537905
17713003503875266912128143496160037369718834837033208712205292312791993127456
43600905701039779022091963290499115342757625154636605991532676883340587495904
27323396102615604401976132852601544721208828392573474321572515810149608548358
