65397047962005126777704726490288556995171962024489169889320105637660459632061
25257942847201910254161586359481393770164868533735735933172498821834987893992
65689789614671833267410437171814268737246958376665426616549961165370378083317
32088333301508683388514241790557198097389686385077103871943824070783831134737
112420593034887251908478031062601460241079942950597775150723482605596992774630
92548301576113126554329529433921063083009447472687975686994138123263244201755
23324267926525233509607988237083065217537158876276171131153506946391647643165
82342553656424547635281412308913697818285124486170368510687113076791224255634
675987121731191459617265660193593827896258604157210086308546047347223261100
80534446240633836111811482805292438157631875491864969341716672466839873734460
66606375332210822783049026462470574280726531814160774924177850468659744149422
101567495863530710818918267057366266824085426338360676972014607728838367614560
69780227642277473936911168287518238495509790339821405923049012363933307507860
28690819374318418019196807164735488491631753660082015395908700109281101562492
9669364709216088495131476632000713296791117600972268808643902513253939988065
51602582988128603781821812738736734108567416604804060004089150441340286336213
88211522476598722375254628935304733133134936649805123684805815102065790172636
87542038527236613438309455545048582684358665790797185314688976173321053085185
3853140986329236580051820691298611699244835053495668658433883557975743677126
82278930599738573041948287149027035559280696062438408515041749597075712873010
33059629876928487076545979060689940530929298562016028905612847244213636490073
90939760727388406585392104989280880471568844832988423799233972812407530275730
