109273214903540959035438379530461816855976676566979486416100544372142928098349
105405069369621868265093884466376231605745701525421605160088202624382653451654
69427869635872312794866038751282468045172444165114427489888696152807885703299
103033986461465811082938074631441743900532976384469908961306686372266285353173
111976240536307512220925100093397608437210993425606002357967575030112486427343
84724144653872954119073019532243132538618024116016795801583654714691965798816
34222493100007459042793367114762902891371493358365546449718320799257175143181
78783713939631166112617698590756392738080374777067153208776095391440698493561
11443399398586798411139868891100007096583805799201254706614460378603045396905
70023124587321282236434004602930771337777797988516057284697243368388955738532
41671670512781042697010941224456041026726893818248718894080780124581391560027
38857710558964329895299141951635652742645739974700275679719728967634194286837
94440164273478711318338512205144315233631166153855506833814409342060055753370
47531614063316124103937127768759246516832283505016984844415285870469075687264
58558547815828008789895279821417291325239845663409568342758487754764388676198
60811025341428586574348700143849149190375699006391536856274640689555665338506
92221877034641310149140118202345226762147896065751285386167607046755044622558
40645084070205741857056386195501042810655066087859419599443390732516098449963
42447287803434259959720084363449545250794171283873458266819045120165836161450
22143060722270099869984539023902141435086982313760354210229116628121194303920
69501161151702679661155173091404344932802935841044563464110416243761325475683
91559367036060796254519701237501987783457381651949585325929540321511331193276
