35431506725831244996685272720408606157935428881486408179588026675737895676655
115061452448086015170154578174175514412015727777110029291272385725015883086982
107335318730794145421341938141704197799553822046928405434666584206328929715664
14178416799610630906135975603460865549850272875739137129176593461693837256728
90242069941230361625365355305532090988819537413272564944195299475498083349035
14054150839678805802139703862283751699619268618709783792715830126833518082944
25489499244373692432653006751846507563365932725116650424025430011721121930109
97873808761142057466066699124518628340116485224214564877669387160860013884049
80669652831823005738129306538401687232744393231290205640582124217976663746404
46702467103286153674622623450277421167537849492810058709865484121907980611220
37205836504121626899952840932726776119521030165721805865864372004640126074263
76006247435879645331460418346269416610135782426214792694312789821319100582498
29554634131884574706503930932319837074828181854685857720747432715838714956781
50179300242978146207468108072799785760852109531730313405846522108670356917874
21165716872584033456696935991707116000620364570423466227932670522310115524199
95536218269665676029547054045593557707856792379917433167117827781372052627137
23889508816538323152262625871970169624980324496493796001671105269619014567727
29139582829223082605892628781290893959167015549404658834402512966636553687888
72798312790418874118569420589217716260822326248888580583863905193163865419541
102756064293448254362141355449072995405754799210021371707306030369869195967693
88269068226223358803041977439131134669415598673894792735153308224761220659656
92951469235868733055027411768942005678481841675763185659619633799699227941822
534682597819860331716963813850110203008168794286412319843128080302181074074
60781625153367607925732588594944317623413330691967199170042205482678205644359
51216534454151064621421327531965724424627935653318942036989777107599625624535
68253913831384600252654141475066703765533211708401979694941164858019018392969
15505652214741601483650497529602185395555695447382730988444749290564716253429
66162420424077580581361197537265085809202357688399694117637797946536060386085
6829168906738967717884400929288405383699228595712230024651905357306134610666
79664645893404841185912706423539671674694894028686469304829125169745317653629
112034295683427348234960810058102888158945656533886533134963205104242193930699
4028530099833125481768424912652549297357766743662776261901700379398489093924
59476811626742278640199341931105867036239508073035764558110096783191622178624
50787536518053736771748155947260774515459616705431415475379241075972121787075
35505847461379506300423768671535818663449028006371480679711587431942017748715
29587312501037305534823600776753972484380406104701327724413769392247160604921
40195937772175604384497053258008531810624052884676402798849666095451614213778
45800321780974084068801630667865137751911776631813277763148790749609111772949
72054460219436498178572096310037382024551072128118789723652808550399995955260
3160516136021981599638090354145492187614345210262135896898292480145072096416
16894908985578374806250357191321240457152001815447063856167410919356584123833
32834427816979175939172223549624388847015593112457893018197196583098703218974
36338540109846561198625022592497395789682660430992515912732826935336402314732
71532047116650149250504278467605415722190677399906421390773895894599854544127
98459583752319379045824183002157027909604820632580528775848439956604141287194
30047082124801359238561942697524313460057706906509774375470758360594131668125
99411288356397302568018763151400359401694156228053945542546040201291178604934
37048967567563375027392387908212185763302616648987763321773773255404504635568
87706792069098377127503348890313187533546619353522361745703334207069995308485
105036122787879017092888982220468257049096315165625242990065444729625184555616
3944452878265557655800478794726473769525224522274160667357732525199184580986
55657112321774389464711929638641429338843034262297465069491975036651484240666
77869666121801743781943754925047708194387438697084123228370725262515997985300
84674536911985703711109096961115832955128735443362775769751109207460791799963
68982820375684531594203411447893867623023262797772212571076464235761174835092
88975552863504183762363332222358091093196507988485242283719287469388723092028
26934990609499714869800778091252802034010023579833155888232738357833793911258
22754882309674228417956497346142785470819525395349859092717124015783128659308
26677123975874452967932967189357146610605165641102810204759891859776842966489
13810364374873143146521881212185109200558639027612051481982832335200357195333
14221693037680139105255307725122192128491392764453144200638228937727618295710
79261034245441986508319860967696942656954787321659177693572917793966264835616
39180966666356211841448575411874596642305435636727804786753163348783822359512
11079179308591998620123835566258490882717528751653024223796400852248859430320
99608578445003315442649277601879759461570385313707400218262200707339786180189
49450963655329313431610662602771681830716284617483596042620158540270108442902
53552179136163858078849753870787258170626803233830082984272974886415570746873
14471331089123277816284415079795429977550563080984994414036655909723481209235
20040011625025431001214986013953363074734674373436971171096236831305045695888
104199340750015345193872267452680461159391396092867822118736200023395748508854
53310041248815439738453887347256161388479467453593669453403404134434817125190
85871297478288935624723348660394056663512465439290547229773098244880009344794
92494423340831868958942063627170835285824188509242498216562274078737358961848
34026252778068503083887793053218593985003450185847294874130915150222108116235
47417755433895284098162699505529750362092605945807649732136532383830852806296
109689541731686632832696739318841532437488603739203651902263249211739578340971
68888033887884669715129409236051952073312003464633411663794915263633553175423
79814123357969328933456952020767398446026521543076465714158979871220304758183
60563100029654898289168623660631593956627195418929864758572201692064146319938
26790595823874246354150236434679303643042037863527350857109679291405943092386
108095101080433144713448026976754867921724011291045273723427923159862107367358
23340549369899381715981500437013045756823634551067460081286052499382452384078
14607920896201756693974906525822573123680025598338917951481854194530138655871
69828314927719774240435185386496162239488649159486219043985903410258022614319
32434787883447470449559823715041660684455476644719428618805018580052274053638
48364779149026613164528018718484563265150707950123159144622448238828147563401
19379666035026863596977177155325479487559589978360259341268546594758364389087
66640778130667065306559108801793016625724462046681003546335859312945442442900
81593971660432528959936600881526464481307119365369317850934286373692729079112
75127759714130918049552738297535221357494548371191397330365237446839948654516
100007360058004938159599269853105159262835391255922283686197136305064971477020
71112594595745056647591532184374565434722244141084734612192921415891149552827
19528270111429520757382733818645866612042810398443857769277311458276622935724
89692870815260910050786164533791434298202787094396821355465198988867592438026
3788020135380689071601542235025577574762234336271865613849603008442006869489
72368877277677117747851121874738654517158985763564308396168509965452049595665
17444242552133663438215698799490195380052015491709824568044735990160029063680
23210946947982278589552592816027958312136996288456024973166330962227186087658
2337092169440183219102990224060303626732695005245788578594963467117587497471
66500451897809163148397434160403008114931170738994678916657289963853254775941
30853463269349891398969589620377255548571561443015137625394435140774684254267
72398922253604848187677582853029930686860820809548018269633778809111763398773
29297554865046068953927621349561004717493773802152613307087907353588903121284
13574857493521534062072809105628779635807582828462730221682555938974140830567
49826850726212023754308882758690609079494297431002112940252312835568875076010
79922232872477588649705510018422802983370172947834255917552507709025888507469
21720856013700793066521631119767686306978392293517633005205605138217663077027
13777347414321631063544624266706921499754058754054840762915622140010443861574
34306445330338531718828558382854805828981977384307583602187814098685443166301
62929022631546859187789130198825498568954884227730521283008331357177763305854
105010600945776218924068703599607329571330855583355848579756824604467086988851
89632749960425944958996359039373677374718246451129076874329728586379537713838
90403960381168822810561025167394191250896230610348543568984459547955451609091
63256791446656960882298093862150100410988766643679716573251981964065383008233
91209435042896797635820014915798698068350875997392820870892598136850604537305
84428446943959179979264726080872052504298558877965528208812319553174148992302
50268119591373883835383268727589499085545200943560465981256083016492980457222
67198506696475350456751692788659512284873409740202455469830575779815695020549
54755678496103223587932041062351107617227326050619680732295702314807690014828
10420032438039715099961992851710256174499183930201757429857884390838673263253
37055339840710902478203876491784485598709095299489232607549638608678893323437
69980665944106904957589117852257286352224149634280602823399556468254707170271
